580.537  
447.094  
492.497  
716.334  
1138.99  
862.218  
523.717  
512.422  
484.189  
1167.65  
928.982  
463.065  
493.258  
67.5198  
697.438  
788.968  
178.363  
166.646  
422.363  
277.207  
209.674  
77.3122  
93.5937  
213.012  
35.6611  
22.4482  
317.232  
295.453  
188.404  
203.002  
11.3362  
22.4029  
136.76  
55.0239  
18.017  
9.52071  
18.9283  
16.2882  
14.026  
12.4957  
11.629  
10.8524  
10.2546  
9.71998  
8.95351  
8.49908  
8.06901  
7.67798  
7.31582  
7.00644  
6.60394  
6.33188  
6.11295  
5.88352  
5.66008  
5.4571  
5.30638  
5.08067  
4.93492  
4.76576  
4.65074  
4.51578  
4.40075  
4.29839  
4.18813  
4.10504  
4.00554  
3.92013  
3.85799  
3.79854  
3.73775  
3.68628  
3.63773  
3.58146  
3.55412  
3.51194  
3.49462  
3.46699  
3.4469  
3.43063  
3.42032  
3.41242  
3.42745  
