840.435  
590.706  
388.09  
674.563  
49.7051  
6.61198  
467.091  
54.7628  
1033.7  
766.478  
1250.06  
1133.9  
274.22  
1444.28  
575.866  
159.012  
373.807  
516.535  
167.194  
250.284  
99.2379  
112.396  
254.755  
61.4726  
110.147  
228.196  
92.1887  
740.155  
51.2339  
82.0807  
255.833  
332.11  
98.2263  
15.4443  
4.15441  
2.3354  
2.73112  
0.232657  
0.0158188  
0.00696774  
0.053871  
0.119752  
0.198614  
0.275702  
0.35869  
0.460913  
0.545878  
0.626042  
0.706057  
0.781173  
0.852585  
0.90315  
0.974756  
1.03737  
1.09436  
1.14871  
1.1976  
1.2335  
1.29357  
1.33797  
1.37095  
1.4082  
1.44281  
1.47452  
1.50132  
1.53343  
1.55901  
1.58659  
1.60979  
1.62992  
1.64866  
1.66695  
1.68269  
1.69276  
1.70314  
1.71429  
1.72922  
1.73626  
1.74258  
1.74919  
1.75215  
1.74601  
1.74718  
