325.606  
187.081  
188.367  
669.159  
188.691  
52.4841  
460.808  
1102.06  
1276.08  
1533.58  
1795.87  
1584.2  
886.508  
911.083  
231.487  
6.67495  
270.599  
11.3029  
253.077  
36.4974  
23.7327  
140.093  
305.223  
160.802  
261.156  
147.187  
17.806  
92.5116  
348.774  
1.88903  
1.55943  
0.349312  
35.942  
17.2458  
10.5635  
6.03107  
1.17162  
2.73255  
2.17819  
2.08768  
2.00722  
1.91519  
1.80699  
1.76901  
1.70114  
1.62675  
1.58332  
1.54359  
1.51244  
1.49099  
1.45881  
1.44054  
1.4248  
1.41117  
1.40242  
1.39509  
1.3853  
1.38151  
1.37835  
1.37341  
1.37159  
1.36759  
1.36629  
1.3656  
1.36447  
1.36646  
1.36128  
1.36602  
1.36283  
1.36382  
1.36453  
1.36507  
1.36492  
1.36781  
1.36667  
1.36868  
1.36661  
1.36695  
1.36754  
1.36741  
1.36765  
1.36975  
1.37172  
