244.167  
87.2842  
26.6481  
35.9495  
698.304  
450.089  
127.51  
565.923  
70.5407  
1156.96  
3867.93  
1937.2  
353.805  
1276.21  
306.539  
352.705  
228.849  
114.007  
113.717  
21.3197  
177.919  
8.37823  
561.09  
266.488  
48.2094  
122.214  
33.6162  
82.6971  
25.8656  
73.7852  
47.6822  
44.3865  
5.7126  
14.3843  
7.9452  
1.87398  
0.140708  
2.0377  
1.94301  
1.96457  
2.06168  
2.04458  
2.07815  
1.97855  
1.95939  
1.8912  
1.81132  
1.73114  
1.66208  
1.58486  
1.52083  
1.43651  
1.38559  
1.32646  
1.27253  
1.22035  
1.1671  
1.13415  
1.07549  
1.03712  
0.995794  
0.956373  
0.921749  
0.889856  
0.857516  
0.830584  
0.796416  
0.778793  
0.755421  
0.735807  
0.716896  
0.700478  
0.68449  
0.668278  
0.655287  
0.648384  
0.635433  
0.626747  
0.620755  
0.615127  
0.61192  
0.613139  
0.610717  
