111.565  
36.0058  
16.6568  
7.27722  
35.1606  
74.6928  
341.482  
773.34  
1386.44  
330.454  
280.098  
219.911  
1220.04  
314.239  
2020.37  
1116.23  
216.513  
17.4731  
728.197  
184.164  
1134.1  
42.0385  
263.085  
345.179  
245.471  
799.048  
238.444  
152.256  
129.002  
471.923  
14.7341  
158.349  
23.6693  
43.1846  
95.1524  
9.40048  
1.60082  
0.888061  
0.135456  
0.0330305  
0.00865126  
5.94777e-05  
0.00964191  
0.011531  
0.0590092  
0.0581788  
0.0851315  
0.110346  
0.129951  
0.170386  
0.193044  
0.20005  
0.229838  
0.253786  
0.274863  
0.29684  
0.313115  
0.328583  
0.344425  
0.355417  
0.375377  
0.391421  
0.40326  
0.413521  
0.42467  
0.435093  
0.452219  
0.457125  
0.461794  
0.470138  
0.477868  
0.483886  
0.48844  
0.496598  
0.494912  
0.50989  
0.503361  
0.510107  
0.511727  
0.512428  
0.510309  
0.522684  
0.5187  
