78.2573  
7.85892  
48.5492  
173.999  
146.392  
215.136  
135.467  
317.27  
968.746  
4058.18  
4034.54  
960.017  
210.967  
501.314  
100.971  
154.108  
295.887  
17.4089  
80.9725  
11.6103  
118.115  
103.768  
216.242  
115.491  
196.722  
4.43467  
16.6931  
86.1978  
116.065  
15.6188  
3.30388  
12.4661  
0.228972  
30.8386  
5.5851  
10.7265  
5.50875  
3.71589  
3.80614  
3.1678  
2.6919  
2.38111  
2.08651  
1.89921  
1.64762  
1.50613  
1.35968  
1.22928  
1.11348  
1.01822  
0.91803  
0.830329  
0.761924  
0.690869  
0.626484  
0.56794  
0.515702  
0.466001  
0.419655  
0.378659  
0.34027  
0.305262  
0.272721  
0.243033  
0.215815  
0.19001  
0.166324  
0.145323  
0.125726  
0.107878  
0.0916128  
0.0769904  
0.0637867  
0.0520488  
0.040615  
0.0322399  
0.0245405  
0.0181  
0.0128025  
0.00868521  
0.00573934  
0.00410415  
0.00358899  
