25.3756  
41.7312  
52.5926  
315.533  
315.551  
1111.54  
139.87  
1074.48  
1585.11  
2259.32  
1719.65  
576.235  
1075.39  
1869.52  
153.459  
52.6413  
74.9887  
33.157  
32.1504  
94.3195  
71.3152  
0.306568  
192.301  
32.8952  
79.3138  
10.5386  
78.7573  
81.1607  
288.794  
53.7179  
20.9801  
29.7299  
12.8378  
7.8759  
0.103813  
4.24464  
5.34007  
2.47201  
2.89833  
2.56419  
2.42102  
2.26221  
2.1354  
1.96941  
1.79318  
1.67758  
1.55884  
1.44586  
1.34264  
1.24407  
1.14189  
1.04773  
0.992301  
0.914097  
0.841548  
0.775871  
0.720072  
0.654605  
0.603602  
0.556663  
0.512431  
0.469513  
0.429776  
0.393819  
0.358189  
0.32718  
0.295248  
0.268279  
0.245663  
0.223639  
0.2026  
0.183864  
0.166451  
0.150152  
0.138385  
0.126661  
0.115792  
0.108387  
0.101197  
0.0954263  
0.092239  
0.0894169  
0.0908616  
