215.028  
62.0152  
105.502  
125.27  
103.806  
310.677  
62.1423  
377.647  
978.348  
1663.38  
1598.82  
1470.2  
546.026  
2322.36  
136.062  
365.767  
126.27  
440.043  
273.077  
32.986  
382.987  
179.073  
515.694  
187.438  
112.303  
73.3377  
258.704  
126.721  
291.058  
48.995  
85.7261  
11.1213  
8.46201  
7.96739  
1.67084  
1.17523  
1.57014  
0.587675  
0.0903472  
0.0966573  
0.0621704  
0.0564941  
0.0540976  
0.0483366  
0.0411065  
0.0433968  
0.0419135  
0.0407559  
0.0396961  
0.0395741  
0.0387808  
0.041732  
0.0402645  
0.039281  
0.0390108  
0.0391665  
0.0396536  
0.0391503  
0.0404438  
0.0401178  
0.039512  
0.0401086  
0.0402257  
0.0403008  
0.0407908  
0.041172  
0.0421512  
0.0408117  
0.0413824  
0.0412881  
0.0415612  
0.041781  
0.0420551  
0.0415645  
0.0420747  
0.0423249  
0.0420587  
0.0422655  
0.0423687  
0.0426101  
0.0425657  
0.0419156  
0.0415918  
