247.137  
144.75  
50.9216  
288.071  
105.863  
265.778  
929.896  
238.047  
1543.93  
1381.93  
1133.64  
19.2954  
2530.55  
107.578  
1314.29  
191.372  
33.7496  
103.368  
39.4844  
203.545  
99.5589  
375.373  
32.4831  
181.56  
78.2465  
32.53  
1383.41  
129.278  
30.2808  
94.9609  
147.11  
110.171  
19.1431  
10.0989  
0.923535  
1.18265  
1.61646  
0.862314  
0.623746  
0.324119  
0.330323  
0.308536  
0.265369  
0.268335  
0.237562  
0.221671  
0.216855  
0.210676  
0.205445  
0.212634  
0.198989  
0.188251  
0.19719  
0.195893  
0.196058  
0.195946  
0.199666  
0.194609  
0.199879  
0.198374  
0.196394  
0.198114  
0.199052  
0.199465  
0.201962  
0.20005  
0.202044  
0.204129  
0.20498  
0.205276  
0.205892  
0.206589  
0.207211  
0.205787  
0.209953  
0.210431  
0.208875  
0.209855  
0.210003  
0.210192  
0.212101  
0.207486  
0.211929  
