9.10351  
81.4383  
12.3785  
20.2019  
176.095  
8.43334  
265.323  
879.506  
853.588  
1567.9  
225.906  
529.142  
1330.73  
1069.92  
425.614  
259.105  
544.074  
177.131  
504.987  
16.0353  
157.456  
535.532  
260.063  
805.32  
508.307  
963.027  
329.886  
245.767  
65.7505  
281.221  
294.919  
45.7615  
36.6848  
76.8645  
13.6763  
0.0764302  
1.53098  
2.33818  
1.63498  
1.30945  
1.14131  
1.01669  
0.942406  
0.824981  
0.746299  
0.717572  
0.689823  
0.661633  
0.642218  
0.628981  
0.630756  
0.604834  
0.593281  
0.591227  
0.590167  
0.590016  
0.588918  
0.590394  
0.601341  
0.597091  
0.607102  
0.60718  
0.61092  
0.614428  
0.61661  
0.618826  
0.621727  
0.628079  
0.631329  
0.632803  
0.636309  
0.639048  
0.643634  
0.641294  
0.642367  
0.646041  
0.648243  
0.649481  
0.650751  
0.651562  
0.65191  
0.651657  
0.654751  
