903.618  
655.125  
723.671  
686.852  
582.048  
749.787  
718.789  
945.597  
1143.46  
305.702  
641.892  
595.213  
423.437  
483.541  
402.502  
337.039  
259.423  
328.839  
458.099  
136.894  
148.547  
169.013  
38.9837  
130.893  
235.471  
310.321  
126.696  
161.884  
15.5064  
124.229  
183.086  
3.10564  
2.222  
44.0524  
32.3145  
14.2296  
22.598  
14.5821  
14.5032  
14.0706  
13.3944  
12.8386  
12.2699  
11.634  
11.0831  
10.5964  
10.2304  
9.85501  
9.51345  
9.19287  
8.85531  
8.57495  
8.32147  
8.08176  
7.86384  
7.66807  
7.48779  
7.29774  
7.14904  
6.98331  
6.83765  
6.7152  
6.60168  
6.49671  
6.39852  
6.29549  
6.21401  
6.12951  
6.05882  
5.99329  
5.93501  
5.88246  
5.83697  
5.78464  
5.75103  
5.71038  
5.68152  
5.6607  
5.64156  
5.6278  
5.61812  
5.60177  
5.59945  
