750.347  
818.57  
897.796  
1023.61  
758.273  
702.512  
882.611  
676.964  
849.995  
492.252  
829.123  
637.949  
650.815  
404.22  
326.868  
471.204  
239.741  
174.776  
231.779  
235.526  
176.871  
141.582  
57.2568  
116.502  
136.056  
78.5545  
109.767  
120.486  
59.7884  
39.6367  
57.1993  
13.8267  
22.899  
25.5874  
17.9252  
14.5941  
14.9943  
13.0733  
12.0495  
11.7282  
11.4525  
11.1329  
10.7733  
10.341  
9.96351  
9.61465  
9.3209  
9.0602  
8.82042  
8.57976  
8.35186  
8.13454  
7.9465  
7.77586  
7.62219  
7.48258  
7.35413  
7.22161  
7.10244  
6.98198  
6.8887  
6.79722  
6.71672  
6.64237  
6.57079  
6.50284  
6.43433  
6.3757  
6.32675  
6.28055  
6.23991  
6.20329  
6.16876  
6.13749  
6.10683  
6.08304  
6.06253  
6.04516  
6.03208  
6.02197  
6.01418  
6.00895  
6.00494  
