425.229  
384.471  
546.433  
368.837  
1121.25  
1390.81  
752.604  
1188.17  
651.071  
2105.72  
728.507  
219.981  
68.4188  
1088.14  
324.144  
109.204  
149.963  
176.414  
109.005  
59.0512  
262.525  
35.1867  
155.484  
32.5505  
186.936  
52.5582  
12.8121  
104.99  
130.805  
141.444  
43.0631  
15.4821  
34.5514  
32.4486  
31.1601  
22.2677  
17.1426  
15.8252  
15.3041  
14.5246  
13.9576  
13.3631  
12.6553  
11.9853  
11.3517  
10.734  
10.2197  
9.74808  
9.3068  
8.89291  
8.47021  
8.09176  
7.76253  
7.44714  
7.16261  
6.8958  
6.65195  
6.4119  
6.18284  
5.9692  
5.79656  
5.61738  
5.45732  
5.30924  
5.1666  
5.04396  
4.90606  
4.79616  
4.69866  
4.61022  
4.52691  
4.45251  
4.38173  
4.31677  
4.26288  
4.21768  
4.17582  
4.14046  
4.11286  
4.09051  
4.07668  
4.06772  
4.06641  
