512.178  
577.449  
132.396  
57.5761  
130.104  
450.406  
680.337  
463.129  
39.8998  
1136.37  
537.369  
1077.11  
1442.7  
340.303  
485.717  
729.809  
10.9521  
122.318  
202.703  
177.975  
700.902  
153.014  
285.773  
303.691  
259.209  
521.881  
128.376  
142.807  
429.294  
566.714  
97.4528  
28.2359  
52.0903  
122.55  
130.061  
39.8552  
19.1146  
26.016  
20.8861  
18.4226  
16.7114  
15.1235  
13.7496  
12.5907  
11.6222  
10.7326  
9.93558  
9.26312  
8.63846  
8.10161  
7.70147  
7.18384  
6.77439  
6.44241  
6.12113  
5.83265  
5.55389  
5.33029  
5.091  
4.90368  
4.70579  
4.5362  
4.37571  
4.23006  
4.08155  
3.97202  
3.9011  
3.792  
3.67694  
3.58875  
3.51379  
3.44565  
3.37978  
3.33798  
3.26699  
3.2445  
3.19469  
3.17033  
3.14423  
3.12404  
3.10262  
3.1152  
3.1057  
