61.4343  
2308.3  
103.253  
122.217  
1915.42  
1018.53  
410.706  
939.582  
1294.76  
72.4452  
2880.87  
90.8926  
33.7695  
268.642  
691.788  
116.645  
172.615  
149.919  
36.6416  
214.302  
80.7591  
10.9505  
54.5607  
77.4918  
25.1523  
8.89465  
103.627  
59.5686  
60.1533  
14.3669  
7.94776  
8.04347  
35.9791  
15.4441  
10.5843  
11.6327  
8.69936  
6.6891  
6.38965  
6.04832  
5.60765  
5.27465  
4.90325  
4.57652  
4.26551  
3.97663  
3.74311  
3.53172  
3.32941  
3.13834  
2.97092  
2.81841  
2.66142  
2.52709  
2.40284  
2.28826  
2.18425  
2.0808  
1.98534  
1.90129  
1.82315  
1.74804  
1.68089  
1.61816  
1.55914  
1.50578  
1.45533  
1.40675  
1.36565  
1.32824  
1.294  
1.26314  
1.23464  
1.20767  
1.18384  
1.16574  
1.1483  
1.13487  
1.12321  
1.11369  
1.10938  
1.10624  
1.09908  
