171.12  
116.069  
263.444  
487.878  
161.378  
42.9082  
173.033  
95.1529  
522.082  
1697.31  
842.365  
535.813  
516.534  
698.397  
482.5  
1445.87  
185.271  
1123.2  
763.892  
447.937  
50.0811  
107.297  
37.1607  
101.267  
109.139  
65.8639  
583.185  
451.434  
395.415  
3.68583  
208.533  
474.175  
114.358  
66.443  
14.0972  
0.734603  
13.3078  
3.62369  
1.2495  
1.2585  
1.07841  
1.02046  
0.899099  
1.042  
0.835261  
0.905091  
0.864723  
0.858734  
0.841144  
0.841154  
0.808279  
0.850569  
0.825114  
0.83936  
0.840444  
0.843651  
0.850153  
0.844937  
0.862114  
0.847507  
0.862476  
0.864004  
0.8675  
0.87198  
0.869136  
0.88022  
0.878297  
0.886385  
0.880275  
0.88429  
0.887022  
0.88814  
0.892675  
0.889335  
0.895935  
0.892912  
0.897642  
0.899562  
0.900196  
0.901461  
0.901808  
0.899436  
0.89461  
