515.74  
384.825  
340.221  
262.052  
1352.39  
49.4101  
121.988  
442.274  
866.945  
1339.67  
578.973  
2046.38  
423.697  
32.8077  
245.371  
838.719  
186.967  
139.452  
582.701  
368.971  
260.278  
196.203  
2.44722  
86.0206  
351.978  
150.048  
392.899  
463.951  
118.197  
95.3745  
129.02  
17.3077  
88.0288  
8.03179  
12.716  
1.29594  
6.18884  
2.83156  
3.23642  
3.52572  
3.49735  
3.50055  
3.28768  
3.43809  
3.21291  
3.12945  
3.05683  
2.99246  
2.9061  
2.85995  
2.78162  
2.70512  
2.63055  
2.58469  
2.5301  
2.47968  
2.43791  
2.39116  
2.34946  
2.29774  
2.26606  
2.22908  
2.19807  
2.17102  
2.13559  
2.11789  
2.09424  
2.06843  
2.04974  
2.02994  
2.01474  
1.99993  
1.98554  
1.97075  
1.96116  
1.94692  
1.94572  
1.93978  
1.93279  
1.92811  
1.92346  
1.92565  
1.92394  
