943.448  
566.679  
881.306  
878.948  
260.419  
747.09  
135.87  
523.513  
488.048  
81.8599  
1509.27  
948.643  
350.47  
1270.34  
856.238  
32.3883  
534.779  
458.513  
1.72321  
167.904  
358.787  
66.0655  
53.6503  
98.3263  
501.527  
61.4656  
529.436  
5.45816  
97.2775  
32.1375  
13.4874  
17.652  
26.4797  
22.6227  
3.13435  
0.683228  
2.54693  
0.276699  
0.739776  
0.7927  
0.847347  
0.975005  
1.06705  
1.14279  
1.23304  
1.28353  
1.35505  
1.42748  
1.49366  
1.55869  
1.62283  
1.6604  
1.72746  
1.7739  
1.82235  
1.87035  
1.9185  
1.96504  
1.99463  
2.02739  
2.06273  
2.0878  
2.12063  
2.15447  
2.17662  
2.20245  
2.21731  
2.2445  
2.25555  
2.27795  
2.29537  
2.31202  
2.32502  
2.3376  
2.34483  
2.35886  
2.36212  
2.37103  
2.3769  
2.38022  
2.38561  
2.38509  
2.39791  
