125.657  
89.8269  
63.5715  
364.376  
258.328  
87.185  
301.38  
4.8239  
495.723  
1830.04  
1331.49  
682.862  
275.656  
256.578  
904.346  
1262.86  
101.647  
398.185  
590.393  
797.638  
52.2307  
274.125  
73.6082  
184.534  
271.467  
156.114  
306.959  
404.262  
496.532  
22.1522  
490.898  
298.654  
149.396  
120.553  
34.3112  
3.45324  
7.42593  
6.12779  
1.86995  
1.40651  
1.30194  
1.17546  
1.10214  
1.11156  
0.972698  
0.952201  
0.901155  
0.86551  
0.840198  
0.803961  
0.778005  
0.769834  
0.754094  
0.752542  
0.744922  
0.738265  
0.731904  
0.731302  
0.730887  
0.715938  
0.719032  
0.715444  
0.713992  
0.712388  
0.708092  
0.711026  
0.705742  
0.712571  
0.700985  
0.704346  
0.703777  
0.703509  
0.701804  
0.699867  
0.703538  
0.699442  
0.702279  
0.702293  
0.701955  
0.70184  
0.701692  
0.702449  
0.698771  
