0.558049  0.786057  
0.533863  0.786057  
-0.519379  0.786057  
-0.20996  0.786057  
0.879963  0.786057  
0.064612  0.786057  
0.321241  0.786057  
0.298497  0.786057  
2.71586  0.786057  
1.23838  0.786057  
8.16038  0.786057  
1.3742  0.786057  
-0.415602  0.786057  
-0.00437898  0.786057  
3.1275  0.786057  
-0.609627  0.786057  
-0.626799  0.786057  
0.539652  0.786057  
0.329497  0.786057  
0.256003  0.786057  
-0.101822  0.786057  
0.487208  0.786057  
0.134141  0.786057  
0.333883  0.786057  
