0.488388  0.755701  
-0.0978622  0.755701  
0.184297  0.755701  
1.81029  0.755701  
0.0301941  0.755701  
0.231267  0.755701  
-0.903099  0.755701  
-0.789746  0.755701  
11.0112  0.755701  
0.249225  0.755701  
0.239644  0.755701  
0.278129  0.755701  
2.65052  0.755701  
0.126346  0.755701  
0.534611  0.755701  
-0.816925  0.755701  
-0.504899  0.755701  
-0.0398226  0.755701  
1.40867  0.755701  
0.673934  0.755701  
0.0203812  0.755701  
0.293029  0.755701  
0.770661  0.755701  
0.288425  0.755701  
