0.0704899  0.501457  
-0.93096  0.501457  
-1.91079  0.501457  
0.123621  0.501457  
0.31516  0.501457  
-0.852315  0.501457  
0.155352  0.501457  
0.636393  0.501457  
-0.527174  0.501457  
0.733537  0.501457  
8.73631  0.501457  
0.429202  0.501457  
-0.0146134  0.501457  
-0.0397974  0.501457  
1.41107  0.501457  
-1.65786  0.501457  
0.81538  0.501457  
0.567832  0.501457  
-0.153245  0.501457  
1.14655  0.501457  
1.00496  0.501457  
-0.23834  0.501457  
0.806697  0.501457  
1.40751  0.501457  
