0.730157  0.431575  
-1.54833  0.431575  
-1.56075  0.431575  
0.889587  0.431575  
0.463683  0.431575  
0.0403863  0.431575  
0.135305  0.431575  
-1.1727  0.431575  
0.160929  0.431575  
0.319764  0.431575  
6.07127  0.431575  
0.201803  0.431575  
-0.668206  0.431575  
0.119483  0.431575  
4.21496  0.431575  
0.447838  0.431575  
-0.643413  0.431575  
0.184183  0.431575  
0.376697  0.431575  
2.0983  0.431575  
-0.874463  0.431575  
0.127832  0.431575  
1.1222  0.431575  
-0.878717  0.431575  
