0.449732  0.399901  
-0.45215  0.399901  
0.511632  0.399901  
0.161399  0.399901  
0.241674  0.399901  
0.0300936  0.399901  
-0.537094  0.399901  
-2.74829  0.399901  
1.70756  0.399901  
0.00271434  0.399901  
8.81702  0.399901  
0.349871  0.399901  
-0.624927  0.399901  
-1.11438  0.399901  
3.50622  0.399901  
0.306186  0.399901  
-0.898331  0.399901  
-0.0400568  0.399901  
0.140529  0.399901  
0.372068  0.399901  
0.20932  0.399901  
-0.758185  0.399901  
-0.133418  0.399901  
0.0984329  0.399901  
