0.929238  0.307718  
0.400425  0.307718  
-0.00975489  0.307718  
-1.23331  0.307718  
0.0523196  0.307718  
-0.144959  0.307718  
-0.520674  0.307718  
0.527589  0.307718  
0.234767  0.307718  
-0.00728001  0.307718  
-3.66561  0.307718  
-0.266032  0.307718  
6.14317  0.307718  
-1.51695  0.307718  
-0.627318  0.307718  
-0.256048  0.307718  
0.219691  0.307718  
0.292759  0.307718  
2.51673  0.307718  
-0.208498  0.307718  
-0.191202  0.307718  
-0.400019  0.307718  
0.0566037  0.307718  
5.0596  0.307718  
