-0.145114  0.257032  
-0.573873  0.257032  
-0.964449  0.257032  
7.84128  0.257032  
-0.0127764  0.257032  
-0.774389  0.257032  
0.173401  0.257032  
1.67596  0.257032  
-0.432024  0.257032  
-0.581675  0.257032  
0.913551  0.257032  
0.891827  0.257032  
0.390366  0.257032  
-0.281274  0.257032  
-0.630057  0.257032  
-0.899948  0.257032  
0.137919  0.257032  
-0.474619  0.257032  
0.27595  0.257032  
-0.183006  0.257032  
-0.210459  0.257032  
-1.06309  0.257032  
0.976406  0.257032  
0.118855  0.257032  
