-1.59034  0.0666715  
-1.66194  0.0666715  
-2.57211  0.0666715  
-2.27053  0.0666715  
0.618443  0.0666715  
-0.403399  0.0666715  
2.68147  0.0666715  
-2.09424  0.0666715  
-7.14112  0.0666715  
3.75199  0.0666715  
-0.621368  0.0666715  
-0.27814  0.0666715  
3.41477  0.0666715  
1.89652  0.0666715  
-6.75192  0.0666715  
1.56871  0.0666715  
-2.31552  0.0666715  
3.93401  0.0666715  
-4.5048  0.0666715  
1.43691  0.0666715  
8.72733  0.0666715  
-0.200932  0.0666715  
7.36711  0.0666715  
-1.39079  0.0666715  
