2.15557  0.979942  
0.375945  0.979942  
0.538008  0.979942  
0.89869  0.979942  
0.612088  0.979942  
0.827794  0.979942  
0.505203  0.979942  
0.861379  0.979942  
9.79614  0.979942  
0.122643  0.979942  
0.183642  0.979942  
0.581588  0.979942  
0.923832  0.979942  
0.330913  0.979942  
1.30338  0.979942  
0.0383702  0.979942  
0.178555  0.979942  
-0.0958669  0.979942  
1.36184  0.979942  
0.71923  0.979942  
-0.0770187  0.979942  
0.635254  0.979942  
-0.816952  0.979942  
1.55839  0.979942  
