-0.973554  0.690523  
-2.00699  0.690523  
1.18046  0.690523  
0.694845  0.690523  
0.562301  0.690523  
1.09484  0.690523  
0.81383  0.690523  
-0.0274771  0.690523  
-1.39225  0.690523  
-1.23294  0.690523  
9.61771  0.690523  
0.222142  0.690523  
-0.112754  0.690523  
1.00066  0.690523  
2.07979  0.690523  
1.17334  0.690523  
0.586175  0.690523  
0.742524  0.690523  
-0.313795  0.690523  
-0.17193  0.690523  
0.699995  0.690523  
0.260993  0.690523  
1.83268  0.690523  
0.241961  0.690523  
