1.16734  0.0537558  
1.45584  0.0537558  
-1.03883  0.0537558  
1.52713  0.0537558  
-0.137812  0.0537558  
0.938349  0.0537558  
0.554004  0.0537558  
1.13861  0.0537558  
0.79694  0.0537558  
1.09333  0.0537558  
-1.18032  0.0537558  
-0.0601094  0.0537558  
0.0354076  0.0537558  
0.861159  0.0537558  
-0.756979  0.0537558  
-8.37028  0.0537558  
0.927928  0.0537558  
0.549582  0.0537558  
0.906331  0.0537558  
0.512587  0.0537558  
0.785547  0.0537558  
0.502849  0.0537558  
-0.950126  0.0537558  
0.0316732  0.0537558  
