1.0253  0.869383  
1.03239  0.869383  
1.32986  0.869383  
3.41908  0.869383  
0.413895  0.869383  
0.215263  0.869383  
0.551488  0.869383  
-1.47927  0.869383  
2.46165  0.869383  
1.45092  0.869383  
0.435739  0.869383  
0.702926  0.869383  
0.0596452  0.869383  
0.0515848  0.869383  
0.246069  0.869383  
4.73362  0.869383  
0.148889  0.869383  
-0.120163  0.869383  
-0.0662599  0.869383  
-1.22817  0.869383  
3.02934  0.869383  
0.797888  0.869383  
1.72429  0.869383  
-0.0707893  0.869383  
