1.72365  18.0972  -0.167433  1.09634  -102.183  1.82573  2.87658  2.87911  4.30174  2.49569  3.32825  3.05173  1.89387  1.76314  2.86758  1.72355  0.188357  3.14163  3.28395  2.11704  14.214  2.85755  0.462982  2.45107  2.78604  
-2.10903  12.7219  -1.37817  -7.43714  391.12  -4.43129  -5.31044  -1.37828  -1.46718  -1.31303  -2.41799  -1.56342  -4.00877  -0.108538  -2.30881  -3.59996  -1.56526  6.3314  -0.0479174  -5.06577  17.1345  -1.09376  -3.20402  -1.2197  14.2911  
-4.98978  7.60943  -2.73235  -8.98182  440.098  -8.07278  -9.06548  -5.2732  -6.78336  -4.84541  -6.12895  -5.05239  -7.21802  -3.02073  -6.04805  -6.72993  -3.04246  2.68475  -3.70763  -8.66421  0.474701  -4.80362  -5.25583  -4.73208  12.2884  
-6.30262  0.784046  -4.53527  -4.59471  58.5944  -7.91726  -7.85853  -7.77842  -10.2864  -7.2142  -7.29031  -6.67502  -7.14639  -6.2405  -7.39681  -7.15356  -3.89044  -6.7398  -6.89656  -7.98994  -26.0169  -7.39811  -5.46972  -7.207  -2.29816  
-5.93844  -10.7021  -6.60094  -1.19904  -310.886  -4.93535  -4.90493  -7.84219  -10.6771  -7.52775  -6.84352  -6.44553  -5.40633  -7.92121  -6.52637  -5.9955  -3.60204  -13.8672  -8.23656  -5.22714  -34.6143  -7.91405  -4.88515  -7.532  -15.9644  
-4.29984  -24.8398  -7.54323  -2.56265  -273.789  -1.60977  -3.44231  -5.6398  -8.40398  -5.99497  -5.82611  -5.12444  -4.00929  -7.19765  -4.81137  -4.56197  -1.84517  -11.9582  -7.27232  -2.95297  -15.2521  -6.41074  -4.45243  -5.58808  -17.5499  
-2.21214  -31.433  -5.74778  -5.29707  116.496  -0.150479  -3.74858  -2.77551  -5.67029  -3.93917  -4.51541  -3.67975  -3.63013  -4.97768  -3.73648  -3.30538  0.797358  -2.25344  -5.00352  -2.01954  10.7714  -4.15794  -4.14961  -2.70765  -9.13128  
-0.618919  -20.2136  -1.48836  -4.22787  451.062  -0.857223  -3.82689  -0.99335  -4.39731  -2.5342  -2.88368  -2.59836  -3.49812  -2.68713  -3.51718  -2.06783  2.67557  8.03671  -2.84772  -1.61562  17.0392  -2.52927  -3.38557  -0.650953  -1.63854  
-0.0368867  3.71185  2.68478  0.645089  418.555  -2.11264  -2.25686  -0.748512  -4.49453  -1.79732  -1.35658  -1.70013  -2.58862  -0.830927  -3.11272  -0.814585  2.34207  13.0393  -1.45067  -0.711676  2.21321  -1.8687  -1.98805  -0.12511  -2.00825  
-0.184471  16.9178  4.13818  4.52094  103.617  -2.08586  0.22523  -1.1635  -4.43177  -1.01172  -0.606587  -0.617523  -0.745141  0.880007  -1.81248  0.182893  0.217755  12.6525  -0.693142  0.916591  -12.8873  -1.59936  -0.48813  -0.41424  -6.95723  
-0.282909  -1.19256  2.8844  3.84711  -164.504  -0.495342  1.90371  -1.1394  -3.16096  0.113037  -0.633167  0.629368  1.24875  2.42487  -0.412778  0.727275  -1.50863  10.1065  -0.413115  2.61681  -13.361  -1.16852  0.434881  -0.415085  -8.94559  
0.128137  -41.7125  1.51045  -0.17992  -188.421  1.37464  2.10647  -0.368444  -1.04706  1.07667  -0.56325  1.59905  2.46911  3.16625  -0.260833  0.911456  -1.12776  6.81816  -0.528289  3.33752  -4.96952  -0.559952  0.586722  0.15487  -5.5962  
0.72878  -67.725  2.31646  -3.98203  -67.4936  2.2917  1.62417  0.668521  0.95908  1.33661  0.356063  1.90465  2.65765  2.65626  -1.22448  0.932467  0.65194  1.0947  -0.584241  2.23369  -0.356951  0.0840972  0.297378  0.661164  -1.42362  
0.873857  -49.6459  4.63337  -5.31242  -11.541  2.32238  1.46301  1.31078  2.4505  1.03228  1.73007  1.60811  2.34274  1.2607  -1.36175  0.907299  1.55219  -8.08852  0.044941  -0.684801  -0.913977  0.833251  -0.00575909  0.485254  -1.5667  
0.425552  1.8419  5.64967  -3.89149  -81.8613  2.25497  1.65027  1.28714  3.61588  0.769341  2.34093  1.12456  2.23927  -0.220253  0.841482  0.876945  0.503624  -17.0336  1.18261  -4.1924  0.989701  1.66868  -0.160663  -0.202995  -5.6333  
-0.0701391  44.8821  3.95594  -0.247937  -170.169  2.07783  1.43173  0.849627  4.5046  0.853613  1.55327  0.831225  2.49494  -1.17621  4.2832  0.8222  -1.06993  -18.9975  1.66308  -6.37178  6.98979  2.1081  -0.270831  -0.67693  -8.26923  
-0.0620529  48.1124  1.10398  4.16022  -178.012  0.763218  0.404688  0.528855  4.72192  0.979215  0.117314  0.824706  2.56592  -1.43979  6.0043  0.663254  -1.09714  -11.1363  0.715977  -5.90577  9.48541  1.58482  -0.449896  -0.485189  -5.34737  
0.342422  19.1375  -0.08359  6.43532  -129.05  -2.02554  -0.883017  0.673601  3.92916  0.68051  -0.644648  0.99484  1.90542  -1.29653  4.31981  0.351119  0.481895  0.738849  -0.745  -3.14895  4.29747  0.283585  -0.594503  0.131312  1.29377  
0.554292  -8.76563  0.822327  4.26067  -90.9402  -4.48812  -1.49026  1.07581  2.38025  -0.0759186  -0.282249  1.19984  0.685198  -1.20714  0.68855  -0.0103655  1.61234  6.49977  -0.952166  0.200175  -1.62225  -0.759855  -0.400387  0.627291  5.66061  
0.259221  -12.3825  1.04827  -0.997944  -51.9737  -4.00512  -1.06633  1.12631  0.759853  -0.816581  0.436829  1.33172  -0.323012  -1.30767  -1.8822  -0.203191  0.681222  2.05526  0.502963  2.42626  0.588278  -0.656347  0.311446  0.781924  3.89134  
-0.20458  2.88372  -2.14158  -4.70223  50.0001  -0.332094  -0.181088  0.425693  -0.436257  -1.01248  0.597142  1.30538  -0.606635  -1.10905  -1.92409  -0.109745  -1.48006  -5.51921  1.96057  2.87808  9.51065  0.355614  1.24342  0.831512  -1.78085  
-0.27719  16.0266  -7.8259  -3.64473  191.263  3.3156  0.355871  -0.73784  -1.34063  -0.545744  0.225896  1.10232  -0.392182  -0.00399139  -0.568224  0.117217  -2.54766  -5.33953  1.64699  2.12878  17.5206  1.17545  1.69329  1.03771  -5.59777  
0.172024  14.409  -11.9287  0.326873  231.561  3.3983  0.340122  -1.63028  -2.41277  0.233607  0.075824  0.846979  -0.163818  1.81946  0.252821  0.221201  -1.34962  4.81761  -0.0716554  1.31238  24.2172  1.07496  1.16199  1.29772  -4.51277  
0.731538  2.8427  -11.6004  2.60174  64.1323  0.210723  0.228414  -1.79085  -3.78974  0.832739  0.517256  0.722256  0.0261477  3.15174  -0.0250447  0.104472  0.973355  15.5428  -1.07804  1.25429  38.0046  0.415119  -0.0417783  1.24505  -0.697752  
0.911503  -6.18683  -7.85278  1.20419  -229.441  -2.18958  0.461013  -1.39173  -4.90082  1.00806  1.00694  0.745175  0.412454  2.7671  -0.485196  -0.178826  2.42485  16.3104  -0.0687348  1.87645  59.6578  0.0496628  -0.989487  0.680298  1.90362  
0.623101  -5.79872  -3.66457  -1.3712  -424.682  -0.737733  0.890148  -0.864234  -4.85472  0.880155  0.835639  0.671156  0.829306  0.802589  -0.300053  -0.525708  2.27041  7.52543  1.93258  2.33816  72.8759  0.250323  -1.01759  -0.183768  2.06597  
0.189859  0.989598  -0.0354482  -1.80627  -365.326  2.76416  0.990006  -0.385043  -3.45031  0.717588  0.0715483  0.218989  0.647218  -1.25533  0.218477  -0.780432  1.45813  -0.561326  2.82769  1.9072  57.5448  0.456029  -0.442791  -0.914397  1.17625  
-0.0111965  6.80748  4.94375  0.202001  -109.378  3.76665  0.58928  0.154363  -1.65775  0.65222  -0.496308  -0.545191  -0.422567  -2.10816  0.19952  -0.735586  1.23769  -0.174703  1.77664  0.744688  14.7946  0.0708436  -0.208643  -1.19676  0.244742  
0.130795  7.23385  12.3139  2.4249  143.817  0.719691  0.164055  0.781241  -0.790178  0.608893  -0.32452  -1.11746  -1.78253  -1.78351  -0.568933  -0.314828  1.78844  5.43872  -0.130442  -0.276777  -28.8496  -0.729758  -0.864747  -0.970055  -1.01583  
0.418191  3.73311  19.1021  3.34428  251.432  -2.83143  0.281623  1.27233  -1.11425  0.449832  0.261669  -0.979214  -2.48386  -1.22027  -1.35906  0.225603  2.23662  7.13689  -1.31013  -0.556599  -45.3588  -1.17217  -1.92294  -0.372853  -2.44157  
0.539807  0.811586  20.0799  3.44847  233.762  -2.68137  0.927144  1.43534  -1.5247  0.105118  0.542834  -0.142486  -2.09824  -1.00763  -1.35218  0.461143  1.69438  1.43346  -1.21455  -0.383687  -31.2316  -0.753892  -2.38064  0.337846  -2.57834  
0.328148  1.14519  13.1852  3.4789  199.836  0.686722  1.48563  1.36578  -0.85249  -0.37087  0.292972  0.799496  -0.890099  -0.901903  -0.507309  0.273186  0.0950338  -6.20805  -0.374072  -0.428878  -8.68309  0.226486  -1.7101  0.873706  -0.653707  
-0.104631  3.30426  2.44763  2.84432  207.118  2.82706  1.42456  1.32027  0.779679  -0.80588  0.00365295  1.20175  0.607908  -0.474998  0.479308  0.0381808  -1.83927  -9.13228  0.516778  -0.823774  -1.88862  1.03299  -0.333109  1.0738  1.80448  
-0.467611  4.22567  -5.34846  0.634412  219.256  1.19166  0.867933  1.3276  2.31932  -0.970198  0.237866  0.927454  1.83182  0.169417  0.950727  0.161436  -3.2104  -7.52069  1.12  -1.02156  -16.2617  1.24155  0.794655  1.01951  2.58205  
-0.549489  2.64999  -6.63415  -2.43581  185.468  -1.60604  0.354253  1.15029  3.38079  -0.710197  0.970586  0.377716  2.19644  0.474659  0.871628  0.521527  -3.53229  -6.41186  1.28939  -0.570778  -37.1959  1.04091  1.10252  0.915543  1.5778  
-0.404915  0.186026  -3.77181  -4.14555  118.507  -1.45589  0.191284  0.61628  4.667  -0.110518  1.64836  0.0348563  1.43703  0.135749  0.667474  0.610614  -2.97039  -7.7855  0.901421  0.258514  -45.6826  0.843055  0.956473  0.816188  0.325242  
-0.281099  -1.07567  -2.01191  -3.15537  67.9159  1.61521  0.201052  -0.0751579  6.4249  0.522804  1.75231  0.0417655  0.0903958  -0.590718  0.604509  0.190569  -2.1308  -7.69666  0.0175947  0.785111  -33.3769  0.749934  1.23853  0.563791  -1.06234  
-0.333288  -0.369995  -3.8001  -0.737602  30.0006  3.44203  0.0796804  -0.510393  7.13113  0.899768  1.19579  0.196141  -0.759602  -1.21503  0.496754  -0.387437  -1.50203  -1.75139  -0.912364  0.685051  -7.30791  0.498997  2.23412  0.078952  -3.95521  
-0.41473  2.10203  -7.21687  0.49631  -71.9731  1.35675  -0.151527  -0.487039  4.9298  0.966189  0.272033  0.254624  -0.532346  -1.41003  0.0675841  -0.600614  -0.967817  8.33181  -1.22697  0.277874  16.1569  -0.07734  2.95557  -0.378275  -7.64249  
-0.201545  5.59473  -8.87296  -0.486306  -282.064  -2.11297  -0.222849  -0.215534  0.540036  0.865055  -0.624017  0.16229  0.277411  -1.21693  -0.523078  -0.332312  0.0515615  15.5184  -0.546758  0.0386284  23.2153  -0.68591  1.98624  -0.404714  -8.11584  
0.422458  8.03696  -7.45242  -1.91189  -501.335  -2.46596  -0.038494  -0.084446  -2.35191  0.71609  -1.22061  0.0638944  0.801474  -0.921556  -0.70706  0.0844968  1.79712  14.1787  0.758336  0.0735374  12.5995  -0.804677  -0.7161  0.0452128  -2.75511  
1.12456  6.52197  -4.21399  -1.27493  -531.728  0.839774  0.197536  -0.269983  -0.800673  0.516083  -1.42235  0.165937  0.825446  -0.725616  -0.164945  0.311522  3.50935  5.34436  1.6795  0.180234  -3.84136  -0.267807  -3.17085  0.505475  4.8239  
1.34701  0.49504  -1.02861  1.49769  -273.71  3.54574  0.275613  -0.583704  3.64831  0.241567  -1.27064  0.568662  0.746221  -0.444151  0.670428  0.340195  3.817  -4.46284  1.4151  0.199094  -12.1282  0.491104  -3.26903  0.486694  7.33145  
0.828391  -5.92167  0.958893  3.59102  119.593  1.99894  0.281239  -0.668989  6.04228  -0.039877  -0.834764  1.13756  0.712901  0.257934  0.958463  0.32289  2.04188  -8.64694  0.258881  0.198183  -6.71799  0.865647  -1.42237  0.0542451  2.0629  
-0.105227  -7.47533  1.3769  2.46155  335.637  -2.11864  0.462519  -0.305058  3.45166  -0.210683  -0.149004  1.52648  0.376591  1.25314  0.32424  0.259947  -0.912359  -5.28481  -0.517651  0.340105  7.32198  0.687363  -0.562463  -0.238699  -5.72412  
-0.798719  -4.49171  0.365982  -0.846968  195.923  -3.7279  0.79025  0.404084  -1.66458  -0.224262  0.740616  1.42731  -0.400664  1.93956  -0.736965  0.0434935  -3.16596  2.20318  -0.00377556  0.650722  22.4115  0.32008  -2.6297  -0.0021733  -8.68623  
-0.835164  -4.14314  -0.384393  -2.58668  -143.319  -0.527911  0.932667  1.10949  -4.24877  -0.104435  1.6183  0.913174  -1.06336  1.91596  -1.38409  -0.275744  -3.44717  7.50397  1.17172  0.953702  33.6405  0.152622  -5.54544  0.555476  -4.85635  
-0.343534  -12.0206  1.85075  -0.82835  -321.856  4.16912  0.695583  1.46892  -2.2347  0.123118  2.08825  0.464051  -0.951678  1.44666  -1.27568  -0.4371  -2.05006  5.9118  1.40677  1.03324  37.6  0.155056  -4.85733  0.921955  1.5577  
0.22778  -23.3675  7.30729  1.76296  -134.167  5.15508  0.357552  1.37814  1.53186  0.436901  1.83609  0.486829  -0.15442  1.12765  -0.806932  -0.198714  -0.281435  -2.02471  0.0694027  0.852855  29.5079  0.0482372  0.98117  0.867853  5.46214  
0.551099  -25.8449  11.6015  0.94013  252.093  1.07118  0.362022  1.01319  2.93422  0.757997  0.958317  0.780794  0.53537  1.0157  -0.547446  0.367419  0.862992  -10.1461  -1.46077  0.558984  7.28412  -0.207339  7.9351  0.572084  5.08784  
0.60896  -13.2089  8.96788  -3.45793  456.366  -4.2302  0.679238  0.661407  1.07537  0.932693  -0.0284786  0.67164  0.466874  0.518931  -0.589702  0.859678  1.35546  -11.2306  -1.16579  0.272453  -22.0155  -0.308021  9.96029  0.247911  1.79912  
0.547581  6.03927  -0.672793  -6.68165  271.338  -5.73385  0.771295  0.518985  -1.4153  0.85318  -0.603974  -0.121738  -0.254519  -0.614112  -0.54364  0.900704  1.65719  -3.91333  1.15086  -0.0390844  -44.3484  -0.0465748  5.32989  -0.118461  -2.30197  
0.467847  16.5701  -9.51291  -4.65416  -124.488  -2.06751  0.277402  0.606724  -1.88157  0.554426  -0.684761  -0.847262  -0.874087  -1.59746  -0.113006  0.493373  1.93499  5.04232  3.26873  -0.413928  -47.6042  0.330776  -1.62465  -0.559813  -5.44128  
0.378134  12.1436  -9.25901  1.03764  -346.432  3.57645  -0.400804  0.832212  -0.530967  0.182046  -0.585559  -0.267529  -0.555086  -1.40678  0.483388  -0.0154821  1.88525  6.59714  2.82889  -0.663465  -30.5955  0.399758  -5.24041  -0.844833  -6.11062  
0.260784  0.850034  -0.752863  5.29393  -188.996  6.58135  -0.4749  1.04632  0.284167  -0.110608  -0.540609  1.91749  0.917695  -0.137779  0.755261  -0.289993  1.16374  -0.868487  0.0229434  -0.47408  -1.21264  0.122148  -4.05197  -0.635322  -4.01797  
0.103429  -5.44636  5.94886  5.69061  173.151  4.74683  0.236307  1.07343  -0.903737  -0.231868  -0.337205  4.32295  2.67843  0.931995  0.544458  -0.287448  -0.176109  -8.78921  -2.4822  0.170091  28.7307  -0.0846788  -1.25394  0.0521915  -0.937021  
-0.0999399  -3.92263  2.76246  4.37438  366.631  -0.285265  0.976237  0.775658  -2.8058  -0.160181  0.39661  4.9066  3.18156  0.711873  0.238364  -0.189313  -1.60424  -6.98144  -2.40211  0.76751  47.8769  0.097586  -0.402817  0.716332  0.805679  
-0.285016  -1.00839  -6.73486  3.81186  191.305  -4.58634  0.846643  0.188229  -2.67119  0.0258809  1.56016  2.91994  1.62155  -0.471569  0.303138  -0.0936477  -2.3238  4.91063  -0.251549  0.712841  46.1164  0.43799  -1.83247  0.836116  1.09131  
-0.283569  -2.28083  -11.0886  3.16481  -192.04  -4.96076  -0.12315  -0.417117  0.648553  0.14468  2.39685  -0.250676  -0.956348  -1.34633  0.674786  0.0549811  -1.678  15.9531  1.31203  -0.0365699  19.6305  0.452149  -3.33338  0.410001  1.77659  
0.0307782  -6.0266  -4.24998  0.374046  -432.96  -1.24083  -0.919208  -0.675185  4.92722  0.0598877  2.14409  -2.36556  -2.42754  -1.29834  0.792002  0.239593  0.28353  15.191  0.453086  -0.81997  -22.7527  0.0874653  -3.25369  -0.0795189  3.5796  
0.515772  -7.08421  7.23444  -3.71113  -333.661  3.62444  -0.678584  -0.408941  6.21868  -0.119365  0.888923  -2.37562  -1.74751  -0.966959  0.305802  0.279388  2.46069  3.29957  -1.8971  -0.906187  -59.6684  -0.108885  -2.03878  -0.232092  4.51013  
0.771612  -3.76304  11.8523  -5.66992  -15.8566  5.73441  0.358925  0.184911  2.72273  -0.0702188  -0.380503  -1.14888  -0.0378222  -1.22857  -0.361162  0.0745963  3.2234  -8.387  -3.08728  -0.229297  -70.4445  0.378516  -1.03334  -0.130885  2.31315  
0.507553  1.47346  6.26179  -3.88856  233.922  3.19417  1.15893  0.679608  -2.95462  0.379089  -0.719362  -0.292335  0.804727  -1.95427  -0.364754  -0.143352  1.766  -10.4596  -1.55391  0.561996  -50.9553  1.32255  -0.716532  -0.119865  -2.04721  
-0.101122  6.35573  -1.79773  -0.686773  248.879  -2.3102  1.09863  0.765102  -6.04693  0.955028  -0.160012  -0.520782  0.270687  -2.16023  0.597767  0.0123433  -0.93963  -4.94685  1.58473  0.796311  -15.3858  1.83776  -0.499238  -0.285628  -4.77873  
-0.528864  11.0478  -3.54523  0.726006  98.7702  -6.62185  0.6478  0.510327  -4.30347  1.17569  0.402471  -1.28678  -0.50339  -1.37686  1.80119  0.570508  -2.80837  -1.18957  3.711  0.435538  17.8103  1.23307  0.1124  -0.313929  -3.67353  
-0.433853  15.8254  0.668869  0.0053914  -42.9916  -6.26285  0.634125  0.255252  -0.158181  0.912612  0.24603  -1.73446  -0.470379  -0.37098  2.11293  0.992558  -2.52996  -3.66838  3.24034  0.0381154  40.9187  -0.248733  0.767852  0.103875  -0.790463  
-0.00329329  18.8621  3.56599  -0.83203  -89.747  -1.31203  1.14466  0.272296  2.18525  0.578816  -0.436783  -1.6365  0.102467  -0.219486  1.12022  0.68852  -0.758492  -7.0211  0.986064  0.13726  55.9049  -1.5683  0.689524  0.826109  0.548882  
0.302458  17.716  0.798973  -0.625908  -75.9282  4.38734  1.34842  0.520892  1.09293  0.601192  -0.897871  -1.32482  0.36958  -0.863381  -0.423736  -0.250059  0.717626  -3.48748  -0.869885  0.687895  62.2883  -1.75391  -0.324672  1.33716  0.101881  
0.303364  12.3369  -4.2858  -0.135024  -49.7914  6.24934  0.5685  0.735978  -1.68285  0.812343  -0.73139  -1.01788  0.265781  -0.932928  -1.32118  -0.95745  0.899337  6.36028  -0.964644  1.1204  52.127  -0.708208  -1.5885  1.26571  0.887358  
0.249722  5.48094  -6.13007  -0.21761  -6.86731  2.97864  -0.731012  0.7383  -3.64947  0.597513  -0.188386  -0.549438  0.453665  0.658319  -1.02984  -0.667997  0.421291  13.0748  0.186717  0.941281  21.1074  0.717988  -2.12345  0.747545  4.81005  
0.398567  -0.344594  -4.28142  -0.538375  52.8914  -2.05129  -1.36025  0.604463  -3.75849  -0.311002  0.353843  0.211385  1.13981  3.23657  -0.088963  0.386813  0.428179  8.54472  1.09744  0.265635  -19.0565  1.43995  -1.62586  0.238602  9.52244  
0.597373  -5.13773  -2.95307  -0.634055  68.2023  -3.83099  -0.684487  0.524835  -2.08445  -1.363  0.89593  0.964545  1.59102  4.9122  0.489058  1.13064  0.998077  -4.57923  0.923246  -0.297428  -45.378  1.04629  -0.622546  0.0174478  10.4121  
0.464433  -10.0714  -4.42777  -0.717588  -18.5624  -0.63798  0.630947  0.567731  1.02605  -1.70913  1.58446  1.21397  1.05059  4.48978  0.175899  0.775654  1.13484  -14.614  0.0896491  -0.286285  -42.9801  0.112215  0.143192  -0.0426524  5.76324  
-0.0605753  -14.2305  -5.65962  -0.756388  -146.564  4.08381  1.39152  0.649606  4.55733  -1.1182  2.18368  0.852631  -0.238667  2.56819  -0.647117  -0.300172  0.218449  -12.3246  -0.444827  0.146907  -19.104  -0.392796  0.373049  -0.217609  -1.13651  
-0.53926  -14.3454  -2.41075  0.130547  -158.329  5.14868  1.13012  0.687644  6.67423  -0.190455  2.1173  0.317486  -1.2293  0.735471  -1.13847  -0.913646  -1.06286  0.167925  -0.209221  0.443699  5.3351  -0.0676691  0.401455  -0.549977  -5.89891  
-0.503045  -8.96173  5.06966  2.10343  16.0254  1.05749  0.391388  0.650364  6.35324  0.346456  1.16468  0.112342  -1.13814  -0.0287221  -0.819782  -0.322779  -1.4875  11.5129  0.459396  0.276238  15.5631  0.560099  0.752802  -0.78782  -7.48984  
-0.00293623  -2.35805  11.7357  3.34385  233.155  -4.30604  -0.0703288  0.465148  4.73247  0.378413  -0.135234  0.289092  -0.107062  0.0750627  -0.0178128  0.961045  -0.769302  12.1385  0.893607  -0.105279  13.2368  0.682523  1.64003  -0.655221  -7.58294  
0.46323  -1.39947  12.2764  1.94673  256.852  -5.63327  -0.141298  0.0137642  3.49591  0.343792  -0.940398  0.486725  1.07111  0.428855  0.470832  1.71032  0.176417  3.14849  0.724555  -0.169763  7.75944  0.159724  2.51586  -0.113888  -6.75308  
0.533633  -7.08359  5.40736  -1.03673  21.7366  -1.70935  -0.173005  -0.612784  1.95331  0.591309  -0.940471  0.43489  1.62401  0.597141  0.134518  1.26878  0.418166  -5.55124  0.177358  0.263978  3.61176  -0.338466  2.20229  0.599218  -3.84343  
0.327637  -11.1032  -5.37957  -2.23659  -264.686  3.37131  -0.321013  -1.00547  -2.58403  1.00007  -0.556684  0.269668  1.25609  0.214185  -0.774065  0.160403  0.0595304  -5.33455  -0.0593006  0.75758  -2.18928  -0.192066  -0.104805  1.11736  1.01266  
0.180312  -4.4642  -13.924  -0.268016  -324.749  4.49434  -0.435339  -0.761544  -10.4827  1.20581  -0.327694  0.326652  0.273576  -0.953004  -1.49384  -0.57465  -0.0901292  2.91161  0.546121  0.673826  -11.2734  0.363732  -3.53806  1.1511  4.61861  
0.189981  9.99736  -14.8337  1.97831  -108.508  0.780694  -0.423331  -0.0017363  -17.0908  1.0299  -0.293572  0.699572  -0.585078  -2.53296  -1.45369  -0.533622  0.376907  10.4336  1.69095  -0.081997  -18.7436  0.527867  -5.80677  0.686743  3.66878  
0.175462  17.3973  -7.23519  0.769136  147.461  -3.62493  -0.45788  0.667548  -16.3271  0.603054  -0.106352  1.11358  -0.627206  -3.42771  -0.754505  -0.262592  1.01384  9.73491  2.32203  -0.795509  -17.8403  -0.00565276  -5.54828  0.0472985  -0.630616  
0.0199425  6.43639  3.59625  -3.43868  172.909  -3.95785  -0.594616  0.770183  -7.3056  0.174536  0.398779  1.22303  0.186691  -2.75037  0.00384464  -0.407456  1.1357  1.67104  1.73303  -0.585818  -9.53272  -0.576339  -4.3061  -0.333686  -3.35515  
-0.131949  -15.8188  9.64993  -6.02969  -47.7812  0.21638  -0.428121  0.479213  3.98517  -0.0911432  0.920649  0.925092  1.08813  -0.970231  0.31193  -0.85523  0.641526  -6.11222  0.535309  0.572883  -2.88134  -0.356293  -4.93565  -0.30143  -1.96764  
-0.0817778  -28.8642  7.12649  -3.78927  -265.508  4.60598  0.441321  0.330886  10.2124  -0.179897  1.03163  0.375698  1.18324  0.443396  0.180586  -0.867319  0.0489571  -7.12433  0.0581762  1.61152  -5.10016  0.548974  -7.39507  -0.126332  0.58491  
0.152989  -19.4838  0.385559  0.972526  -237.081  4.72025  1.74584  0.543014  9.2523  -0.170326  0.646648  -0.206244  0.391374  0.65033  0.0250616  0.0086547  -0.135779  -1.97401  0.658236  1.38433  -11.2695  1.14768  -7.35363  -0.161067  0.193829  
0.369668  4.74329  -2.50175  3.31033  29.2496  0.536685  2.51503  0.805909  4.89336  -0.12338  0.0591774  -0.655756  -0.443358  0.265968  0.191624  1.28674  0.104269  3.45583  0.984689  -0.0147701  -8.11193  0.759904  -0.699124  -0.379938  -2.76651  
0.439045  24.4725  1.40604  1.79221  303.48  -3.63642  2.00958  0.769244  2.1449  -0.019578  -0.377641  -0.841209  -0.443529  0.433282  0.583989  1.9816  0.404336  4.6837  -0.495642  -1.22223  10.3886  -0.128598  10.4524  -0.398088  -3.71334  
0.400134  28.2232  6.28189  -0.203522  374.819  -3.91919  0.593422  0.510634  2.89899  0.189161  -0.505574  -0.675373  0.347284  1.42652  0.776762  1.60674  0.396452  2.9754  -3.29561  -1.06047  32.1891  -0.450198  18.0923  0.0027629  0.149399  
0.312146  20.0647  3.99342  0.397657  229.839  -0.887766  -0.579622  0.33941  5.51253  0.453205  -0.343116  -0.2384  1.08355  2.44916  0.450879  0.656124  -0.0441589  2.69533  -4.93043  0.120161  36.8193  0.153068  15.8697  0.512068  6.04613  
0.146765  10.3831  -6.02109  1.97403  7.04047  1.5944  -0.668027  0.277182  7.08349  0.61949  0.0148754  0.1842  1.06503  2.68544  -0.249015  0.0283864  -0.733329  5.35723  -3.55582  0.842601  18.2756  0.936078  5.89133  0.610436  8.68899  
-0.0978083  4.221  -14.5337  0.824781  -169.891  1.08361  0.0346751  0.0359472  5.75555  0.600997  0.382273  0.286447  0.32564  2.14671  -0.845572  0.087229  -1.23975  7.39288  -0.183419  0.277902  -4.79522  1.00097  -3.37054  0.200627  6.14902  
-0.28538  0.549367  -11.8097  -2.94242  -273.692  -0.948388  0.548746  -0.47009  1.89118  0.500368  0.479083  0.0175187  -0.699751  1.43957  -0.961813  0.352944  -1.14245  4.24229  2.22209  -0.746285  -6.18304  0.361163  -5.70605  -0.266059  1.29722  
-0.250759  -1.68052  1.41935  -4.67239  -316.061  -1.54066  0.231469  -0.787536  -2.14395  0.477257  0.131903  -0.354782  -1.68137  1.04608  -0.627134  0.132936  -0.376986  -3.59675  1.88734  -0.753394  19.2631  -0.176151  -2.38819  -0.336117  -2.44618  
0.00834116  -1.37771  14.0472  -1.20856  -276.592  -0.0642833  -0.680278  -0.400147  -3.79665  0.505322  -0.460206  -0.479054  -2.27851  1.02967  -0.161733  -0.653368  0.697543  -10.2419  -0.0393182  0.590129  48.6434  -0.0543604  0.955232  -0.0512951  -4.70177  
0.328371  1.14541  15.7303  4.37564  -126.842  1.4765  -1.47502  0.583625  -2.68667  0.394383  -0.762355  -0.218291  -1.81148  1.18594  0.174826  -1.3849  1.60505  -10.3996  -1.04029  2.07318  53.4815  0.425978  1.09543  0.226036  -6.83259  
0.582039  3.05155  6.81188  6.11118  92.2916  1.53084  -1.74951  1.33343  -0.977175  0.0952545  -0.34858  0.265709  0.202269  1.12311  0.402022  -1.39084  2.13855  -5.14396  -0.0914753  2.35243  29.3027  0.600712  -0.564975  0.343634  -8.73169  
0.784212  2.67473  -3.56715  2.59467  266.817  0.850575  -1.54493  1.1112  -0.850358  -0.146312  0.620208  0.689428  2.90486  0.360766  0.697521  -0.627147  2.39446  -0.698992  1.50576  1.40988  -2.33507  0.271497  -1.32679  0.474534  -8.36149  
0.943105  2.07574  -7.82416  -1.35587  306.364  0.83849  -1.00378  0.0638094  -1.87541  -0.0740032  1.45619  0.870266  4.17839  -1.13899  1.10382  0.280695  2.44186  -1.27531  1.96784  0.432412  -18.2208  -0.162177  -0.837152  0.70071  -4.26801  
0.912715  3.64852  -6.09717  -1.06973  230.04  1.27679  -0.137642  -0.820117  -1.71286  0.199405  1.54143  0.804451  2.66364  -2.51917  1.34925  0.686368  2.06456  -4.7726  1.03839  0.443484  -16.6249  -0.282547  -0.653833  0.735796  1.91124  
0.529486  5.7671  -1.97889  2.01361  138.74  0.9291  0.945017  -0.677576  0.587393  0.278851  0.900692  0.589073  -0.356483  -2.65151  1.03396  0.594418  0.946446  -5.88692  -0.0560266  1.27009  -13.5783  -0.110871  -1.53889  0.275  6.098  
-0.105837  4.65435  4.05298  2.7131  104.808  -0.191114  1.70605  0.358047  3.12007  -0.00568853  0.139002  0.313463  -1.88148  -1.39091  0.06997  0.624593  -0.853786  -2.24456  -0.229719  1.83491  -21.0477  0.051325  -2.45516  -0.478772  5.53808  
-0.609632  0.218791  13.1031  -0.698278  103.399  -0.627545  1.53469  1.24383  3.5233  -0.343291  -0.18019  0.021154  -0.425053  -0.0179107  -1.02432  1.28393  -2.67504  3.61319  0.35953  1.25996  -34.0121  0.0517429  -2.17967  -0.903395  1.57957  
-0.687067  -3.06659  21.3  -4.27623  53.416  0.263951  0.515652  1.05736  2.00818  -0.316753  -0.0789285  -0.259781  2.17938  0.101738  -1.45264  2.22758  -3.63244  7.60136  0.813857  -0.306148  -38.6355  -0.000642586  -0.861016  -0.643165  -1.11428  
-0.464924  -2.45137  19.8298  -4.05287  -84.3684  1.16487  -0.419203  -0.118156  0.767766  0.0553774  -0.0431318  -0.473196  2.81118  -0.678926  -0.948119  2.43276  -3.33954  7.45555  0.634719  -1.80846  -29.7742  0.0478219  0.38143  -0.0360355  1.15576  
-0.319787  -1.81547  5.0314  -1.39636  -257.456  0.704473  -0.324437  -1.32559  0.585371  0.336923  -0.410442  -0.543786  0.646843  -0.540501  -0.247467  1.26479  -2.19472  3.13708  0.115683  -2.17084  -15.9031  0.20554  0.89295  0.313043  6.7653  
-0.378245  -7.16373  -13.7223  -0.555418  -362.755  -0.406053  0.70831  -1.68097  -0.407224  0.238025  -0.942201  -0.446387  -2.00663  1.4601  -0.457689  -0.712601  -0.858652  -3.63241  -0.227384  -1.21451  -7.51158  0.34269  0.989578  0.27149  9.74793  
-0.316555  -17.9004  -20.6185  -2.34104  -335.654  -0.358489  1.5841  -1.12196  -3.86222  -0.0215498  -1.02099  -0.255335  -2.52628  3.83517  -1.79265  -2.0855  0.459252  -8.95022  -0.200742  0.148834  -3.79798  0.311333  1.19354  0.266309  6.29773  
0.204209  -24.6795  -9.25851  -3.13034  -199.258  0.917892  1.34315  -0.178777  -7.99837  0.00829908  -0.270327  -0.0992689  -0.833577  4.04429  -3.06639  -1.90869  1.92971  -8.01902  0.0914436  0.748565  5.923  0.0654864  1.45906  0.609987  -0.590616  
0.988361  -18.0044  10.147  -0.549234  -34.3865  1.30388  0.10495  0.706109  -8.68256  0.452402  1.01938  -0.036225  1.05671  1.47617  -2.7793  -0.567264  3.3113  0.0946932  0.466387  0.241811  27.5956  -0.242741  1.30387  0.992498  -3.93607  
1.38173  1.21418  20.7618  2.62585  92.2798  -0.702572  -1.11263  1.46314  -3.9491  0.97649  2.07623  0.0220002  1.64739  -1.45125  -0.730703  0.682756  3.65956  9.4378  0.663945  -0.641614  52.1172  -0.292118  0.536702  0.852625  -0.68146  
0.986389  20.6757  15.3124  2.25749  166.792  -3.71162  -1.45896  2.04546  3.32909  1.17433  2.26082  0.221611  1.21924  -1.78927  1.63483  0.945964  2.30912  11.6041  0.398534  -0.908645  61.7012  0.148251  -0.434334  0.155197  4.67825  
0.181251  27.0792  1.1114  -1.00043  203.369  -4.80763  -0.919946  2.18232  7.89443  0.953772  1.57073  0.606655  0.679535  0.55198  2.65401  0.394535  0.0580919  4.42984  -0.312902  -0.303551  47.3482  0.915738  -1.00172  -0.477573  5.9256  
-0.244543  18.0648  -9.10368  -2.08618  197.655  -2.82551  -0.119481  1.70961  7.03519  0.51319  0.607462  1.03189  0.31666  2.7015  2.04067  -0.142771  -1.2451  -5.25475  -0.936803  0.575944  17.4087  1.48384  -0.938654  -0.505652  2.77986  
0.0156956  4.07246  -8.96565  1.66461  125.411  0.464785  0.323761  0.942436  2.85743  0.0751984  0.0146436  1.23475  0.14369  2.12675  0.917723  -0.102712  -0.678218  -9.27099  -0.875073  1.05438  -10.3118  1.41916  -0.651141  -0.139839  0.448905  
0.444363  -2.2916  -1.90039  6.62862  -11.197  2.36663  0.159497  0.442124  0.0796852  -0.240793  -0.0813872  1.04685  0.622172  -0.575167  0.480571  0.356984  0.57525  -6.73344  -0.162081  1.02917  -24.7569  0.812589  -0.69618  -0.0504079  2.06396  
0.364114  1.48992  4.19195  7.36119  -149.809  1.86229  -0.494198  0.294258  1.76408  -0.362681  -0.133714  0.567047  1.96346  -2.50259  0.882482  0.680875  0.61163  -3.40203  0.537146  0.813427  -26.8838  0.162075  -1.21602  -0.462903  4.23698  
-0.192035  6.7978  4.04392  3.4685  -197.018  0.14876  -1.18712  -0.0125207  6.75075  -0.249604  -0.64942  0.131803  2.99454  -1.66343  1.42777  0.539945  -0.766168  -3.37998  0.699755  0.602382  -23.3616  -0.167521  -1.78495  -0.807889  2.11427  
-0.527595  5.31103  -1.74382  -0.218931  -100.285  -0.805401  -1.31734  -0.87018  10.6305  0.0196802  -1.57254  0.00738297  1.98845  1.00935  1.49529  0.0693713  -1.75412  -4.73454  0.449012  0.358096  -17.132  -0.251078  -1.9233  -0.408552  -2.83482  
-0.186186  -0.447495  -7.98543  0.00384464  100.995  -0.010157  -0.538327  -1.8405  9.47282  0.242767  -2.22795  0.0837266  -0.998276  2.73517  1.03184  -0.326757  -0.904934  -3.72351  0.182781  0.11549  -8.14546  -0.361245  -1.57955  0.617876  -3.93978  
0.451959  -0.981914  -9.13111  2.34613  290.245  1.79827  0.810305  -2.05161  3.35887  0.275028  -1.92905  -0.0310196  -3.5164  1.66565  0.33692  -0.354191  0.937115  -0.196176  0.0148106  0.0818259  1.06644  -0.537696  -1.16558  1.37312  1.40387  
0.655566  6.50318  -3.67263  2.44187  344.683  2.78854  1.80205  -1.26417  -3.46203  0.181582  -0.649384  -0.492889  -3.31132  -1.34797  -0.28713  -0.0489416  1.71896  3.55422  -0.157269  0.319279  3.92206  -0.542649  -1.09073  1.13893  7.19089  
0.268473  12.0306  4.35417  -0.846067  221.577  1.72991  1.70238  -0.243464  -6.44101  0.146446  0.92556  -0.881742  -1.04773  -3.57955  -0.6086  0.318368  0.810407  6.69576  -0.23282  0.498261  -3.27924  -0.223164  -1.36298  0.189515  5.79428  
-0.129213  4.17414  8.56154  -4.19882  -0.107498  -0.625464  0.676862  0.165304  -5.00863  0.242252  2.00151  -0.593905  0.549124  -2.90612  -0.482243  0.53007  -0.359001  9.48355  0.0486075  0.215856  -15.3569  0.210196  -1.58004  -0.468459  -2.00353  
-0.00892359  -14.376  5.45916  -4.24271  -173.186  -2.05625  -0.319206  0.0712636  -2.7095  0.351481  2.26443  0.377697  0.240456  0.0266043  -0.00718625  0.593703  -0.392002  9.67743  0.560962  -0.418056  -21.7983  0.38867  -1.32538  -0.151376  -7.77108  
0.428563  -27.1774  -2.71141  -1.55282  -212.024  -1.1517  -0.405531  0.299405  -2.82979  0.319927  1.90926  1.26983  -0.189396  2.11164  0.416537  0.615913  0.256645  3.67702  0.723341  -0.681448  -17.5776  0.212804  -0.561191  0.793222  -5.96803  
0.568359  -21.374  -9.90751  0.535913  -178.573  1.02801  0.492841  1.17385  -4.4035  0.121973  1.24661  1.36466  1.42959  0.908145  0.436794  0.576086  0.228423  -7.18326  0.227761  0.0461467  -9.1335  -0.00855518  0.298687  1.34301  -0.450916  
0.229578  -2.42651  -10.8979  0.235873  -208.218  2.03931  1.60239  1.91978  -3.49136  -0.121971  0.445559  0.87807  4.33681  -2.36166  0.186435  0.339928  -0.52869  -14.321  -0.446197  1.4614  -8.57498  0.109335  0.74688  0.820165  0.898373  
-0.105153  12.3138  -5.05597  -0.697657  -325.24  0.80149  1.95465  1.56845  1.59225  -0.220471  -0.366148  0.727911  5.42045  -3.59512  0.221134  -0.129564  -0.551981  -9.89544  -0.589239  2.44446  -19.7798  0.580293  0.634113  -0.46038  -3.56777  
0.0473127  12.261  3.31777  0.494456  -368.263  -1.17911  1.15511  0.145274  7.42231  -0.0136697  -0.96459  1.35607  3.06934  -0.172123  0.884029  -0.606516  0.971451  3.34127  -0.152064  2.09982  -31.0998  0.977294  0.30194  -1.50588  -7.11611  
0.506744  2.95484  8.703  3.94047  -160.551  -1.53616  -0.291458  -1.29546  8.87602  0.50878  -1.14173  2.05089  -0.705321  5.65097  1.82326  -0.799157  2.71276  13.5931  0.293722  0.658774  -24.2692  0.845913  0.204494  -1.56428  -3.53896  
0.645254  -2.69858  9.29426  6.76784  237.89  0.304566  -1.33088  -1.84048  4.98519  1.09414  -0.926332  1.69166  -2.52322  8.46038  2.28477  -0.634776  2.57575  12.4467  0.356457  -0.740969  6.00359  0.198123  0.397216  -0.739968  4.92753  
0.179538  1.09118  8.151  6.25417  514.402  2.54673  -1.18914  -1.5215  0.211417  1.33382  -0.551652  0.0780009  -1.39551  5.19099  1.9183  -0.314598  0.269613  3.52311  0.125351  -1.18325  42.2411  -0.43086  0.531944  0.218483  10.6844  
-0.493607  8.884  8.47557  2.72237  398.967  2.94969  -0.0563614  -0.944519  -0.521074  1.04454  -0.189629  -1.7986  0.608126  -1.56342  1.1706  -0.114164  -2.24346  -2.80773  -0.328783  -0.765138  57.5182  -0.48253  0.363039  0.656758  9.69785  
-0.800868  11.713  8.63938  -0.951669  -31.8443  1.02935  0.989316  -0.424371  2.76676  0.559569  0.186943  -2.80859  1.12437  -6.21287  0.780354  -0.113557  -3.03194  -1.85791  -1.12063  -0.25997  41.3933  0.0599379  -0.153793  0.538181  5.40768  
-0.634033  5.58826  4.27381  -2.36979  -402.923  -1.63308  0.937924  0.179375  5.58374  0.478492  0.636367  -2.7428  0.0177811  -5.48342  0.982412  -0.111753  -2.29587  1.49866  -1.93338  -0.183636  11.5835  0.645119  -0.881799  0.307166  3.56999  
-0.354608  -6.76903  -3.90364  -1.73527  -402.497  -2.95763  -0.173033  0.878873  4.30001  1.00426  1.01424  -2.23407  -1.15946  -0.749307  1.2947  0.185142  -1.74837  0.907293  -1.86483  -0.343305  -4.48553  0.714754  -1.45735  0.326484  4.85216  
-0.259832  -19.0706  -7.63435  -1.03514  -69.9072  -2.17142  -1.23195  1.25136  -0.0857959  1.6049  1.05751  -1.86656  -1.4154  4.06756  1.14936  0.844395  -2.23725  -2.66559  -0.532153  -0.264071  1.06103  0.257937  -1.26884  0.499351  4.8164  
-0.254841  -25.0538  -0.276726  -1.52486  283.616  -0.263824  -1.10973  0.884779  -3.75599  1.49989  0.689487  -1.64986  -1.16656  5.91268  0.559684  1.50201  -2.67919  -3.10806  0.980908  0.162663  8.60658  -0.21894  -0.198299  0.439509  0.455054  
-0.0787484  -20.9722  12.1463  -2.48201  396.396  1.12709  0.169398  0.0105625  -4.5216  0.50292  0.139851  -1.29182  -1.08169  4.19904  0.0397001  1.62213  -1.56493  1.61261  1.13142  0.595334  -4.56299  -0.248979  0.551573  -0.0354497  -5.91784  
0.281865  -7.92552  14.4386  -2.39152  262.97  1.17257  1.42148  -0.639411  -3.46166  -0.736134  -0.300917  -0.69275  -0.969477  0.530861  -0.0619513  1.00256  0.919191  5.50751  -0.0398421  0.741006  -35.032  0.141561  -0.845306  -0.61986  -9.4213  
0.555738  7.9403  -0.536205  -0.792018  54.2069  0.314513  1.4816  -0.568679  -2.50266  -1.40899  -0.536514  -0.0346865  -0.256192  -2.47287  0.0597135  0.0842009  2.81221  1.72882  -0.71937  0.699237  -53.7122  0.511392  -4.25961  -0.752962  -7.9646  
0.521285  18.845  -21.3168  1.37992  -91.4557  -0.489977  0.361132  -0.0130114  -1.77685  -1.36748  -0.608375  0.453062  0.956234  -2.9083  0.030696  -0.422994  2.49337  -8.30243  0.335704  0.722223  -36.7211  0.466853  -6.72484  -0.164962  -4.02556  
0.263404  21.1378  -28.9353  2.79438  -163.955  -0.763488  -0.789864  0.382641  -0.174649  -1.14499  -0.448853  0.657092  1.88527  -1.08086  -0.124372  -0.282613  0.528136  -15.2575  1.93909  0.78087  7.85158  0.0281902  -5.63131  0.791763  -1.2033  
0.0449448  17.9379  -17.5235  2.63574  -213.518  -0.714952  -0.926672  0.248705  2.37089  -1.20474  0.0997324  0.568823  2.08503  0.554262  -0.00541036  -0.0307439  -0.909023  -11.8206  1.87718  0.588332  47.549  -0.393973  -2.80046  1.37703  -0.641816  
0.00732581  15.482  0.426795  0.971507  -251.306  -0.697034  -0.213694  -0.19255  4.38372  -1.37014  0.963193  0.263978  1.93064  -0.181369  0.549212  -0.344701  -0.389965  -0.542229  0.00245103  0.0636185  58.2289  -0.364795  -3.28755  1.10114  -0.746203  
0.085121  16.0543  9.70105  -1.11626  -236.532  -0.716331  0.283032  -0.433529  4.73085  -1.1191  1.64179  -0.0838023  1.85937  -2.70576  1.09552  -1.11426  1.31367  9.06351  -1.23991  -0.408179  44.8753  0.181536  -8.69683  0.185  -0.0436421  
0.156841  15.1334  8.43524  -2.09071  -134.803  -0.447291  -0.169066  -0.225418  3.99637  -0.316757  1.54224  -0.283552  1.55542  -4.20364  1.02431  -1.44335  2.23206  10.6484  0.071657  -0.336845  30.5821  0.838092  -12.9742  -0.623711  0.837857  
0.181791  6.70494  5.35833  -1.31897  33.9042  0.380026  -1.15212  0.213598  3.39289  0.565652  0.568662  -0.294777  0.394694  -2.78211  0.301617  -0.728258  1.41037  6.33543  2.57148  0.27033  29.6092  1.05722  -7.56385  -0.745172  0.707728  
0.178642  -8.69649  5.56218  -0.024769  199.449  1.61705  -1.63115  0.51239  3.18627  1.00865  -0.679692  -0.282953  -1.34474  0.367824  -0.425813  0.49689  -0.182929  2.19562  3.06738  0.802714  36.111  0.679417  8.61378  -0.300314  -0.169995  
0.151695  -22.2903  6.16942  -0.135135  280.86  2.59459  -1.19076  0.616637  3.04763  1.0539  -1.37493  -0.457469  -2.26672  2.43843  -0.534003  1.0475  -0.915302  0.679966  0.594348  0.683668  35.4698  0.147478  26.2607  0.0664599  -0.219289  
0.109418  -24.8581  5.46967  -1.94682  231.123  2.41522  -0.398995  0.789712  3.26485  1.15713  -1.14851  -0.850556  -1.27384  2.23934  -0.0856105  0.456424  -0.294511  -0.845448  -2.17367  0.067871  21.233  0.105438  33.6403  -0.106631  1.84624  
0.107184  -16.241  8.10699  -3.34763  66.9341  0.771665  0.0235178  1.18231  4.28864  1.48795  -0.321848  -1.25422  0.86263  1.19858  0.330659  -0.506577  0.754634  -4.48645  -2.13194  -0.306487  -1.16522  0.711794  26.5603  -0.62095  5.34859  
0.19403  -5.77689  16.2667  -1.92484  -133.358  -1.41873  0.0971058  1.46592  5.15894  1.61302  0.464388  -1.37804  1.94334  1.17347  0.345406  -0.772376  1.15388  -7.4241  0.426838  0.00156453  -22.3397  1.40731  10.1166  -0.868851  7.73828  
0.31993  -2.35873  20.5365  2.2005  -268.819  -2.58112  0.423415  1.14338  3.90782  1.04649  0.79585  -1.06392  0.650361  2.10258  0.192709  -0.159987  0.755471  -5.32085  2.24099  0.612992  -35.6205  1.45212  -7.03571  -0.491908  7.29976  
0.370772  -5.34418  7.79651  5.98722  -274.598  -2.0185  1.23303  0.1865  0.408118  0.0120375  0.684468  -0.419339  -1.79303  2.44512  0.329248  0.641224  0.106448  0.971251  1.19035  0.844927  -37.4377  0.696706  -17.2571  0.289068  5.02598  
0.316939  -6.46202  -20.6495  6.27307  -156.458  -0.676204  1.91697  -0.791348  -2.47478  -0.633552  0.366141  0.23172  -2.77824  1.40173  0.843366  1.1085  -0.449874  4.7054  -1.15422  0.57219  -28.7798  -0.260631  -15.434  0.974687  3.56105  
0.269445  0.0403509  -45.2009  2.98089  20.204  0.0255134  1.7504  -1.11401  -2.24231  -0.378098  0.0363124  0.591759  -1.26275  -0.0594615  1.42579  1.43688  -1.0077  0.902402  -1.67385  0.260305  -17.8966  -0.708411  -1.63252  1.2992  4.68802  
0.351134  10.7452  -46.0951  -0.702106  175.091  0.0388107  0.822627  -0.771991  -0.8519  0.236657  -0.235121  0.632526  0.85779  -0.419546  1.82221  1.97352  -1.5359  -6.81193  0.330475  0.192485  -18.8525  -0.510252  15.8657  1.37985  7.25187  
0.540892  17.2197  -23.4363  -1.50385  256.534  0.707732  -0.029564  -0.374183  -3.16605  0.160311  -0.423778  0.577372  0.741126  0.622096  2.07988  2.51254  -1.58558  -9.37503  2.40241  0.0597031  -39.1756  -0.114742  24.3414  1.43511  8.10319  
0.681657  15.1691  4.36924  0.711439  256.384  2.60774  -0.163241  -0.427056  -10.2263  -0.876321  -0.489778  0.607695  -2.03241  1.97984  2.26895  2.49487  -0.869832  -3.01209  2.18248  -0.448007  -67.285  0.0416997  17.8319  1.47778  5.75284  
0.641407  8.11652  19.1216  3.07834  195.911  4.12083  0.153547  -0.762349  -15.8244  -1.87476  -0.389967  0.638017  -4.59186  2.36184  2.15946  1.7702  0.148023  5.67565  0.289354  -0.966079  -76.5558  -0.0173503  4.06919  1.31834  2.01442  
0.417211  2.40785  16.1379  2.80753  102.835  2.97891  0.185246  -0.837156  -12.2579  -1.59504  -0.12552  0.444346  -3.66822  1.27671  1.41621  0.743097  0.652864  6.92052  -0.80577  -0.780539  -46.5727  0.0202912  -3.76838  0.805303  -0.328207  
0.0956516  0.0536421  2.27465  -0.0843207  -2.70654  -0.860708  -0.287832  -0.483943  0.393786  0.00553042  0.241404  -0.00221951  0.759648  -0.786694  0.103081  -0.229387  0.461919  -0.71746  -0.190607  0.198857  15.5962  0.276095  -2.14322  0.0160377  -0.584282  
