0.339134  0.414449  -0.0890121  1.18335  0.957932  0.293235  0.986718  -3.21233  2.79542  -4.05928  -7.42108  -32.4012  0.247137  5.73291  286.826  -0.427876  0.190303  0.0479348  0.641158  5.12818  16.7313  8.46301  3.73801  36.9145  0.174003  
-1.65295  -1.9723  -5.03656  -5.0713  0.589951  1.38187  7.64811  88.4084  -8.14855  -31.723  -5.89928  -35.996  -7.7855  -12.2432  187.884  -3.36869  -0.60866  -3.41501  -3.13043  5.92064  -22.8025  4.68958  -3.9319  25.3078  -1.12583  
-2.65843  -3.02864  -6.64728  -8.05398  -0.546805  0.874429  8.58257  125.298  -13.7732  -37.3524  -2.9061  -27.8944  -7.57623  -27.1054  109.323  -5.46185  -1.05432  -4.84977  -4.7576  0.760869  -43.6113  -9.41645  -9.24881  -20.433  -1.5118  
-2.60272  -2.71346  -5.08744  -7.55309  -2.95974  -2.27072  4.38967  101.179  -13.1359  -19.5375  -0.733864  4.03304  -0.388604  -31.2348  54.8532  -6.22447  -1.14432  -4.14968  -4.51022  -4.57757  -43.5654  -28.7869  -10.911  -92.0835  -1.03148  
-2.20817  -2.08818  -3.25239  -5.96159  -5.94581  -7.22674  0.815086  57.0313  -9.65217  3.04952  -3.51819  50.3371  5.36176  -19.2796  17.0596  -5.63267  -1.20053  -2.87189  -4.03696  1.05587  -34.2081  -36.7709  -9.20407  -143.686  -0.551572  
-2.05463  -1.96343  -3.05868  -5.21474  -7.11509  -10.7703  1.72801  34.925  -7.14643  11.1004  -11.0019  68.0135  5.09273  1.38876  -0.194761  -3.99362  -1.44442  -2.38114  -3.50139  17.8978  -25.656  -23.9308  -5.80354  -136.897  -0.773305  
-1.96275  -2.03807  -3.47029  -4.95472  -4.02407  -9.44388  4.91364  39.4195  -6.4442  2.11278  -16.3173  22.716  3.19924  13.5673  29.3157  -1.79637  -1.64043  -2.66949  -1.28084  31.9838  -20.4645  0.460867  -2.88663  -78.7621  -1.60596  
-1.40697  -1.52895  -2.36701  -3.74918  2.84224  -3.05603  5.47874  43.7478  -5.77908  -10.6168  -11.6171  -51.9231  6.22262  7.00796  112.917  0.377241  -1.30625  -2.95595  3.05428  29.7471  -18.8149  17.5812  -1.792  -13.3834  -2.45781  
-0.379172  -0.388805  0.504757  -1.34109  9.1486  4.45058  2.21461  27.0891  -3.84816  -13.1542  3.15687  -68.5094  13.0026  -10.0686  192.214  1.97193  -0.369256  -2.84377  6.83374  12.0208  -20.895  18.0107  -2.0292  20.6561  -2.91447  
0.414807  0.450833  3.17588  0.968814  9.93552  8.29289  -1.02691  -2.8056  -1.62694  -3.62334  18.5087  13.8876  14.8588  -19.6612  176.875  2.61821  0.528692  -2.45442  6.6871  -9.14021  -22.4763  8.94693  -1.78368  20.5717  -2.97066  
0.31421  0.176408  3.6686  1.81371  4.27152  6.89338  -0.413213  -21.9181  -1.13407  8.19246  24.1136  120.557  5.77172  -12.8049  65.7554  2.25644  0.59729  -1.79652  2.56941  -23.514  -15.2003  3.39574  0.18514  10.9268  -2.7517  
-0.492057  -0.823437  1.87945  1.00021  -3.65082  2.61881  3.02791  -17.5248  -2.98478  11.4955  18.5508  129.342  -10.1372  2.85618  -0.198646  1.18605  -0.215262  -0.571703  -1.74705  -28.6355  1.72403  5.72353  2.94731  12.4891  -2.26325  
-1.11133  -1.26015  -0.716031  -0.645211  -8.5989  -0.953126  4.8321  1.34278  -5.68497  4.34723  9.5744  14.297  -22.6238  13.3776  119.539  -0.00462756  -1.11597  1.19125  -2.68777  -25.3309  14.724  9.5622  4.26567  24.319  -1.4601  
-0.904495  -0.377457  -2.51226  -2.00436  -9.24967  -1.92631  2.63121  16.8399  -7.24104  -5.63626  4.81737  -111.422  -25.6762  12.3695  350.814  -0.664106  -1.3414  2.6572  -0.59461  -14.2489  8.96681  7.85466  3.24122  32.978  -0.425766  
-0.146335  1.11893  -2.68528  -2.11153  -8.54619  -0.557892  -1.12722  19.5767  -7.00225  -9.42737  3.67259  -119.401  -22.2072  3.77813  418.122  -0.462519  -0.953648  2.72697  1.1238  0.893156  -11.1696  1.36585  1.56189  31.2824  0.626339  
0.352959  1.72543  -1.2601  -0.554213  -9.40356  1.88353  -2.38247  13.8328  -5.67315  -5.56722  -0.166315  -14.2769  -18.5572  -4.99302  157.656  0.329478  -0.575844  1.13949  0.127055  11.402  -22.9227  -3.59932  1.53588  23.744  1.48241  
0.16801  0.674238  1.04128  1.90539  -10.9423  3.83927  -0.299921  10.1508  -3.89578  -0.945412  -9.31594  72.8913  -16.2094  -9.36399  -215.506  1.06059  -0.486442  -1.05792  -2.40337  10.1697  -11.2725  -3.45617  3.01983  16.8384  1.98222  
-0.363725  -1.31221  2.90368  3.43342  -9.71708  3.70503  2.1877  15.8937  -1.60659  -2.80532  -17.8286  39.1639  -10.8601  -8.82265  -267.061  1.30863  -0.332225  -2.25609  -3.47972  -0.22723  11.939  -0.88142  3.42618  10.7028  2.00053  
-0.664682  -2.80214  3.0295  2.60318  -4.2648  0.92039  2.27577  29.112  1.0826  -10.2359  -16.7889  -74.3445  0.526902  -6.1684  171.208  1.23986  0.18436  -1.56988  -1.8355  -9.23619  22.1759  -0.499021  1.08045  2.7181  1.50993  
-0.611342  -3.00868  1.20413  0.00368515  2.61849  -2.81601  0.467258  38.4831  3.11075  -14.878  -4.04686  -138.546  13.706  -6.05583  755.24  1.29517  0.663975  0.411425  0.717117  -8.84371  11.842  -3.07997  -2.25683  -4.77796  0.660338  
-0.58376  -2.32082  -1.19483  -2.07749  6.45819  -4.37435  -0.666777  30.3222  3.3806  -10.3529  13.3375  -86.2182  20.2705  -11.0656  952.628  1.54037  0.387801  2.06725  1.17712  -0.292696  -2.8505  -5.29386  -3.1689  -5.52381  -0.354147  
-0.898863  -1.5961  -2.16521  -1.96262  5.40539  -2.25135  -0.0842691  0.800516  2.3007  0.322145  25.6817  24.9197  16.0915  -17.2259  606.399  1.46595  -0.730062  2.08985  -1.6398  9.48556  -6.07624  -4.15163  -0.749231  1.64678  -1.53384  
-1.37788  -1.17286  -1.01267  -0.374793  1.51331  1.40823  0.610592  -36.7866  1.52026  7.75798  28.0677  93.4981  5.24802  -15.8093  84.2552  0.49857  -1.866  0.566703  -5.65789  15.5412  -2.00213  -0.0578472  2.17711  9.3551  -2.99229  
-1.52972  -0.678755  0.824626  0.431527  -1.83833  2.87399  -0.324338  -60.1085  1.9238  6.49026  21.8305  84.7057  -4.76421  -2.96391  -148.492  -1.31373  -2.08974  -1.17298  -6.9525  17.305  -4.07809  4.68181  2.41582  9.1937  -4.4837  
-1.0661  0.29814  1.18255  -0.756362  -3.00206  1.26833  -2.2482  -55.981  2.67486  0.859004  11.248  42.6141  -10.0256  13.0809  -8.6487  -3.16443  -1.28059  -1.84682  -3.00526  15.4786  -11.838  8.88027  0.247984  1.12172  -5.14529  
-0.144685  1.59466  -0.49614  -2.82775  -2.49841  0.107269  -2.90508  -31.1458  2.92703  0.0836454  0.874688  16.862  -11.3491  18.1668  204.129  -4.05255  -0.121307  -1.34257  4.65675  10.162  -10.2456  12.8381  -1.13455  -7.16757  -4.06152  
0.830171  2.605  -2.4372  -3.64931  -1.41798  3.24546  -1.36192  -4.21362  3.39159  8.1418  -5.6639  11.681  -10.2181  7.13769  216.345  -3.53063  0.679688  -0.452423  11.0168  2.7483  7.00491  15.997  0.177114  -9.86577  -1.29182  
1.51498  2.90899  -2.41461  -2.23222  -0.284884  9.37058  0.773258  11.547  4.86376  19.1749  -7.02693  5.94494  -6.07307  -9.68356  71.6303  -2.01187  0.953641  0.188893  11.4646  -3.25025  24.0358  15.7614  2.37757  -8.80152  1.76417  
1.74404  2.60299  -0.23252  0.556626  0.669899  12.0261  1.4295  15.8511  5.57483  23.201  -5.31397  -6.13437  1.6002  -16.8596  4.99698  -0.416198  0.931758  0.595519  5.86353  -4.11987  20.6222  9.96312  2.32988  -8.64394  3.31183  
1.51359  2.0229  2.09488  3.05571  1.16275  6.28067  0.665893  13.8766  2.40001  15.5336  -4.63484  -12.8655  10.3529  -9.23826  129.688  0.511489  0.836177  0.881858  -1.21567  0.715169  -1.43045  0.38247  -0.324152  -9.72971  2.67403  
0.996216  1.35303  2.65365  4.13031  1.35169  -5.03071  0.370367  6.95503  -4.33021  0.369186  -6.50664  -10.2677  15.5115  4.40611  333.739  0.676046  0.76186  0.758971  -4.68275  7.89486  -18.6997  -7.47168  -2.56886  -7.96009  0.843967  
0.516251  0.619904  1.66947  3.64309  2.11555  -13.0491  1.59896  -6.13046  -8.99398  -13.9242  -7.85373  -10.0438  13.791  11.3381  450.076  0.59306  0.793948  -0.00956574  -3.31  12.1273  -14.807  -9.18258  -1.70431  -1.61669  -0.543155  
0.356259  -0.0430385  0.994373  2.14485  3.97211  -11.5643  3.06125  -21.2152  -6.03922  -21.9148  -4.72257  -19.9565  5.79262  6.24884  438.597  0.905432  0.989576  -0.94644  -0.138653  9.99206  0.331972  -5.98797  1.38347  5.15672  -0.717545  
0.490217  -0.367398  1.80268  0.450652  5.7546  -3.27245  2.70064  -28.3911  2.88716  -23.2924  2.43291  -29.5909  -4.50829  -6.49918  366.954  1.81734  1.18358  -1.19514  1.16996  2.81404  5.12981  -3.55269  3.29393  7.51243  -0.233503  
0.553319  -0.26285  3.19745  -0.695175  5.33792  3.51609  0.430761  -22.9774  9.4522  -19.5777  8.30373  -22.59  -11.9431  -17.7919  274.026  2.75777  0.981844  -0.598256  -0.143838  -3.88826  -4.97361  -5.77615  2.04209  6.916  -0.0848588  
0.169475  -0.0124586  3.19028  -0.958215  2.20612  3.90613  -1.55169  -13.2883  7.43525  -11.0857  8.36768  1.21668  -12.8488  -19.2583  120.698  2.62503  0.112314  -0.0556406  -1.98564  -5.18416  -12.664  -10.3559  -0.977447  9.84589  -0.614994  
-0.660255  0.0110373  0.815502  -0.655172  -1.33066  0.703268  -1.26142  -12.4047  -0.473341  1.86238  3.75645  23.2158  -7.60186  -7.57111  -115.536  0.685416  -1.2184  -0.557891  -2.34292  -1.83026  -3.2954  -11.1801  -2.99914  18.6958  -1.38121  
-1.5133  -0.214205  -2.77936  -0.524475  -2.49035  -0.320325  0.832253  -21.2278  -6.27067  15.6308  -0.448271  27.0974  -1.10781  12.3191  -349.681  -2.4562  -2.40315  -1.94739  -1.40386  -0.0616099  14.3063  -5.04676  -2.79312  26.6884  -1.85383  
-1.88417  -0.350273  -5.14805  -1.04499  -1.4096  2.30671  2.41376  -25.0669  -5.72031  23.5214  -0.903471  17.6625  1.03295  28.4106  -441.867  -4.79436  -2.90373  -2.88047  -0.707517  -4.63285  17.8312  4.59568  -1.0152  25.0616  -1.8936  
-1.56103  -0.150802  -4.60296  -1.83822  -1.01377  4.75099  1.93178  -11.5796  -1.58458  20.2789  0.809816  14.6826  -2.00254  29.692  -342.598  -4.34813  -2.61211  -2.04314  -0.895578  -12.7518  -0.835608  11.0014  1.62329  14.4972  -1.5026  
-0.714192  0.20485  -1.77333  -1.86118  -3.00845  3.64846  0.0813968  10.0978  1.76124  6.81372  0.677822  27.9492  -5.57948  15.6549  -155.848  -1.09766  -1.76256  0.608134  -1.0605  -16.4157  -24.2776  10.746  5.03941  5.86653  -0.443626  
0.297198  0.337457  0.780336  -0.45277  -5.01694  0.671177  -1.35695  15.0758  3.82105  -9.28215  -3.4339  42.3663  -5.41477  -2.86642  -31.7261  2.59596  -0.600332  3.7017  -0.183273  -11.5765  -28.8559  6.63527  8.35312  7.23239  1.49866  
1.14841  0.149054  0.864328  1.77688  -3.05291  -0.109866  -1.56657  -8.43172  6.30352  -18.5219  -9.77071  32.1371  -2.78289  -13.2187  -7.53532  3.9585  0.739989  5.39318  1.4452  -3.24702  -10.862  4.15652  9.2623  12.3892  3.80917  
1.64062  -0.0691967  -1.1376  3.24787  3.12426  1.82453  -1.2787  -40.4898  8.19183  -16.1352  -14.2042  -8.81994  -2.14499  -11.3376  21.6002  2.40932  2.05534  4.72068  2.58107  0.322272  10.5087  5.78478  6.25204  6.70596  5.13037  
1.70061  -0.0186081  -2.57037  2.88858  8.48251  2.36963  -1.48517  -46.3933  5.79141  -5.81943  -13.2068  -54.6478  -4.13548  -2.88856  165.494  0.0500197  2.93286  2.35451  2.49807  -2.09671  16.3739  9.0892  1.21743  -14.9613  4.28493  
1.35386  0.234703  -1.35263  1.31546  7.55748  -1.52759  -1.9921  -14.0886  -1.73304  3.24485  -6.5206  -71.1722  -3.95862  3.89369  384.205  -0.647221  2.91218  0.103485  1.57139  -2.95616  9.33689  10.0761  -1.73237  -39.678  1.50807  
0.677126  0.319729  1.63439  0.266016  0.288559  -6.80612  -1.70492  29.5718  -9.56404  4.78204  2.11798  -50.6044  1.95292  5.00082  499.465  0.550737  1.83356  -0.592351  0.513522  3.90124  8.15233  7.48489  -0.769642  -47.8649  -1.53918  
-0.247168  -0.0476272  3.44151  0.677867  -7.73453  -6.99389  -0.124312  45.5489  -11.6792  1.81772  6.97855  -17.586  9.86174  1.67596  365.627  1.61786  0.0192285  0.00152131  -0.385068  13.3159  22.7611  3.47206  1.34783  -32.0548  -3.23608  
-1.29059  -0.789987  2.31753  1.59973  -10.7773  -0.0637858  1.70795  23.3521  -7.3386  3.21638  4.80612  0.854594  12.0688  -2.32264  27.5245  0.795388  -1.8483  0.239589  -1.06891  13.5303  40.0893  0.626632  0.454423  -2.08249  -3.41395  
-2.17661  -1.52954  -0.365362  1.38797  -8.00018  8.13876  2.05109  -8.18673  -1.44185  12.2936  -1.94137  4.02299  6.12647  -3.95594  -296.533  -1.29144  -3.04166  -1.09733  -1.27939  0.803896  37.9044  -0.780091  -3.90407  25.6946  -3.18554  
-2.50382  -1.85202  -1.80445  -0.113591  -3.09614  9.80122  0.301794  -12.0976  1.30362  20.58  -6.04162  10.8134  -1.76725  -3.6495  -388.033  -2.35269  -3.11998  -3.33672  -0.926794  -13.7373  11.828  -2.34012  -7.87084  39.8549  -3.4145  
-2.02758  -1.55922  -0.938468  -1.23991  0.00591033  4.01396  -2.26626  18.4928  1.16236  16.3055  -1.48106  29.498  -3.66579  -5.2643  -200.294  -1.08643  -2.17862  -4.50758  -0.689911  -15.8083  -17.0497  -4.86578  -7.89827  36.3075  -3.67755  
-0.965072  -0.786847  0.673639  -0.664673  0.462883  -2.10142  -3.60101  55.302  1.83834  -0.587122  10.0321  46.5883  1.22965  -11.1706  117.879  1.31013  -0.845553  -3.43644  -1.54954  -5.23582  -24.4811  -7.15113  -4.68667  16.8762  -2.90571  
0.0575643  0.0497689  1.04003  0.830837  0.0280458  -1.74384  -2.78642  65.9274  5.2104  -15.3788  19.0449  46.2133  6.18274  -17.0492  356.232  2.42885  0.0867665  -1.0832  -3.33909  2.9497  -11.0443  -7.45113  -1.69237  -9.34296  -0.864746  
0.493653  0.481482  0.119269  1.45672  0.423029  3.51073  -0.72998  45.5147  8.89574  -13.8322  16.2873  30.9275  5.00844  -13.889  412.152  1.2159  0.244744  0.420721  -4.32672  -2.61281  -1.87432  -5.62698  -0.587928  -27.2605  1.38892  
0.345715  0.291261  -0.457827  0.905544  1.69194  5.76583  0.955229  17.5426  9.02992  1.20145  2.42908  15.4237  -1.21917  2.00953  339.955  -1.01287  -0.0336624  -0.00695736  -2.96472  -13.5143  -15.7144  -3.32079  0.291709  -26.1094  2.62155  
0.0899862  -0.329416  0.296634  0.704839  2.77463  0.604115  1.47526  6.9561  4.55025  12.695  -11.0942  4.9324  -6.02126  22.0984  250.331  -2.1048  -0.0795334  -1.35468  0.0358229  -9.92359  -39.5643  -2.20707  2.85506  -10.5633  2.69169  
0.101105  -0.965552  1.44015  1.82574  3.03236  -7.30207  1.26047  15.4359  -1.75496  9.269  -13.2132  -11.0418  -5.18895  32.4029  181.296  -1.39381  0.359796  -1.78265  2.0906  14.1729  -41.4471  -2.45161  6.04636  2.88515  2.44985  
0.239041  -1.3481  1.37549  2.94253  3.01279  -9.72793  1.03232  22.889  -5.85969  -2.20064  -5.01429  -42.7904  -1.39067  27.9037  94.7148  -0.207009  0.82833  -0.786088  1.46564  39.9171  -9.2434  -2.98981  6.8517  3.78048  2.53235  
0.0816136  -1.53009  -0.0870177  1.92863  3.77124  -4.76123  0.799351  10.3566  -5.74642  -6.52296  1.15937  -83.2818  -0.734927  17.058  -14.5375  -0.210396  0.720009  0.279508  -0.81159  41.8264  30.8925  -2.74147  4.08241  -0.865234  2.57636  
-0.464367  -1.65783  -1.39147  -1.23168  5.49313  1.28188  0.0819223  -19.7878  -2.32938  0.743458  -4.13065  -109.869  -5.47421  10.8099  -61.2126  -1.46029  0.0457892  -0.0607917  -2.20044  15.6268  41.1852  -1.4122  -0.0183509  3.81654  1.81986  
-0.923992  -1.61151  -1.02177  -4.03158  6.86674  1.97882  -1.1242  -46.1578  2.02422  9.17338  -16.212  -101.024  -10.8477  10.1483  30.1384  -2.31226  -0.520698  -1.40673  -1.45379  -16.6113  14.3834  0.560906  -2.17066  21.0217  0.203693  
-0.713945  -0.989146  0.774533  -4.09736  6.04979  -1.70833  -1.93921  -48.4889  5.15718  7.62869  -21.5252  -54.1219  -9.95462  7.93817  193.794  -1.30944  -0.396177  -1.79643  0.242447  -29.5295  -18.2674  2.28628  -1.43296  36.8627  -1.41249  
0.192146  0.427038  2.18571  -1.69767  2.42118  -3.5743  -1.49435  -25.8926  5.69366  -2.69058  -13.5684  8.1184  -1.51537  0.902158  260.569  1.04713  0.26914  -0.101792  0.95195  -18.5059  -22.653  2.92591  0.250575  35.4603  -2.14744  
1.16363  2.22555  1.6529  0.836481  -2.57714  -0.519464  -0.110456  4.35789  3.16015  -11.8596  0.0738685  48.9451  8.17149  -5.68039  152.665  2.70006  0.8013  2.27987  0.230519  0.244063  1.24043  2.33907  0.609064  15.8336  -1.94108  
1.51085  3.51098  -0.681098  1.70967  -6.44328  4.00283  0.993876  23.9345  -1.29684  -13.7523  7.08441  43.6593  11.7678  -6.6414  -7.19803  2.25469  0.749265  2.80812  -0.651222  9.12494  23.6316  1.3686  -0.482776  -7.57977  -1.38071  
1.1533  3.61835  -3.11449  1.08051  -7.61506  5.13133  1.1596  28.1932  -4.77769  -10.885  3.97584  3.28358  8.6972  -5.59287  -26.8075  0.587087  0.296347  0.819855  -0.405728  4.61974  22.0402  1.16811  -1.16086  -18.8925  -0.846365  
0.643527  2.69528  -3.79782  0.185045  -6.4888  2.87034  1.26831  25.5621  -4.60171  -8.04231  -1.7178  -29.94  5.10078  -10.6935  131.362  -0.0745282  -0.0426301  -1.46239  0.842996  -4.84622  4.54941  2.20988  0.147742  -13.7818  -0.15615  
0.547712  1.51969  -2.15081  -0.111147  -4.7887  1.50762  2.61838  24.4291  -1.20746  -6.21069  -1.22209  -19.4691  6.10129  -22.8797  317.036  1.29838  0.0492014  -1.35617  1.88243  -10.9938  -5.85152  4.18426  2.86831  -0.43344  0.867579  
0.864075  0.744918  0.687352  0.282272  -4.09987  3.60511  4.86857  24.5933  1.65945  -4.26173  6.48593  28.6398  9.68221  -33.2297  378.411  3.23762  0.513494  1.19601  1.81191  -13.1987  -1.43578  6.69112  4.86299  8.7229  1.72739  
1.08742  0.383248  2.57054  1.03127  -4.83932  6.69433  5.78142  21.6294  0.773185  -2.92323  15.1552  69.4093  9.6386  -33.3035  327.543  3.30613  1.10572  3.55976  0.885883  -15.5349  4.40028  9.41959  4.63132  6.47986  1.55584  
0.794342  0.0335047  1.97203  1.60095  -6.18982  6.46988  3.41892  16.0841  -2.69454  -3.50827  17.9956  63.1489  3.80936  -24.8552  290.431  0.838193  1.55905  3.36789  0.113496  -19.8546  -1.3848  11.4237  2.75438  -4.16557  0.162857  
0.0869705  -0.527096  -0.599781  1.42371  -6.72493  1.83393  -1.27595  14.365  -4.2853  -4.19659  12.6604  15.0899  -2.75658  -16.2898  328.947  -2.18293  1.61685  1.00246  0.158439  -22.8351  -13.3904  11.0407  1.04723  -13.1078  -1.48452  
-0.554261  -1.08052  -2.75304  0.44598  -5.41569  -4.05049  -4.8964  20.5251  -1.60518  -1.10375  2.35178  -32.1345  -3.71585  -11.9514  368.866  -3.16525  1.12003  -1.15578  0.659349  -19.4963  -15.6887  7.65878  0.542104  -12.0895  -2.17039  
-0.776196  -1.26048  -2.24839  -0.579918  -2.37005  -7.1248  -4.71835  29.8873  2.6253  6.10212  -6.516  -43.0314  0.939239  -8.34404  303.808  -1.53205  0.195811  -1.41463  0.665547  -8.99194  -3.04718  3.17417  0.635205  -2.11913  -1.77079  
-0.64664  -0.968386  0.697434  -0.777575  1.09739  -5.95848  -1.2966  33.2217  3.80711  12.1808  -8.64876  -22.1001  5.0264  -1.2927  123.669  0.897144  -0.713423  -0.233858  -0.236326  3.70966  12.3989  0.512657  0.227113  8.28406  -1.37024  
-0.477205  -0.458065  3.35476  -0.171519  3.29419  -2.27222  2.19994  25.4102  1.03066  11.8115  -4.41996  -2.93026  3.75049  7.33472  -83.3948  1.9776  -1.16055  0.787233  -1.29749  12.1459  15.2284  0.113184  -0.732264  11.7384  -1.84899  
-0.442511  -0.062683  3.07208  0.331532  3.33534  1.03792  3.19527  8.76551  -2.0423  5.75689  0.229329  -10.3345  -1.02316  13.2116  -230.896  1.27236  -1.06249  0.711204  -1.38874  14.5318  3.29013  -0.910352  -1.10189  8.03656  -2.60778  
-0.415959  0.111073  0.0119996  0.152994  1.87482  2.16064  1.76345  -10.5997  -1.89631  -0.0513018  0.16942  -37.4969  -4.09308  17.4189  -304.645  0.0446298  -0.70939  -0.153241  -0.443718  14.6677  -11.5603  -5.07516  0.150248  1.61106  -2.1009  
-0.171291  0.216818  -2.96038  -0.204308  0.67611  1.35995  -0.150317  -26.3608  0.505646  -0.885513  -3.05035  -58.0027  -3.63802  25.9875  -342.088  -0.408741  -0.413663  -0.997532  0.197436  15.9485  -16.7778  -10.2334  2.72261  -4.44119  0.251105  
0.309145  0.427276  -3.13299  0.131097  1.21275  0.261095  -0.783636  -33.1626  1.22058  2.66467  -3.42385  -54.7623  -2.12284  39.7923  -370.935  0.0267889  -0.23905  -1.38035  -0.78114  15.7781  -10.9666  -10.8556  5.1004  -9.55975  3.09275  
0.753719  0.676195  -0.56607  1.0936  3.35524  0.0839443  0.251183  -28.3879  -1.43888  7.02134  1.29692  -33.125  -0.762297  48.4735  -380.773  0.561613  -0.0758057  -1.37242  -2.98476  7.97051  -3.5555  -4.39644  5.86593  -12.4127  4.34066  
0.839388  0.67614  2.24244  1.5995  5.34904  0.460916  2.32608  -15.4416  -4.55426  10.0798  6.3901  -8.94565  3.32988  39.1681  -345.757  0.511083  0.128757  -1.239  -4.53092  -8.52132  -4.32409  4.59872  5.03489  -10.1379  3.26932  
0.517353  0.2545  3.03287  0.888161  5.31196  0.147214  4.32303  -3.35632  -3.80184  12.0241  6.76426  10.0028  12.038  12.2088  -263.546  -0.133462  0.308565  -1.08669  -3.98848  -24.6191  -12.8995  8.54091  4.2502  -2.42385  1.08997  
0.095485  -0.332591  1.83048  -0.372415  3.02203  -1.24359  4.8043  0.0983433  1.59869  12.281  4.40106  27.3717  20.1623  -15.437  -167.222  -0.848771  0.413622  -0.755303  -1.76595  -28.2626  -18.5168  4.91193  5.27184  6.08411  -0.50514  
-0.0456749  -0.567789  0.330208  -0.751324  0.208441  -2.60421  2.61702  -5.00132  7.68415  7.97409  5.16978  46.2078  18.9307  -25.465  -92.367  -1.04479  0.487474  0.114827  0.655647  -17.8888  -10.8817  -0.999453  7.71494  9.44031  -0.960158  
0.158096  -0.259394  -0.239318  0.270583  -1.19816  -2.78322  -1.96791  -12.5224  9.24856  -2.8602  9.17522  59.9838  6.61202  -16.6411  -29.3261  -0.43179  0.578911  1.68474  2.44524  -6.85373  7.30831  -2.17481  8.50741  5.81643  -0.863824  
0.382134  0.1166  -0.25142  1.73182  -0.93995  -2.05253  -6.62021  -17.2548  4.48527  -16.2042  8.69409  58.9047  -7.29573  -5.17984  77.18  0.826556  0.648417  3.5179  3.79515  -10.5862  21.3991  2.25101  4.5866  -1.34148  -0.759454  
0.287403  -0.11107  -0.690127  2.4006  -0.397192  -1.56914  -8.37354  -18.3037  -3.37864  -22.6913  -2.01114  42.8796  -11.5741  -6.10398  259.056  2.23171  0.636837  4.68973  4.83047  -28.0952  19.9496  6.42398  -3.29569  -6.40028  -0.523419  
-0.0524945  -0.938569  -1.6302  2.11498  -0.654845  -1.69905  -6.41562  -15.9543  -8.74124  -15.6796  -16.677  23.9581  -5.87003  -16.8684  453.353  3.31165  0.593591  4.49335  4.92544  -38.3478  8.10523  4.9637  -10.0501  -5.07737  0.0513312  
-0.204776  -1.50499  -2.13456  1.55202  -1.23592  -1.4354  -3.04775  -9.6536  -8.05139  0.986942  -21.2564  14.1539  -0.392104  -22.1151  529.412  3.82102  0.633593  3.08358  3.57346  -19.9004  1.67127  -0.827043  -10.6448  3.29596  0.590203  
0.07182  -1.03047  -1.51768  1.03536  -1.14624  0.311394  -1.28034  -0.903949  -2.47371  15.0865  -9.15591  12.2066  -2.96337  -13.4715  410.697  3.56599  0.725679  1.33025  1.41103  23.2966  7.64438  -4.74081  -5.185  14.5732  0.452892  
0.423784  0.125928  -0.251602  0.203162  -0.666079  3.13379  -1.45318  5.03526  3.43478  17.0402  10.0195  5.19704  -9.85061  -0.266189  156.899  2.23968  0.609456  0.0577396  -0.295542  59.0971  14.9707  -2.72344  1.12151  21.5764  -0.39841  
0.220514  0.705907  0.660295  -1.02911  -1.1822  5.26252  -1.08041  3.81956  5.84593  8.28004  19.4706  -16.0606  -11.4533  1.60302  -84.7637  -0.200915  0.00932804  -0.606568  -1.01655  55.9091  8.13893  3.28521  3.25758  20.7801  -1.24765  
-0.696987  -0.0452431  0.89331  -1.869  -2.92905  5.16075  1.69743  -2.07121  4.73402  -2.39361  12.1125  -44.3481  -4.57588  -10.4559  -206.813  -2.90272  -1.03708  -1.09372  -1.23205  16.1385  -12.6997  8.26085  1.04383  17.0626  -1.42746  
-1.70128  -1.41312  0.973856  -1.49143  -3.88473  3.06158  5.46667  -5.36073  2.89448  -9.00596  -3.10297  -60.2199  4.55052  -20.9915  -205.56  -4.34292  -2.08114  -1.71244  -1.40976  -22.5682  -29.6638  9.27584  -1.80781  18.4775  -1.01626  
-1.92208  -1.89  1.35896  -0.239269  -1.84504  0.816444  7.39796  -2.91676  2.40348  -12.058  -11.9677  -50.2262  8.67773  -12.8634  -139.44  -3.66109  -2.53526  -2.15494  -1.27123  -23.8253  -26.3543  6.76715  -2.35298  24.2119  -0.577565  
-1.08353  -0.750296  1.79746  0.656938  2.52985  0.145288  7.17822  1.52902  2.57669  -12.9753  -9.15186  -20.233  7.19112  13.452  -62.8679  -1.73513  -2.093  -1.80486  -0.432636  11.6545  -6.30886  2.28498  -1.00728  22.1854  -0.400818  
0.261386  1.24373  1.86092  0.614052  5.78099  0.841008  7.14848  3.66358  1.5061  -9.2495  -0.746364  10.1621  4.38841  38.4981  -14.4803  -0.447891  -0.95231  -0.586508  0.591585  49.0196  9.73543  -2.87782  0.248994  2.89675  -0.255663  
1.29174  2.68419  1.70905  0.356222  5.22804  1.02545  8.38158  5.96136  -1.31268  1.60556  5.63666  26.3787  3.09633  41.6662  -28.0608  -0.671918  0.336533  0.624064  0.76502  56.6572  4.08205  -6.74527  0.731759  -26.5046  0.121633  
1.61246  2.82292  1.82323  0.801873  1.96737  -0.46146  8.55935  13.3588  -4.42944  14.9045  9.45641  29.9274  2.5887  19.6418  -113.648  -1.25127  1.24578  0.719595  0.00274877  35.7173  -20.6504  -6.87101  1.18737  -47.7788  0.603457  
1.40013  1.97212  2.03072  1.69049  -0.360688  -2.12786  5.52531  23.4621  -6.07685  20.1606  14.7248  30.759  1.47336  -11.1652  -233.374  -0.351281  1.5774  -0.396691  -0.350563  11.3783  -43.2305  -3.08043  1.82123  -51.5824  0.818978  
1.03047  0.889894  1.34053  1.90907  0.485888  -1.02976  1.73875  24.9161  -5.47337  11.4783  21.6421  31.8886  -0.168798  -28.9921  -340.301  2.27533  1.49505  -1.51563  0.874337  1.58521  -41.6998  0.974371  1.61235  -45.4636  0.584347  
0.718635  0.102289  -0.816352  1.08721  3.26668  3.39949  1.89924  10.2609  -2.61804  -5.14465  23.9678  27.105  -1.8623  -24.0005  -443.946  4.79651  1.29226  -1.31367  2.82736  1.67909  -11.9406  1.19188  -0.11087  -38.9883  0.0159066  
0.466252  -0.256117  -3.49923  0.191879  5.04151  7.51342  5.7133  -12.9365  1.90343  -17.0243  15.6553  14.243  -3.84828  -4.21643  -595.456  5.26094  1.10358  0.187623  3.18085  -1.65904  28.5725  -1.9788  -2.39285  -27.9947  -0.716098  
0.176406  -0.307889  -4.8854  0.220184  4.27367  6.60667  5.95716  -27.6577  6.25294  -16.7888  -1.28211  1.81947  -5.96929  13.0526  -775.925  3.6341  0.796202  1.64799  0.879737  -9.61374  55.2546  -3.81216  -3.51719  -3.55033  -1.52974  
-0.254687  -0.305494  -4.08271  0.868048  1.73219  0.171421  -3.50828  -26.8689  7.58833  -7.97519  -16.6695  -3.24329  -6.77316  15.5916  -835.546  1.60665  0.126844  1.85617  -2.26449  -10.7154  55.8882  -1.22434  -2.82243  26.3574  -2.31981  
-0.833637  -0.43937  -1.95654  1.04038  -0.95071  -6.71489  -18.8154  -22.1298  4.62343  0.683129  -20.4423  -8.52508  -4.8342  5.16964  -607.459  0.538499  -0.944116  0.918214  -3.56237  1.74589  37.98  3.11713  -1.13366  36.9504  -2.83219  
-1.33027  -0.567748  0.0625996  0.448694  -2.81901  -8.14803  -28.2267  -28.8354  0.052159  4.72309  -11.3699  -25.2984  -0.694931  -5.47448  -103.802  0.0743319  -2.01913  -0.136477  -2.85546  18.424  17.2248  4.31884  0.284564  14.8912  -2.78818  
-1.29704  -0.232122  1.6007  0.015387  -3.68343  -3.36955  -24.1528  -44.0773  -1.16433  7.1546  1.63583  -44.8833  3.37267  -4.31458  442.978  -0.995595  -2.36296  -0.607875  -2.88078  23.9972  2.84081  1.90548  0.538355  -20.5518  -2.11571  
-0.430013  0.83314  3.3286  0.517025  -3.56265  2.69936  -10.9924  -47.3086  2.92361  13.1629  6.79417  -40.2948  5.35061  9.195  764.135  -2.88122  -1.43478  -0.601491  -5.40765  14.56  -4.95532  0.18718  -0.907196  -35.1606  -1.01262  
0.983363  2.18077  5.39341  1.51758  -2.60513  4.69393  0.0058543  -26.3147  8.24848  22.7252  -0.226482  -0.273774  4.76699  23.9183  773.573  -4.21165  0.475907  -0.455643  -7.82006  0.791544  -6.31182  1.64321  -4.00702  -17.7512  0.203621  
2.10003  2.87603  6.51224  2.10256  -1.31124  1.80004  2.14665  3.67966  8.51054  29.1683  -11.7756  46.7599  2.75737  27.3426  589.27  -3.41143  2.17965  -0.142685  -5.11212  -5.31748  1.47169  2.51768  -7.28093  8.68424  1.28377  
2.20916  2.41962  5.19106  2.28582  -0.296647  -2.4249  -1.52527  17.0829  2.08819  25.7613  -15.0945  58.0815  1.66381  16.8568  374.745  -0.452185  2.44673  0.475536  4.01615  -2.58666  16.1284  -2.55973  -8.03184  16.762  2.11096  
1.44006  1.32539  1.74679  2.80538  0.344753  -4.25749  -3.41575  13.1849  -5.94841  13.5608  -5.32883  26.5831  3.53229  1.5756  203.146  2.8736  1.18846  1.22789  14.0777  1.56484  25.4429  -12.4062  -4.54608  6.89704  2.68022  
0.681196  0.644993  -1.45721  3.5335  1.02504  -2.87231  0.648406  21.2421  -9.30555  1.75631  8.36822  -8.24709  7.50215  -6.40385  72.1414  4.39468  -0.309242  1.74115  17.1928  1.96683  17.3234  -18.4042  1.69825  2.47249  3.05738  
0.661908  0.854533  -2.15412  2.90033  1.85086  0.0456705  8.26692  61.923  -6.7117  -1.22145  11.6771  -6.7906  8.71206  -2.71379  -22.1434  3.33139  -0.602225  1.91576  10.9392  0.238283  -4.7789  -13.3927  6.87744  16.6132  3.26813  
1.14648  1.30785  -0.454837  -0.368426  2.22552  2.61168  12.8753  112.312  -1.95288  3.17356  0.610481  24.7713  2.06618  6.10875  -78.3296  0.798169  0.399483  1.90704  0.968883  -0.608191  -22.8491  -0.0103011  8.40857  34.7044  3.20776  
1.19696  0.923066  1.23531  -5.24066  1.49903  4.12553  8.72116  122.548  1.49306  5.55943  -14.3021  47.4515  -11.1654  8.96751  -129.046  -1.27077  1.35234  1.71007  -4.7437  -2.03629  -23.2322  11.2046  7.26521  33.169  2.75152  
0.29597  -0.529692  0.671829  -8.85118  -0.0494682  4.54251  -4.25025  71.5737  3.87087  0.0709821  -19.4516  41.7648  -21.9649  0.39783  -216.953  -1.76782  1.01724  1.11416  -3.48494  -6.95582  -11.8552  11.7822  6.11722  8.54459  2.02331  
-0.949783  -1.94867  -1.96648  -9.15664  -1.25541  3.62881  -18.7654  -4.34313  6.7493  -8.59958  -12.0015  27.9893  -21.0122  -13.6272  -311.795  -1.17799  -0.353774  0.224231  0.693721  -12.8876  -6.49956  2.62363  5.73077  -18.6507  1.47047  
-1.39996  -1.89523  -4.26693  -6.72333  -1.08183  1.23644  -24.6644  -46.7338  8.92633  -11.4162  -0.254601  30.4566  -8.16265  -19.4832  -302.458  -0.809808  -1.39669  -0.328642  2.28722  -12.9798  -15.4534  -8.18043  4.33345  -27.1661  1.46692  
-0.666005  -0.218908  -4.0532  -3.68345  0.477649  -1.7011  -17.5189  -34.7602  6.97807  -6.2077  7.45195  39.1465  6.68289  -8.11885  -119.831  -1.2787  -1.25339  -0.034361  -0.0461995  -5.45756  -28.2585  -13.2242  0.732652  -16.1565  1.86029  
0.416793  1.47855  -1.53735  -1.37532  2.43613  -3.34942  -3.20907  -1.7504  0.130542  0.182481  10.1633  24.3029  12.8253  14.3555  156.009  -1.74961  -0.408881  0.763075  -3.21355  1.61873  -28.7537  -11.0321  -3.22194  -2.19177  2.08103  
0.724142  1.31426  0.9406  0.403664  3.57212  -2.59529  7.47332  6.79285  -7.03678  0.796069  10.638  -17.0081  8.50033  29.3825  357.583  -0.822075  0.164691  1.08935  -3.83183  -0.775215  -13.6737  -5.12649  -4.40615  0.210774  1.78651  
0.115183  -0.799564  1.35756  2.07547  3.22841  -0.40906  8.96902  -16.4466  -8.43564  -3.76581  9.32522  -49.8027  1.16011  22.0779  399.813  1.76952  0.26892  0.380611  -1.68501  -9.49722  4.64032  -0.128718  -2.16981  -8.43713  1.24546  
-0.472154  -2.81255  0.0635037  3.17248  1.82543  1.06219  4.89628  -40.4493  -2.95442  -7.88777  5.13347  -40.9852  -1.00795  -3.07032  340.484  4.52295  0.459855  -0.894236  0.732792  -9.97785  11.9802  1.17849  0.789526  -16.4855  0.930444  
-0.188764  -2.57639  -0.726097  2.96202  0.782626  1.05642  2.18368  -39.43  3.87649  -8.4893  0.173557  1.23518  3.09735  -23.5512  257.2  5.41395  0.971962  -1.69514  1.2087  7.2657  4.95387  -1.21235  1.55361  -13.9265  0.874573  
0.718043  -0.17597  0.467192  1.72885  1.42126  1.15198  3.35939  -25.6286  5.3335  -6.45661  -1.08449  37.7257  7.69921  -18.7541  132.085  3.80938  1.2317  -1.39979  -0.133835  33.1408  -10.0638  -4.39221  0.0336987  -0.768338  0.687011  
1.26545  2.15585  2.57198  0.732721  3.35511  3.16604  5.56933  -31.4542  0.350843  -2.14848  2.04088  39.8096  6.88342  9.85046  -85.017  1.05366  0.678718  -0.269682  -1.44925  47.2879  -24.4109  -3.74005  -1.72573  14.7695  0.189176  
0.935411  2.48594  3.07099  0.760424  4.18794  6.46444  5.61749  -63.9369  -5.5172  5.92245  4.43381  10.0393  0.343881  39.3817  -338.283  -0.914608  -0.308057  0.881691  -1.27979  38.9121  -30.5537  3.62028  -2.49742  23.6071  -0.264514  
0.229013  1.17877  0.879121  1.23934  1.5932  8.15836  3.53979  -86.2122  -5.84635  16.2565  1.45537  -31.6581  -6.88916  47.2302  -497.972  -1.38273  -0.741022  1.31351  0.0508502  17.5115  -21.5911  14.9832  -3.00648  22.1  -0.19681  
-0.0120768  0.196486  -2.29343  1.02349  -3.86712  6.22513  1.19526  -51.8155  0.296914  21.8767  -4.67717  -68.0279  -9.54547  31.3463  -567.009  -1.24405  -0.21403  0.835756  0.989524  1.71401  3.94463  22.3796  -4.10421  13.1839  0.488416  
0.41868  0.693461  -3.69692  -0.17153  -8.5489  1.75388  -0.343721  42.706  7.85977  16.7808  -7.34068  -85.8657  -6.71686  9.26006  -734.417  -1.65257  0.622328  -0.14619  0.473963  0.107784  34.0967  18.6995  -5.00171  3.13308  1.60568  
0.982292  1.82704  -2.43243  -1.51928  -8.95396  -2.31661  -1.02494  142.788  11.2611  4.21052  -3.20226  -72.1222  -1.85097  -1.59247  -1102.95  -2.54035  0.892634  -0.921915  -0.912346  5.22863  47.6513  4.83491  -4.14636  -2.68851  3.0264  
1.11928  2.02851  -0.317798  -2.10415  -5.12478  -4.21447  -0.517494  177.922  9.66869  -4.80128  4.15589  -23.988  1.47325  -0.658827  -1406.44  -2.56066  0.495293  -1.05145  -1.46615  5.01622  34.6309  -9.69295  -1.33116  -2.55199  4.51123  
0.811943  0.93878  0.14761  -1.92317  -0.323163  -4.54244  1.33738  122.155  6.77398  -2.45141  8.71473  38.5347  3.19898  -1.58362  -1189.86  -0.559494  0.0213952  -0.690175  -0.0235334  -3.81144  13.0058  -14.637  1.7875  1.0355  5.27507  
0.408876  -0.312447  -1.64481  -1.72711  2.56167  -4.69892  3.00757  16.519  5.75902  8  7.93608  82.32  5.87467  -14.6786  -372.203  2.91375  -0.119167  -0.343666  2.80128  -14.5607  14.6068  -7.94704  3.31551  3.31952  4.30378  
0.149738  -0.54454  -3.97809  -1.9914  3.37332  -4.99836  1.90433  -65.8572  5.71548  16.7041  3.93281  87.6802  10.4197  -34.2037  490.247  5.71706  -0.0929535  -0.197534  4.96089  -19.323  48.5687  2.83527  2.69427  1.31991  1.4662  
0.051501  0.233416  -4.61748  -2.23189  3.6209  -4.81021  -2.53851  -78.0055  3.42245  17.4244  0.343507  60.5926  13.7301  -43.7946  694.583  5.94212  -0.116554  0.160236  4.75793  -15.9671  83.5355  7.95907  0.685508  -2.91868  -1.92933  
0.132826  1.06203  -2.81592  -1.50214  4.022  -3.56363  -7.09876  -30.7978  -1.94642  11.2518  -1.13854  18.4831  11.831  -33.6816  163.96  3.73656  0.110316  1.22539  2.34408  -8.02111  76.3477  4.18292  -1.34562  -3.99419  -4.12402  
0.50138  1.20372  0.307594  0.374399  4.08764  -1.10805  -7.35766  21.0726  -7.10679  2.31557  -1.73403  -26.3292  5.04631  -11.1662  -437.627  1.16154  1.0886  2.81503  -0.38544  -0.841856  20.1462  -3.37839  -1.8714  0.249262  -4.45659  
1.10869  0.759856  2.98022  2.22202  3.52998  2.14357  -2.50978  24.9038  -8.01275  -6.34999  -4.2025  -63.966  -1.63434  6.87186  -457.271  0.090271  2.64884  3.98815  -1.44504  1.73442  -43.5126  -7.08376  0.239019  4.37714  -3.62363  
1.58048  0.292249  4.25105  2.51785  2.94467  4.77368  3.03861  -27.8191  -4.38031  -12.3186  -9.39747  -78.1595  -4.29242  11.0349  3.1776  0.382582  3.71424  3.84402  -0.540277  -0.185986  -65.0459  -4.0129  4.66816  0.686668  -2.52787  
1.46408  0.12984  4.46042  1.04114  2.76227  4.60416  3.3577  -93.5  -0.00416295  -12.4305  -14.0049  -56.0623  -4.89833  7.6764  266.798  0.333055  3.18087  2.34166  0.756717  -1.90797  -36.0432  2.23058  9.29141  -9.92064  -1.33946  
0.691735  0.151109  4.51124  -0.728429  2.35417  0.717032  -3.21659  -111.569  1.3707  -5.3412  -12.6177  -9.0868  -8.57833  9.77575  -31.7289  -1.04625  1.05531  0.310563  0.709324  2.4641  6.26843  6.01426  11.6917  -15.3964  0.115524  
-0.277762  0.0700474  4.73818  -1.09323  0.933851  -4.54254  -11.9479  -57.0067  -0.204285  5.26502  -3.88552  29.6872  -16.1757  22.1589  -459.861  -2.69197  -1.38326  -1.28358  -0.712898  13.6894  20.834  5.44954  11.3216  -4.67042  1.50825  
-0.831021  -0.197191  4.44588  0.104425  -1.06544  -6.6993  -15.6422  36.6111  -1.80661  12.3713  6.07674  37.8832  -21.6754  37.1459  -315.959  -2.75299  -2.62172  -2.03362  -1.90768  24.8728  2.61968  3.68906  9.61475  17.8222  2.10185  
-0.744946  -0.446882  2.58527  1.50016  -2.2689  -3.45704  -10.9881  104.804  -1.63558  11.6398  8.23728  29.0126  -18.5547  43.8884  493.153  -0.937598  -2.19599  -2.15767  -1.6623  27.3555  -19.8766  4.99258  7.54663  33.5597  1.6331  
-0.336489  -0.361848  -0.909045  1.87299  -1.9466  2.60767  -1.21129  106.74  -0.960471  4.60141  0.128965  35.195  -7.71474  38.6856  1293.98  0.999577  -0.984291  -1.98435  -0.71722  19.5936  -19.536  9.66981  3.87376  28.4653  0.644115  
-0.0831566  0.208751  -4.44934  1.27139  -0.708517  6.70064  7.29283  58.246  -1.83834  -3.68659  -10.3334  66.883  2.63688  25.3328  1380.28  1.35283  -0.266583  -1.54192  -0.868934  8.4804  1.94293  13.0517  -3.12821  8.09035  -0.214342  
-0.118255  1.09219  -5.70833  0.362577  0.44755  6.87158  10.5304  14.2268  -3.87055  -8.51921  -11.9253  99.0417  5.45115  8.44799  734.905  0.562001  -0.507252  -0.738729  -2.60068  0.884563  19.8254  9.56644  -12.2007  -8.38892  -0.824495  
-0.168998  1.83004  -3.68244  -0.709398  1.19877  5.37161  9.13919  15.8782  -4.28959  -7.35491  -1.63731  99.881  1.76735  -9.05073  -53.62  0.542013  -1.05294  0.196286  -4.16239  -3.62542  14.0751  -1.73663  -18.471  -8.61206  -1.3744  
-0.00227741  1.886  0.00742927  -2.08187  1.6454  4.52986  6.14441  50.5586  -1.16619  -0.9445  11.4702  65.9843  -1.602  -21.9231  -452.764  2.03074  -0.995067  0.682823  -3.42612  -9.61662  -10.6513  -15.4309  -17.3333  1.93072  -1.77397  
0.207887  0.989176  2.20329  -3.04922  1.57271  3.14787  3.67014  63.7352  4.13985  5.70038  14.8492  21.5422  -0.0744726  -22.2237  -436.252  3.4086  -0.188566  0.424359  -0.397637  -17.2683  -30.2957  -23.4881  -9.13603  9.54898  -1.68711  
0.115065  -0.54696  1.14119  -2.27254  0.689081  -1.24242  1.98289  16.3371  8.1672  6.04972  5.11976  -12.2525  4.52802  -7.67787  -333.346  2.73667  0.689972  -0.0803448  2.58089  -20.9977  -25.6186  -21.5006  0.510571  8.52158  -1.03881  
-0.224907  -1.83519  -1.55416  0.277959  -0.443404  -7.0578  0.672565  -68.0173  8.65046  -1.10472  -7.64822  -35.8734  7.51374  10.6857  -413.509  0.431265  1.03131  0.0991196  3.23296  -17.9978  -1.30175  -12.1392  5.18168  4.4825  -0.124047  
-0.266777  -1.99892  -2.26521  2.47782  -0.454951  -8.5751  -0.278323  -121.29  6.19631  -8.63274  -9.65172  -59.0579  7.12419  14.8219  -682.607  -1.03487  0.989071  1.29971  1.59253  -14.7572  19.1164  -2.76383  2.69046  4.31037  0.821586  
0.334021  -1.02218  0.814903  2.34176  1.34917  -3.10619  -0.754102  -105.439  3.06856  -8.53622  1.79906  -80.6454  5.65312  -2.94822  -971.546  -0.336131  1.11973  2.74574  -0.365293  -21.1485  18.9395  0.628815  -3.69874  8.01946  1.81343  
1.07928  0.0189005  5.42864  0.900059  3.92063  3.43505  -0.996669  -62.3952  0.85807  -2.77444  13.6872  -88.0344  5.7231  -30.2479  -1099.97  0.601998  1.5061  3.22472  -0.947545  -38.0501  7.13726  -2.1463  -8.48021  11.7199  2.74219  
1.01385  -0.125911  7.3487  1.35051  5.28252  1.5885  -1.35372  -71.2662  -0.286667  -2.30499  10.0085  -73.552  7.15143  -45.1417  -974.306  -1.31159  1.58299  2.27015  -0.233561  -54.0421  7.32357  -6.45837  -8.32458  13.9494  3.1283  
-0.0989435  -1.48689  4.83481  4.75848  4.51469  -9.86953  -1.79394  -149.494  -0.762912  -12.2885  -9.89858  -44.4614  7.76803  -37.1241  -642.955  -6.11575  0.938022  0.604923  0.576885  -55.9066  27.7399  -7.85164  -4.23206  15.3827  2.59675  
-1.25424  -2.58636  0.537064  7.72202  2.60954  -19.953  -1.89067  -213.573  -0.548497  -22.1728  -27.7829  -15.7101  6.10262  -15.9561  -286.904  -9.60474  -0.0143836  -0.558995  0.699042  -40.6229  47.6395  -5.80185  -0.128432  14.3184  1.48296  
-1.17445  -1.8384  -1.52207  5.72531  1.24508  -15.9257  -1.29581  -161.389  0.654614  -16.1116  -23.8967  3.37361  2.43077  0.998554  -87.8354  -7.28949  -0.457878  -0.526993  0.270542  -15.1763  39.1155  -2.74542  0.723113  7.13661  0.544351  
0.223183  0.710599  -0.486822  -1.3594  0.918943  2.24275  -0.164648  7.40028  2.67466  7.15155  1.56193  14.1844  -2.16247  8.11568  -59.6423  0.497225  -0.200365  0.440032  -0.302926  13.0033  0.762847  -0.333006  -1.54887  -5.96771  0.0706841  
