-0.788292  -0.242981  -5.3219  -4.70726  0.610811  -1.2405  -39.5314  -2.96066  -1.75041  -1.67339  1.66494  -0.666426  -1.06949  0.588734  423.323  -0.746217  -3.47947  -1.65663  -4.17262  0.238219  5.87945  -0.0403674  -3.27272  -18.9268  0.565038  
1.32498  8.64507  5.73052  14.6021  -38.8188  3.43084  58.9202  14.5741  11.1058  3.2526  3.74651  0.862665  2.77434  -13.182  98.9688  1.44379  2.24767  1.82692  2.51814  12.3641  -4.25802  -1.58881  2.87971  -9.32569  2.53794  
2.70652  12.5583  15.1942  20.4377  -43.3171  6.92836  115.969  21.9932  17.614  6.37112  3.83739  1.82395  5.70837  -17.5204  -312.474  3.47009  5.75343  3.46355  6.20662  17.9043  -10.8051  -35.8998  7.36799  -4.36804  3.92687  
3.05479  11.028  21.2694  13.6045  -16.341  8.40607  116.271  17.8282  16.0092  6.88503  2.0254  2.00959  6.83372  -11.8005  -787.719  4.93443  5.64918  3.28209  6.25405  15.9297  -12.415  -69.0143  8.81724  -3.71145  4.49265  
2.60447  7.81461  22.7052  5.89288  6.26888  7.7264  81.7196  9.39169  9.92891  5.45831  0.441664  1.64048  5.76543  -3.46487  -1128.7  5.29969  2.13292  2.58995  4.20308  11.7488  -10.7392  -33.4774  6.83586  -2.95652  4.55063  
1.85377  6.58364  19.7819  5.00476  -1.94969  5.58821  55.0661  4.87717  4.89706  3.66595  1.15331  1.11111  3.1881  0.510524  -1041.72  4.31043  -2.70453  2.05272  1.7945  11.3539  -8.97403  73.0519  2.55057  0.669693  4.83672  
1.18333  7.63038  14.151  7.32658  -30.0496  3.17963  62.8538  5.60104  3.58141  2.71667  4.03156  0.677107  0.59199  -0.154587  -399.826  2.36776  -5.66585  1.20305  -0.19012  14.5772  -9.12473  157.197  -1.74133  4.55366  5.85818  
0.693966  8.74752  7.53266  5.68441  -45.3046  1.49027  90.2795  6.14612  4.16417  2.55299  6.8087  0.369033  -0.762729  -1.19041  526.846  0.401249  -4.66933  -0.110403  -1.56738  15.1794  -10.4007  123.972  -3.87373  3.3464  7.1578  
0.329912  8.17546  0.804921  -0.355155  -30.4515  0.798329  96.1803  1.30094  3.25932  2.22263  7.18577  0.146569  -0.684858  -0.264684  1188.61  -0.766808  -0.968773  -0.848608  -2.31494  9.0603  -10.4372  -8.19064  -3.16478  -4.88232  7.35071  
0.0669835  5.93439  -5.60696  -4.89799  1.34285  0.709011  57.4915  -7.75386  -0.0105542  1.1085  4.8534  0.0458931  0.0263537  0.552738  1227.84  -1.01578  1.36953  0.00342115  -2.75696  1.1363  -8.04305  -116.737  -0.79629  -15.5296  5.15746  
-0.0632249  2.76001  -10.88  -3.76143  25.9375  0.66828  -4.09991  -14.6267  -3.30285  -0.348577  1.37458  0.12656  0.370689  -1.59774  835.889  -0.907832  -0.537293  1.79846  -3.28932  0.777284  -4.59803  -109.232  1.10135  -20.641  0.524702  
-0.0802603  -0.971791  -13.6728  1.10832  34.039  0.4357  -44.208  -14.242  -4.08019  -1.20174  -1.61764  0.318676  -0.0930379  -6.05415  550.011  -1.04302  -4.77015  2.67001  -3.45358  9.63403  -2.53556  -24.0911  1.05783  -15.125  -4.95766  
-0.0924734  -4.80431  -13.0157  4.56561  34.3966  0.0912514  -41.5358  -7.62927  -2.37815  -1.07831  -3.7081  0.421026  -1.04961  -8.96168  653.817  -1.45652  -6.18036  1.64087  -2.13595  17.3487  -2.83927  21.9758  -0.62298  -0.96158  -8.59502  
-0.177589  -7.48618  -9.38049  2.88805  37.0348  -0.402932  -16.2447  -0.151535  -0.00353647  -0.504628  -5.18265  0.303617  -1.75474  -7.27378  853.822  -1.62394  -2.30049  -0.344559  0.372464  12.3904  -4.36713  -24.167  -2.20218  13.2414  -8.02173  
-0.269672  -7.64808  -4.83403  -4.16642  41.0319  -1.50981  -3.49593  4.0222  2.19152  -0.207503  -5.77301  0.0701383  -1.63005  -1.69518  647.023  -1.06206  3.2284  -1.6745  1.31977  -4.12354  -5.47046  -93.1482  -2.16446  17.0416  -2.99512  
-0.237958  -5.36535  -1.62606  -12.8729  39.4605  -3.61752  -15.6974  4.80362  5.08519  -0.334749  -4.64961  -0.0510581  -0.78089  3.94885  -34.3616  0.0485812  4.52415  -1.89307  -1.85532  -18.7627  -5.59274  -83.7054  -0.660655  4.87197  3.8751  
-0.0824836  -2.39429  -0.206866  -16.6686  29.2927  -5.96495  -34.8114  4.21045  9.28396  -0.496621  -1.73561  0.0135533  0.0557289  5.88424  -671.016  0.886464  0.492504  -1.83229  -7.68984  -20.276  -4.90609  14.0294  0.837118  -18.4885  8.52576  
0.0126198  -0.574288  1.10957  -10.6707  12.311  -6.54455  -36.331  3.118  13.3861  -0.376236  1.4436  0.0722844  0.188759  3.18778  -709.507  0.718363  -3.5932  -2.23388  -11.0751  -10.6924  -3.13015  110.298  1.33338  -38.7496  8.24169  
-0.124903  -0.130859  4.00614  2.65399  -10.4705  -4.03771  -13.4026  1.22993  15.0027  -0.0525925  2.84243  -0.115289  -0.317661  -1.87547  -165.476  -0.318785  -2.32553  -2.76242  -8.54573  -0.629251  0.284963  121.979  1.39562  -41.0966  3.59732  
-0.420572  0.115798  7.44211  13.774  -39.289  0.00385188  20.3105  -0.771553  13.1202  0.258149  1.84268  -0.5191  -0.679543  -5.57002  414.64  -1.23407  3.20031  -2.58161  -2.33142  3.10608  4.86103  59.7542  2.10328  -22.169  -2.19879  
-0.567904  1.09296  7.91615  14.4357  -68.2204  1.99836  44.2767  -1.05397  9.05653  0.518886  -0.0896965  -0.788441  -0.230083  -5.07125  546.474  -1.09861  6.40622  -1.55949  2.08962  1.66384  8.87975  0.254504  3.23497  5.42016  -5.78587  
-0.307712  2.37034  3.21234  5.85697  -82.2732  0.331364  44.7602  0.52819  5.48898  0.787225  -0.896879  -0.558463  0.862013  -0.442324  262.409  0.0311677  2.67542  -0.573087  2.13371  -2.23393  11.0886  -5.66319  3.25222  22.1018  -5.67782  
0.301041  2.81948  -4.39481  -2.83679  -68.2184  -2.12769  21.3114  0.900219  5.0098  0.952345  0.114315  0.173893  1.81401  5.03479  -37.4404  1.14405  -5.55977  -0.413384  0.303427  -8.98883  11.7991  24.108  1.33404  17.3474  -2.59963  
0.894121  1.99665  -9.45446  -4.30077  -29.4786  -0.964163  -12.798  -2.97871  8.8529  0.760891  1.88977  0.977783  2.10282  7.1839  -72.7432  1.29799  -11.6088  -0.623204  0.110762  -18.2765  11.8222  43.5773  -1.21489  -1.98161  1.30282  
1.08307  0.632742  -8.16289  0.486966  12.5771  4.11467  -37.7168  -9.41477  15.3583  0.117351  2.97598  1.31109  1.95696  4.52404  74.6466  0.499217  -11.3455  0.26546  1.47285  -24.2924  10.6219  35.6572  -2.25396  -19.0992  3.86197  
0.759788  -0.275373  -1.45506  5.40583  35.2966  8.08567  -41.2955  -12.3536  19.7042  -0.725071  2.92913  0.968217  1.97145  -0.240979  159.473  -0.493408  -6.46691  2.97565  1.54107  -19.8016  6.80718  19.1767  -1.39221  -22.7937  4.33546  
0.183412  -0.420371  6.38566  6.36036  32.78  6.36796  -28.9385  -7.84801  17.1255  -1.30956  2.30208  0.267171  2.32599  -2.73666  80.7811  -1.06992  -1.58778  5.9119  -0.742865  -5.3456  0.469807  14.6505  -0.464219  -15.2103  3.85919  
-0.213751  -0.146615  11.4695  3.58383  16.9951  0.718532  -16.7282  0.924724  8.16828  -1.29019  1.64309  -0.206047  2.47806  -1.36658  -53.16  -1.23567  0.516618  6.08049  -2.83736  9.32226  -5.76632  19.671  -1.16054  -5.29704  4.26176  
-0.165523  0.332866  12.4936  -0.962348  2.778  -2.57196  -14.3447  6.62262  -0.115104  -0.634267  0.846382  -0.100535  1.6643  1.15686  -106.482  -1.24207  0.518835  2.15775  -1.94603  14.5821  -9.07955  17.5245  -2.76583  1.81584  6.09846  
0.206597  1.19465  10.1802  -5.38469  -5.49975  -0.481442  -17.8242  5.70677  -0.435464  0.397104  -0.395871  0.387661  -0.213224  1.15807  -71.1845  -1.11188  0.579088  -3.43649  1.14469  10.2964  -9.33779  0.188915  -2.87502  6.50111  7.948  
0.487256  2.43106  5.87943  -7.24519  -12.4018  2.92853  -19.9771  1.74048  6.69528  1.38893  -1.85442  0.691574  -2.17233  -1.78715  -20.521  -0.743734  1.91072  -6.47419  2.85629  4.20071  -8.90595  -22.3097  -0.225027  8.57291  7.69823  
0.328463  3.34598  0.832818  -4.28182  -20.4814  1.92486  -21.8723  0.366094  12.6524  1.92423  -2.76249  0.396288  -2.83543  -4.73669  39.0206  -0.280756  4.06792  -5.24678  1.12252  2.4257  -9.2067  -31.6892  3.82873  5.10807  4.59044  
-0.230695  3.1543  -3.82288  2.3835  -25.4343  -3.11513  -26.84  2.51973  9.2198  1.76815  -2.58156  -0.379636  -1.76387  -5.3566  201.266  -0.0243251  5.71669  -2.36843  -2.20575  4.02818  -8.30574  -19.9247  6.7755  -3.73365  -0.154892  
-0.786226  2.011  -7.04693  7.43272  -22.7721  -5.91981  -27.1023  4.4178  -3.50163  1.02569  -1.60931  -1.10106  -0.0890484  -4.54892  510.989  0.0836217  5.68815  -1.5683  -3.54405  4.5277  -2.70843  1.88012  7.49028  -11.2573  -4.52568  
-0.93785  1.04453  -8.17269  6.11027  -15.5061  -2.47308  -7.57302  3.49494  -18.3403  0.0861712  -0.638635  -1.30487  0.455436  -4.53253  814.294  0.507316  3.57118  -3.05498  -1.46147  2.18385  8.32357  13.5075  6.89921  -11.4857  -7.17698  
-0.649115  0.981927  -7.2108  -0.0909375  -11.2463  3.58804  31.979  1.8608  -28.3554  -0.692956  -0.131253  -0.971403  -0.719657  -5.39397  834.463  1.42917  -0.164085  -3.34489  1.97956  -0.799316  20.4898  7.3555  6.42664  -8.99134  -7.80404  
-0.240506  1.13193  -4.93044  -4.43652  -11.958  5.52484  66.287  2.77207  -30.7441  -1.28741  0.123471  -0.446758  -2.44039  -4.85479  464.865  2.24298  -4.45634  0.101345  3.45476  -2.12377  26.9809  -1.7692  6.34289  -15.1926  -6.78221  
-0.0414933  0.213065  -2.43987  -2.40065  -9.93423  1.98185  66.7889  5.39975  -24.6393  -1.90418  0.499381  -0.0609946  -3.02134  -1.73216  -35.5895  2.05056  -8.1171  5.09849  1.6418  -2.39991  23.6397  5.88347  5.84851  -32.0261  -5.08306  
-0.0831888  -1.74975  -0.406662  3.01542  2.82195  -1.69766  34.0404  5.57405  -9.34723  -2.5508  0.906379  0.130971  -1.98108  1.7609  -228.073  0.704989  -10.1491  6.74344  -1.72341  -3.76446  12.4169  26.8332  4.36987  -43.4925  -4.19952  
-0.135107  -3.0434  1.09684  4.74487  22.0295  -0.773635  -1.4277  1.77583  12.2857  -2.79315  0.848055  0.273891  -0.318536  2.5939  52.0264  -0.89811  -9.79169  2.86254  -3.74038  -6.6384  0.03116  32.8182  2.28004  -29.908  -5.22092  
0.0064653  -2.18394  2.0673  -0.148689  32.0684  2.79299  -13.9387  -1.89689  30.7488  -2.11076  0.0658592  0.479374  0.741689  0.893603  444.066  -1.69114  -6.65772  -3.5558  -3.2909  -8.80738  -7.11415  3.90376  0.280546  8.79456  -7.47767  
0.317611  0.0935078  2.06967  -6.88451  21.8147  3.34421  -10.9092  -0.409719  34.8061  -0.54067  -1.08188  0.722097  0.909404  -0.0723348  362.981  -1.48063  -1.25804  -7.47842  -1.90008  -7.62805  -7.52502  -41.4391  -1.51641  48.8008  -8.55319  
0.624912  1.50038  0.823579  -8.18812  -1.20864  -0.670475  -18.9929  5.50282  22.0891  1.14731  -1.94938  0.925256  0.701514  1.87927  -393.041  -0.960931  4.58392  -6.46676  -1.69558  -2.71694  -4.87775  -60.5736  -3.43633  63.9767  -6.34787  
0.82585  0.947555  -0.915365  -2.10854  -15.0847  -4.45341  -46.6144  9.48101  3.36937  2.03856  -2.17392  1.06969  0.617284  4.92066  -1351.72  -0.730865  8.31643  -1.99928  -2.73334  3.46312  -3.80044  -32.9758  -5.17259  49.2701  -1.35877  
0.977766  0.0491095  -1.70129  6.07528  -4.47456  -3.00959  -72.0979  6.92204  -6.39405  1.86147  -1.86826  1.19014  0.773238  5.34915  -1737.17  -0.567653  8.26513  2.75532  -3.01793  7.71565  -5.54282  16.2476  -5.34945  21.016  3.44329  
1.16839  1.23627  -1.02339  9.55174  22.5244  2.32697  -71.4442  0.713324  -1.86256  1.15384  -1.31522  1.291  1.07509  1.87716  -1164.02  0.197969  4.93959  5.25766  -1.32474  8.81831  -7.39571  44.7459  -2.80327  -2.8719  5.2494  
1.33839  4.61732  -0.129516  6.92454  39.9415  5.28117  -47.2545  -1.85494  8.09359  0.653487  -0.716623  1.29738  1.29829  -3.03717  24.2852  1.69302  0.677104  4.27901  0.795022  8.09213  -6.26716  37.8827  1.55226  -18.3457  4.04094  
1.27823  7.30696  -0.364316  2.97959  28.1796  2.07614  -22.3504  2.51178  9.19668  0.596682  -0.177034  1.09959  1.01837  -6.12219  1083.58  3.05004  -2.15279  0.2843  0.797007  7.39702  -2.14363  16.5952  4.65091  -31.4342  2.72791  
0.828941  6.34711  -1.11978  2.7921  -6.34633  -4.08162  -9.81149  9.348  -5.42943  0.620341  0.193136  0.661507  -0.10229  -6.43933  1502.08  3.04625  -2.70967  -4.11196  -1.28354  6.65759  1.87411  4.25572  3.73771  -44.8008  4.18988  
0.0930734  1.92271  -0.429761  5.70615  -35.8436  -6.60188  -1.69709  11.4985  -29.7486  0.265122  0.356191  0.104152  -1.75462  -5.13073  1316.66  1.26005  -1.70393  -5.15324  -2.3048  3.92508  2.69746  -0.424208  -0.855003  -52.2099  7.95502  
-0.585165  -2.68052  2.09957  5.9038  -36.4372  -2.73349  12.2654  6.77343  -49.7369  -0.520265  0.456075  -0.330425  -2.97766  -3.20224  897.462  -1.40437  -0.365949  -1.33139  0.053213  -1.98589  -0.261743  -12.4438  -5.70473  -45.5802  9.98639  
-0.896148  -4.49976  3.8115  -0.542138  -10.7345  3.66033  26.1787  -0.534174  -53.3297  -1.34611  0.713536  -0.4573  -3.00586  -0.833505  529.914  -3.39111  0.279132  4.18135  3.65213  -9.19134  -5.09994  -32.9672  -7.32113  -25.2698  6.47394  
-0.844152  -3.71064  1.59759  -10.5181  14.0607  6.33589  25.9391  -5.05498  -38.3544  -1.73764  1.15212  -0.340801  -2.02922  1.29391  244.46  -3.74596  -0.432458  5.75365  3.70079  -13.7168  -8.94094  -46.0994  -5.14305  -2.50379  -1.82628  
-0.725792  -2.85306  -4.21056  -16.9358  11.5623  2.91307  9.8693  -5.59909  -13.8044  -1.51833  1.42915  -0.270056  -0.916532  1.32035  -26.7346  -2.78048  -2.46751  0.999282  -1.40556  -13.0702  -9.09188  -40.5753  -1.39431  8.5717  -9.23928  
-0.793194  -3.45379  -9.3866  -16.3697  -17.6877  -3.2189  -8.33169  -4.6242  6.37435  -0.907751  1.06474  -0.469414  -0.238118  -1.89292  -255.245  -1.55624  -4.53433  -6.17926  -7.34027  -8.54125  -3.80865  -22.8886  1.56367  3.13798  -9.88545  
-0.943053  -4.14384  -9.78243  -11.5176  -44.6826  -6.57996  -16.8342  -4.10152  13.4135  -0.2918  -0.0999447  -0.815684  0.215137  -6.23372  -336.461  -0.745282  -4.5546  -9.27407  -8.06403  -3.77381  6.19633  -4.91677  3.21249  -8.75599  -3.46379  
-0.808881  -2.43417  -5.37713  -6.25987  -38.7914  -4.65748  -17.1767  -3.64154  10.0733  0.100469  -1.634  -0.922964  0.903918  -6.93302  -254.653  -0.0646415  -1.68249  -5.85498  -2.4079  -1.27357  16.6404  10.9639  4.30367  -10.2071  4.04377  
-0.20748  1.90307  0.0402162  -0.826017  1.4623  0.377887  -16.1718  -2.41589  6.79565  0.332513  -2.735  -0.57402  1.79553  -1.12894  -140.286  1.1412  1.99753  0.0937676  4.61567  -0.521623  21.2424  26.4026  5.07822  6.00365  6.21047  
0.557624  5.93366  2.99772  6.09561  44.4202  4.21662  -13.291  -1.11172  10.2611  0.598711  -2.85453  -0.0234484  2.3033  8.37095  -124.274  2.90696  2.90995  2.73415  7.07526  0.636675  16.5441  33.438  4.65099  28.0911  2.75116  
0.935501  6.37787  3.52906  12.6465  54.2347  4.20982  -3.51524  -0.874399  15.7865  0.955749  -2.1111  0.23755  1.91505  14.8593  -166.215  4.34734  -0.0470954  0.440703  3.89536  3.14207  5.55265  20.2642  2.17836  34.5899  -0.541669  
0.694059  3.12993  4.15018  14.2242  25.027  0.995118  9.87481  -1.32746  12.5778  1.24108  -1.10695  0.041676  0.739926  13.6441  -88.5403  4.37959  -3.50747  -3.17128  -1.13793  5.53644  -4.16485  -8.41477  -1.856  14.9211  1.24992  
0.175646  -0.512127  6.17685  9.21078  -14.5839  -2.72732  14.2336  -0.980209  -2.73335  1.26933  -0.319137  -0.236733  -0.583087  6.276  193.154  2.72542  -2.78127  -3.79624  -3.96667  5.60644  -7.07665  -28.3874  -5.69505  -19.6019  6.18719  
-0.076053  -1.21085  7.88106  1.43901  -30.6246  -4.45855  1.42603  0.38924  -19.4372  1.06496  0.224222  -0.112251  -1.44185  -1.58263  498.751  0.203935  2.8289  -1.01795  -3.74597  2.96018  -4.25247  -21.9549  -7.64907  -46.0486  7.71043  
0.0783073  1.16933  6.39667  -4.17756  -14.7775  -3.30599  -21.502  1.10761  -21.9919  0.800665  0.678993  0.393265  -1.69326  -5.92912  499.079  -1.91162  8.90044  1.78773  -1.96855  -0.326188  -1.06849  -0.448733  -7.34696  -50.0065  2.6092  
0.216187  3.86347  1.195  -6.76633  14.3249  -0.152572  -39.4212  -0.209509  -6.61497  0.514832  0.912181  0.677608  -1.6258  -7.24692  45.118  -2.83436  10.756  1.51153  0.122712  -1.7679  -0.921913  9.52156  -5.88281  -34.4172  -4.9504  
-0.170363  4.42334  -4.89656  -8.42328  35.8509  2.8771  -44.3568  -2.63754  13.3075  0.0139416  0.560689  0.172275  -1.56505  -7.94054  -612.966  -2.71428  8.63671  -1.50079  2.16927  -1.08866  -2.18525  -0.470536  -4.74266  -11.1364  -8.31625  
-1.07215  3.0433  -8.00761  -9.38076  45.8669  3.5018  -38.8369  -3.93431  19.7903  -0.827032  -0.464297  -0.996572  -1.56271  -7.99019  -977.497  -2.2626  6.8744  -4.1203  3.57398  -0.246371  -1.60827  -11.7592  -4.43247  11.5997  -6.03044  
-1.88562  1.65572  -6.34869  -7.29781  50.7262  0.919655  -27.2296  -3.03736  8.11881  -1.71523  -1.65438  -2.0277  -1.48452  -4.7518  -731.534  -1.95633  8.19942  -3.78411  3.21934  -0.702638  0.864593  -5.35519  -4.01476  31.2353  -2.67925  
-1.94485  1.35353  -1.3966  -1.49225  50.2483  -3.01093  -9.06687  -0.705906  -9.25094  -2.06748  -2.28351  -2.14689  -1.30971  2.72463  -44.681  -1.56784  10.4047  -0.997343  0.863231  -1.53262  1.96845  13.1026  -2.13008  44.0272  -2.5062  
-1.12482  1.39917  3.62074  4.71368  37.3346  -4.75051  14.8337  2.04837  -16.5396  -1.57663  -2.04619  -1.28655  -1.18313  10.7946  545.743  -0.519768  9.39489  1.41307  -1.89377  -0.994276  -0.556187  22.819  1.38319  42.2065  -4.18564  
0.0552488  0.687639  6.06532  7.36407  13.6073  -2.21108  35.0148  4.94414  -10.7519  -0.587541  -1.16233  -0.0881969  -1.10387  13.8298  613.835  1.20613  4.41377  1.2285  -2.83121  0.648457  -5.07797  15.0965  4.88396  21.4133  -3.21479  
0.879015  -0.630595  5.29997  6.13454  -5.32301  2.72578  38.3272  7.57283  -2.69494  0.188546  0.0262273  0.702633  -0.797222  9.69114  220.349  2.65259  -1.2703  -0.880735  -1.13682  1.34774  -7.92251  0.25343  6.20828  -10.0123  1.64517  
0.978607  -1.36729  2.51279  3.34746  -7.78413  5.40504  21.4515  8.69802  -3.19002  0.351431  1.3872  0.803022  -0.1055  1.70738  -179.393  2.67174  -4.55312  -2.13312  1.92446  0.559879  -7.27741  -10.5039  4.66428  -32.9541  6.38192  
0.517365  -0.895555  -0.369664  0.179865  -5.1644  2.85291  -3.75698  7.53077  -10.5005  0.130692  2.82743  0.437372  0.598705  -5.00906  -201.056  1.2039  -5.74459  -0.632636  4.28658  0.768187  -4.45898  -16.8559  1.80744  -32.3293  6.55107  
-0.0593052  0.13128  -1.83355  -3.73987  -21.6997  -2.8736  -21.502  5.19624  -12.7873  0.0395149  4.0185  -0.0293941  0.71431  -7.83946  122.406  -0.455195  -6.97156  2.49694  4.61058  4.16245  -1.68952  -21.726  0.130502  -11.5687  2.37964  
-0.40727  0.665903  -1.4992  -7.263  -61.3973  -6.29117  -26.3051  3.87048  -1.76997  0.30176  4.43727  -0.39788  0.204518  -7.31288  451.509  -0.92925  -8.60058  4.13548  2.80143  8.43217  0.129587  -23.5618  0.892535  8.9724  -2.17686  
-0.472196  0.407496  -0.141874  -7.60058  -93.6753  -3.89468  -23.5089  4.16527  17.4399  0.664664  3.69212  -0.622241  -0.197218  -4.88256  545.842  -0.24844  -8.59807  2.39502  -0.290447  8.11691  1.33099  -23.9183  3.10974  10.6316  -4.22516  
-0.3978  -0.272777  0.810444  -4.26124  -81.6401  2.0712  -17.322  4.41653  30.2923  0.718808  1.79415  -0.649977  0.160612  -1.48585  488.693  0.203664  -5.32262  -1.43471  -3.29354  1.1582  2.18765  -31.7908  4.57137  -5.87494  -4.06487  
-0.309987  -1.12182  0.0653905  -1.08317  -24.9658  5.64432  -3.13357  2.99755  26.5269  0.303636  -0.794285  -0.398554  0.91335  2.22185  516.766  -0.640459  0.419808  -4.17355  -4.75689  -7.3639  2.74972  -47.3345  3.86666  -22.3233  -3.01244  
-0.190724  -2.19076  -2.61453  -1.57998  33.747  3.19674  23.4056  0.689397  10.4192  -0.387908  -3.2266  0.109152  0.946732  5.49456  698.768  -2.14623  6.33359  -3.74851  -3.87436  -9.92006  3.43335  -46.8251  1.55217  -22.3621  -1.1523  
0.0640483  -3.17705  -5.82472  -3.81319  50.4738  -2.67048  52.8938  -0.208287  -2.45753  -0.985272  -4.59896  0.669891  -0.306783  7.90656  852.27  -2.52232  10.624  -0.725759  -1.31608  -4.89243  4.94692  -4.58545  -0.714426  -7.10988  1.88397  
0.482321  -3.19664  -7.01495  -2.22952  23.9912  -5.5768  64.7672  1.07876  0.252481  -1.1716  -4.49468  1.01417  -2.10228  9.55776  759.183  -0.71113  12.4694  2.65135  0.973441  1.60511  7.30139  64.3272  -1.99602  9.0824  4.96682  
0.904848  -1.57178  -4.40178  4.82839  -6.70175  -1.9467  46.0894  2.50601  15.0104  -0.849607  -3.35257  0.99575  -3.13482  10.1708  405.586  2.37815  11.4208  4.40014  1.35754  2.99851  9.4751  100.976  -2.8262  15.0897  6.06172  
1.05367  1.22683  0.981202  11.8748  -7.21762  5.02171  6.4675  1.52209  24.6302  -0.232062  -2.10787  0.668932  -2.91611  8.76478  -12.1819  4.57697  7.62932  3.82396  0.165692  -0.0272142  10.3182  61.575  -3.91987  12.0889  4.7729  
0.76306  3.77927  5.44087  12.1143  17.0523  8.35826  -29.0211  -1.76137  14.8424  0.250121  -1.34513  0.222017  -2.10392  4.81591  -279.1  4.35522  2.61959  1.43113  -0.519817  -0.786826  9.57246  -24.7776  -4.57586  7.999  2.91181  
0.167424  4.90685  5.622  5.33416  33.0225  4.43085  -41.6254  -4.2506  -10.5552  0.238634  -0.820635  -0.13445  -1.46889  -0.621062  -329.261  2.01052  -1.32153  -1.65752  0.927267  4.77479  7.54369  -78.3105  -3.02109  8.09618  1.98082  
-0.370932  4.55637  1.91304  -2.11373  20.2965  -3.22645  -32.3833  -2.88811  -32.8619  -0.260929  0.00333775  -0.269978  -0.922983  -5.33442  -250.067  -0.770368  -3.07434  -4.27442  3.70474  12.5475  4.23516  -54.0305  1.30488  12.3232  1.00804  
-0.583575  3.53667  -1.47632  -5.28944  -8.7809  -7.49717  -18.0737  2.08093  -37.3497  -0.8699  1.13901  -0.223544  0.179955  -7.80679  -163.463  -2.39453  -3.46883  -5.71082  5.08031  14.2465  -0.534747  8.85494  6.29084  16.8833  -2.13714  
-0.546943  2.57023  -0.416202  -5.83602  -27.3192  -4.94649  -16.1257  7.14675  -27.6055  -1.13159  2.00917  -0.206636  1.98877  -8.21904  -97.9794  -2.52824  -3.61342  -5.78765  3.2698  6.14454  -5.93243  34.376  8.65891  15.0797  -7.53001  
-0.566594  1.77179  4.98599  -7.98743  -23.1151  0.979692  -33.4159  8.98617  -19.0368  -0.864501  2.2133  -0.43755  3.78137  -7.31169  34.0983  -2.0227  -3.07673  -4.43645  -0.352638  -7.12093  -9.98908  -2.40529  7.07274  0.498916  -11.9741  
-0.802633  0.881677  10.2071  -11.2872  -5.32315  4.04664  -62.2054  7.77769  -19.7507  -0.293625  2.07616  -0.903827  4.67926  -5.11903  328.371  -1.83099  -0.685888  -1.5587  -2.46979  -16.9861  -11.0871  -51.3788  3.33283  -23.8793  -11.4544  
-1.07573  -0.176915  10.4362  -10.634  12.0048  1.75614  -83.0901  6.62749  -22.0123  0.133829  2.14112  -1.32177  4.34  -1.51859  710.729  -1.9985  2.93959  2.3076  -1.35198  -18.2185  -9.41721  -50.7397  0.49196  -40.4423  -4.93453  
-1.09458  -0.938568  4.94273  -3.78837  24.1572  -2.77684  -76.1221  7.38366  -13.9194  0.133193  2.30543  -1.40377  2.86006  2.34585  913.194  -1.73718  4.95043  5.21953  1.17154  -11.9019  -6.19827  1.59081  0.0408659  -29.3651  4.14696  
-0.811199  -0.769396  -2.3566  4.29723  32.4234  -4.90852  -36.3345  7.79279  4.32795  -0.139515  1.79325  -1.15554  0.465295  4.3334  696.616  -0.435773  3.08646  4.76886  1.85158  -2.74374  -1.6404  50.5353  1.23274  8.21748  10.1737  
-0.453294  0.302035  -6.6129  6.91958  34.4362  -3.25808  18.2295  3.881  19.8991  -0.22053  0.0916534  -0.839477  -2.22902  3.40085  141.55  1.53625  -1.57648  0.567985  -0.199551  5.00704  5.46472  49.0663  2.60888  44.2636  9.70088  
-0.203923  1.16765  -6.3081  3.84329  24.788  -0.118885  58.6756  -4.47932  22.6673  0.144646  -2.31425  -0.624051  -3.89935  0.762908  -347.749  3.12689  -5.53013  -4.3664  -2.60585  9.06609  15.1492  8.21403  3.64684  49.2075  4.31011  
0.0240821  0.494918  -4.01352  0.937187  4.51926  1.82633  70.1113  -11.9748  16.4458  0.610839  -4.23747  -0.35927  -3.24113  -1.11395  -416.753  3.5398  -6.34522  -5.66312  -2.65741  8.36173  23.9521  -21.0676  4.88501  23.2024  -0.679932  
0.399714  -1.79567  -3.21504  1.93703  -15.3204  1.98113  65.0718  -13.0371  12.369  0.511499  -4.77985  0.208697  -0.506535  -0.619673  -156.719  2.67779  -4.60274  -1.75585  -0.366031  2.69606  26.7648  -7.27509  6.91097  -4.89084  -0.98309  
0.842417  -4.11132  -4.65856  3.53437  -23.1433  1.30834  68.4091  -8.16843  14.0733  -0.378724  -3.91979  1.03909  2.08837  1.86329  -41.8358  0.822294  -2.17331  4.21128  1.95663  -6.10962  21.6686  28.3424  9.41783  -11.4314  2.58817  
1.03923  -4.71325  -5.97678  1.13354  -18.218  0.647535  85.9226  -3.3853  13.8321  -1.44973  -2.23502  1.73136  2.2121  4.5333  -388.207  -1.66857  0.330585  7.11516  2.5265  -13.663  12.1799  38.772  11.103  -3.85935  5.18379  
0.825678  -3.56098  -4.75824  -3.67944  -10.536  0.218244  92.8281  -2.91315  3.90231  -1.78828  -0.297387  1.90522  -0.192837  5.43606  -887.486  -4.13202  3.4002  4.62667  1.60601  -15.2002  3.76734  5.44239  10.4464  -6.49292  3.44995  
0.430641  -2.25755  -1.37983  -4.98198  -9.54891  0.118395  59.4122  -4.31284  -12.007  -1.09638  1.61856  1.57137  -2.785  3.47305  -814.25  -5.41873  6.35661  -0.80181  0.478168  -9.33358  -1.37531  -40.587  7.03563  -25.2325  -0.76079  
0.224975  -2.00775  1.6808  -1.67844  -14.5828  0.353344  -10.6872  -2.32504  -21.8297  0.0505386  3.32233  1.05357  -3.29563  -0.946515  186.066  -4.59987  6.73574  -4.55715  -0.0618337  0.119939  -5.19909  -54.5633  2.37442  -37.5767  -2.75407  
0.266282  -2.20064  3.08481  -0.16625  -16.5988  0.553545  -73.9223  3.4748  -18.569  0.858955  4.39832  0.582522  -1.80368  -5.76202  1542.73  -2.06698  3.00469  -4.17729  0.177311  6.77085  -9.55334  -29.3983  -0.912599  -21.0109  -0.660764  
0.216926  -1.34892  4.0889  -5.12835  -8.43933  0.326256  -86.7368  7.50213  -7.22655  1.04947  4.19444  0.070481  -0.239384  -8.34878  2169.24  0.473064  -2.76143  -1.12483  1.22913  6.99811  -12.831  -1.98443  -1.32727  17.0156  2.44449  
-0.241448  0.88279  6.22176  -11.0827  7.41694  -0.0946595  -52.3182  5.15181  2.80701  0.834796  2.25772  -0.664528  0.0657975  -7.35491  1570.04  1.48002  -6.24011  1.23982  2.51523  3.11802  -12.042  -7.59238  -0.102152  46.4127  2.53905  
-0.977077  3.2346  8.19529  -8.42463  20.8832  -0.179357  -19.447  -0.904574  9.00109  0.409816  -1.09786  -1.52365  -0.275752  -3.82374  489.766  1.11936  -5.36008  1.06624  2.3825  0.834237  -7.14969  -38.1738  -0.225181  48.9529  -0.513229  
-1.46962  4.26381  6.69387  2.47885  23.6024  -0.114861  -29.4918  -3.6875  15.9356  -0.210042  -4.56059  -2.07815  0.124945  -0.584945  242.958  1.00254  -2.55154  -0.612084  -0.52276  3.21441  -1.6529  -58.1015  -3.49758  35.3196  -3.38205  
-1.30688  3.67338  0.825737  9.32104  16.4923  -0.715899  -68.0812  -0.236024  24.8388  -0.853304  -6.40337  -1.94266  1.51533  0.123822  1263.36  2.27192  -1.62309  -1.57307  -4.85423  7.37214  1.43265  -54.9583  -8.57664  24.9261  -3.85897  
-0.597003  2.0683  -5.34469  3.08845  7.67439  -1.92571  -79.8203  5.07828  27.9616  -1.07869  -5.62226  -1.18435  2.77185  -1.1664  2420.72  4.155  -2.95434  -1.12137  -6.72761  7.65648  2.42757  -54.3209  -12.053  18.3482  -3.43798  
0.105636  0.30859  -6.15435  -8.61454  3.26465  -2.23326  -32.2478  6.38511  17.3888  -0.642222  -2.71514  -0.33282  2.81796  -1.67928  2015.92  4.61487  -3.28473  -0.708982  -3.48678  2.31046  3.14657  -74.8934  -11.4273  0.615616  -4.67616  
0.277459  -0.537918  -0.459706  -9.82952  1.46077  -0.511509  43.8262  3.45683  -1.66494  0.0592086  0.748635  0.0493735  1.69407  0.697773  -445.552  2.4583  -0.637995  -1.75048  2.89674  -3.8775  3.43211  -86.0971  -6.96783  -30.1428  -6.91016  
-0.128958  0.783066  6.54731  2.96465  -3.22715  1.94244  85.2416  1.16662  -11.8675  0.284992  3.4371  -0.149062  0.155051  5.14948  -3541.79  -1.32374  2.22406  -3.438  7.29932  -4.49288  1.56173  -36.7664  -1.10561  -50.0813  -6.1761  
-0.64337  4.28445  8.20205  14.5562  -10.9215  2.37649  63.4148  2.61309  -2.21719  -0.259511  5.16672  -0.485924  -1.24613  8.59083  -5111.85  -4.32619  0.974955  -3.40169  6.52707  1.04114  -2.06474  71.0046  3.58275  -34.4698  0.257789  
-0.677881  7.41002  2.6826  9.18557  -14.101  -0.115742  9.42062  4.95311  16.292  -1.09106  6.42738  -0.353708  -2.26391  8.48883  -4144.79  -4.83444  -4.10265  -0.826911  2.21437  5.92498  -3.7553  159.289  5.73659  9.66103  10.1063  
-0.0410714  6.34019  -5.66508  -9.36578  -5.51358  -3.15043  -27.5729  3.21164  18.4218  -1.45599  7.17615  0.459486  -2.48099  5.14616  -1534.54  -3.19437  -7.34392  2.04607  -1.4833  2.89634  -0.507771  146.936  5.37591  45.6472  17.2507  
0.866812  -0.214102  -10.6444  -21.7225  12.7143  -3.55094  -34.8794  -3.35728  -9.00641  -1.06211  6.44973  1.51881  -1.37339  1.2205  870.382  -1.20807  -4.26296  2.23583  -2.12581  -7.35662  5.71417  40.5484  3.43746  44.6849  16.7882  
1.36128  -8.8896  -9.30225  -15.9669  28.7854  -0.885542  -39.4852  -10.0931  -50.2178  -0.261544  3.37083  2.04306  0.856869  -0.936085  1813.32  -0.287474  2.52014  -0.353175  -0.470408  -15.759  9.49664  -62.6881  1.30081  14.7607  9.00992  
1.04373  -14.2223  -3.43517  -0.962775  30.4214  2.21264  -63.4633  -11.8694  -72.7826  0.348545  -1.50338  1.54037  2.94022  -1.16784  1356.93  -0.241657  5.98762  -2.66041  1.27763  -13.6385  7.80203  -69.3048  0.174736  -12.4933  -1.2803  
0.130371  -13.6081  2.62329  6.19137  14.9441  3.03113  -91.6567  -7.87085  -57.9397  0.411089  -6.15526  0.238857  3.50273  -0.90648  447.834  0.136834  2.98756  -2.05993  1.53486  -1.85562  3.16211  20.4628  0.328399  -19.2138  -8.86703  
-0.757968  -9.26068  5.17133  0.764021  -8.27444  1.31006  -90.0734  -1.305  -17.9162  0.0122409  -8.61769  -1.07025  2.35995  -1.50157  12.9005  1.40766  -2.36775  0.600552  0.00931986  9.58607  0.248942  119.454  0.802487  -17.3499  -11.5681  
-1.13622  -5.24502  3.1834  -6.31304  -24.5095  -1.11543  -48.5827  4.05726  17.0747  -0.414109  -8.47803  -1.66385  0.565595  -3.14941  348.528  2.66167  -4.31829  2.2802  -2.38385  11.2396  0.303619  142.879  0.244916  -26.4021  -10.5924  
-1.02277  -3.30589  -1.37908  -4.15946  -24.2463  -2.32101  6.22447  6.26021  27.2329  -0.397411  -6.82066  -1.4448  -0.879801  -4.89056  1056.26  2.44135  -2.47436  1.48242  -3.93814  3.13373  0.120039  83.008  -1.64029  -43.7081  -8.31424  
-0.81567  -2.10683  -4.89199  4.94969  -10.0079  -1.56521  41.9254  5.01307  17.5317  0.172414  -4.81143  -0.93697  -2.03472  -5.18014  1409.15  0.405675  -1.09764  -0.391143  -3.32185  -6.08042  -3.24071  0.400201  -3.54319  -45.0032  -6.12709  
-0.834932  -0.00159756  -4.71937  10.5575  6.57698  0.577982  55.8441  1.21211  6.22613  0.880592  -2.61048  -0.728993  -3.49866  -2.67821  918.077  -2.11137  -2.44  -1.25432  -1.09719  -8.2468  -8.17963  -45.2376  -3.80539  -14.3731  -4.06055  
-0.989596  2.59873  -1.35286  8.10027  15.7282  2.55279  72.806  -3.09346  3.9059  1.15502  0.197096  -0.898808  -5.09273  2.61599  -247.753  -3.2816  -3.74097  -0.709022  0.394262  -3.36068  -10.0534  -47.3238  -2.20625  33.1466  -1.81716  
-0.894672  3.81668  1.92627  3.23203  17.3667  2.60399  109.007  -5.29684  6.372  0.897106  3.40151  -0.98514  -5.55302  8.13503  -1347.94  -2.45423  -1.85525  0.332558  -0.461375  1.73488  -6.7337  -40.2977  -0.212215  63.2644  0.225383  
-0.301368  2.62274  1.98338  2.58699  16.6984  0.220332  145.675  -4.35104  5.53461  0.628383  5.75877  -0.511131  -3.76442  9.65543  -1670.41  -0.636858  1.5868  1.30837  -2.38321  1.46772  -1.44507  -50.0884  0.758935  55.1953  1.18386  
0.612832  -0.00870453  -1.32661  4.62909  13.3537  -2.97443  144.453  -2.04246  1.57397  0.82619  5.97015  0.498315  -0.108315  5.2033  -1114.56  0.625706  2.26833  2.23259  -2.37763  -2.5567  0.696347  -65.9344  0.902976  19.9907  0.593667  
1.40226  -2.0597  -5.04329  2.69329  0.662088  -4.35224  88.774  -1.40818  1.29754  1.17642  3.9405  1.54818  3.65872  -1.5529  -202.805  0.740084  -0.159202  2.61419  0.746316  -3.86462  -1.47174  -60.4843  1.4646  -12.7571  -1.17165  
1.78334  -2.0182  -5.76172  -4.59571  -20.3983  -2.7317  4.80618  -3.24674  6.68889  0.801693  0.950589  2.17701  5.78246  -3.55457  434.565  0.431964  -0.557656  1.59505  4.88208  1.32931  -3.82428  -28.0605  2.77378  -22.9497  -3.07033  
1.85557  0.170208  -2.46565  -10.23  -31.4669  0.488691  -61.3341  -4.97663  9.94521  -0.665014  -1.36347  2.34778  5.70805  2.45809  523.206  0.753635  5.11231  -0.371712  6.8952  9.51639  -1.69007  5.49744  3.58537  -13.6911  -3.87158  
1.85645  3.16192  2.84203  -7.06571  -10.8258  2.81528  -85.9482  -3.42837  2.01893  -2.47269  -2.20984  2.30884  4.06671  11.2496  174.906  1.78733  13.4199  -1.15707  5.78191  13.0902  4.69538  10.6862  2.65619  -0.965945  -3.00239  
1.7578  4.93629  6.94307  2.98404  39.251  2.99027  -84.4592  1.4074  -15.9445  -3.48682  -1.9446  2.15135  1.86351  13.1679  -329.571  2.44501  16.2081  0.758231  3.06233  8.07958  10.2484  -15.1822  0.466408  4.84818  -1.27115  
1.22727  4.10343  7.81419  10.7738  85.434  1.63527  -86.6869  5.98312  -32.2503  -3.42425  -1.48995  1.63955  -0.115529  4.2066  -655.394  1.57757  9.90032  3.82106  0.717798  -1.56953  10.1643  -48.9535  -1.42065  6.11566  -0.591983  
0.0569629  0.942159  5.61281  10.159  91.5625  0.0993647  -99.8739  7.06243  -35.833  -3.00651  -1.44137  0.524221  -1.41753  -9.07361  -483.796  -0.684627  0.0213675  4.52638  -0.411701  -7.64053  4.4664  -67.9773  -2.48364  9.78809  -2.47618  
-1.44045  -2.77188  1.89592  4.22482  53.7858  -0.738563  -101.032  5.33277  -25.9035  -2.85404  -1.66052  -1.04563  -1.87958  -15.983  229.471  -2.81594  -4.86229  1.29695  -0.51632  -5.53292  -2.73792  -67.7386  -3.74286  16.2084  -6.02019  
-2.591  -5.25676  -1.63895  0.320236  2.06584  -0.716746  -65.9055  4.58927  -10.2171  -2.63756  -1.5883  -2.51867  -1.72908  -12.401  969.526  -3.27424  -2.53861  -3.33536  -0.123155  1.62568  -7.49071  -53.7151  -5.88377  17.0757  -7.83821  
-2.94317  -6.02557  -3.6988  0.575633  -32.1371  -0.174588  -1.26166  6.84718  3.71837  -1.68687  -1.0253  -3.35097  -1.49736  -3.95409  872.858  -1.98988  1.34834  -5.13532  0.247764  6.61344  -8.84189  -28.9622  -7.73872  4.09067  -4.93961  
-2.62499  -5.68182  -3.4211  0.199115  -43.3967  0.25463  55.6077  9.02583  13.5745  -0.187345  -0.576479  -3.38368  -1.563  1.07252  -465.931  -0.377759  0.9001  -2.50294  0.36301  5.35856  -8.00892  2.77084  -7.33945  -20.2442  2.02378  
-2.08603  -4.69866  -0.996256  -4.82246  -45.4115  -0.00254891  69.8797  5.68393  19.4379  0.828104  -1.1037  -2.83449  -1.74712  0.196162  -2340.28  0.156255  -2.97104  2.11627  0.552902  0.229866  -5.99  27.9512  -4.15025  -40.269  8.82036  
-1.57657  -2.98771  1.63277  -11.003  -45.3137  -0.845917  40.0035  -4.45173  19.7867  0.83738  -2.57881  -2.02723  -1.49058  -2.34527  -3316.32  -0.374291  -4.47256  5.03894  1.26177  -3.58006  -2.67945  30.3042  0.450957  -37.1665  11.2941  
-0.991506  -0.792673  1.62295  -11.2279  -34.9462  -1.38812  -4.87209  -15.3504  12.4276  0.699178  -3.60526  -1.18824  -0.513931  -1.60455  -2506.15  -0.755935  -0.870139  4.97428  2.07325  -3.8093  2.16322  8.85273  4.55852  -5.43114  9.10337  
-0.188678  0.592674  -2.24795  -4.57125  -7.98334  -0.829686  -34.7484  -18.4616  -0.955719  1.66001  -2.54874  -0.435577  0.804785  2.6988  -489.694  0.0139783  3.79297  3.55517  1.81606  -2.8104  7.84315  -19.0937  6.74123  38.2879  5.40916  
0.702109  -0.296486  -7.8103  1.33089  24.3737  0.554424  -43.0388  -10.8566  -13.1149  3.63825  0.711691  0.178437  1.77295  6.76972  1141.79  1.71889  3.67404  2.85082  0.117899  -3.98901  12.774  -36.4824  6.15828  64.9506  3.23215  
1.37594  -3.30226  -10.7919  -0.648528  41.9655  1.59577  -43.5202  1.86127  -15.6014  5.1013  4.35078  0.666792  2.08606  7.19841  1243.62  3.24201  -1.62854  2.97519  -1.53708  -7.59534  15.2835  -41.7547  3.1236  56.7456  2.78086  
1.66179  -6.27559  -8.33695  -8.00168  36.937  1.4623  -48.6344  11.3962  -5.6087  4.83575  6.2188  1.07328  2.02151  3.93897  131.256  3.55621  -6.4604  2.27755  -1.21642  -10.4021  14.4145  -41.6346  0.0329305  23.8786  2.47746  
1.60831  -6.80285  -1.36418  -11.5046  19.9699  0.486641  -54.1218  14.6199  11.186  3.37413  5.75486  1.35542  1.92713  -0.0687823  -834.988  2.37598  -5.72517  -0.658264  0.876662  -9.2503  10.4023  -38.5955  0.263286  -3.84188  1.75597  
1.27747  -4.4964  6.25974  -6.39103  5.20173  -0.407875  -44.652  14.6322  24.5247  2.20346  4.13419  1.3172  1.71817  -1.71179  -623.743  0.19208  -0.719105  -5.48758  2.13333  -4.45287  4.79031  -34.9746  4.46476  -5.19783  1.76856  
0.620364  -1.27286  10.7773  2.42113  -4.35886  -0.8633  -11.1573  14.7571  27.0751  1.78434  2.57491  0.768953  1.05895  -0.281926  520.206  -1.99436  2.56001  -10.3639  0.361233  0.271759  -0.0543174  -43.7426  8.66935  12.119  3.49533  
-0.34392  0.581577  10.897  7.13137  -12.7977  -1.33789  37.8746  13.6923  19.2466  1.01022  0.981778  -0.189625  -0.000110444  1.88814  1417.86  -3.14372  0.134773  -13.1472  -3.55037  1.181  -2.1804  -76.6644  7.68282  20.724  6.22315  
-1.31501  0.493007  8.11248  6.30423  -17.9078  -2.24287  80.5367  7.83548  7.47727  -1.20434  -1.45686  -1.10105  -0.821356  1.70111  1152.84  -2.8556  -6.00524  -12.3661  -6.5324  -2.10078  -1.39396  -114.912  0.955534  3.30261  8.30212  
-1.84823  -0.339107  5.15552  5.20222  -10.079  -3.12782  96.3793  -2.68271  -1.80251  -4.28758  -4.65156  -1.47665  -0.847956  -1.38229  -84.9288  -1.74873  -10.5058  -7.91598  -6.61045  -6.26847  0.343218  -107.909  -6.15639  -28.4231  8.81388  
-1.75412  -0.637479  3.58666  7.57005  13.5635  -2.99078  80.3937  -12.7696  -6.93318  -6.42469  -7.10699  -1.23267  -0.410741  -4.42421  -1256.33  -0.871822  -10.0158  -1.41689  -4.55804  -7.27107  0.287103  -23.1034  -7.8063  -45.4781  7.83907  
-1.28691  -0.499725  2.32558  10.3191  39.3966  -1.40644  46.2818  -17.7901  -10.2586  -6.46183  -7.25124  -0.753152  -0.494973  -3.73559  -1480.23  -0.636563  -5.60477  4.14838  -2.33832  -3.87164  -2.96279  103.279  -3.64657  -30.7083  5.31454  
-0.872296  -1.03824  -1.17238  7.92278  47.5222  0.840365  16.223  -18.5463  -13.4428  -4.9804  -5.0111  -0.485891  -1.54018  1.13919  -780.07  -0.502011  -0.690161  6.18044  -0.756398  1.39043  -8.13171  183.682  1.43656  5.4745  0.774014  
-0.689955  -2.79576  -7.6136  0.708784  31.4914  2.25217  3.42073  -19.5354  -14.7604  -3.42802  -1.87173  -0.497717  -2.62904  6.95452  83.5476  0.0358902  2.46076  4.56337  0.770044  4.70157  -12.2397  162.2  2.82112  37.0057  -5.22943  
-0.572719  -4.88952  -14.0156  -4.35554  4.02912  1.80784  2.92525  -22.9034  -11.4458  -2.54102  0.583213  -0.468048  -2.30992  10.2538  391.898  0.504706  3.98562  2.08075  2.70008  4.46111  -13.0855  73.8212  -0.0676321  46.4538  -10.4898  
-0.274133  -5.85052  -16.1885  -2.01278  -17.472  -0.219434  0.844129  -25.9946  -4.06143  -1.88117  1.92574  -0.0965887  -0.362802  10.2946  37.4076  0.0709649  4.88205  2.25412  4.55387  2.32408  -11.0021  7.84078  -5.16077  36.7494  -12.9976  
0.238778  -5.15638  -13.2647  4.4855  -28.2956  -2.51268  -8.35261  -25.0439  2.71979  -0.729978  2.76831  0.545112  1.55681  8.63053  -568.681  -1.04717  5.16594  6.2579  5.64309  1.052  -8.37464  16.5754  -10.9075  22.531  -13.264  
0.7602  -3.64287  -8.77259  6.9413  -36.0265  -3.7848  -16.5011  -19.7234  4.22791  0.909022  3.66575  1.0829  1.43348  6.71591  -976.505  -1.46914  4.08364  11.8441  5.95884  1.72067  -7.21857  71.5526  -16.706  14.5015  -13.5914  
1.03683  -2.52427  -6.3908  2.01443  -44.8999  -3.66047  -14.3325  -12.9908  0.584441  2.25311  4.3359  1.20842  -0.820571  4.80432  -1023.51  -0.355228  1.67181  15.1156  5.8491  2.99959  -7.33366  108.801  -20.9275  13.0165  -14.5732  
0.946007  -2.19666  -5.69701  -4.88874  -46.0892  -2.67844  -5.19047  -7.43698  -3.32119  2.4778  3.95658  0.930756  -2.94071  2.8247  -791.187  1.243  -0.616609  13.4273  5.17533  2.79143  -6.67026  98.4424  -20.4349  12.815  -13.2466  
0.529974  -2.22836  -3.49767  -6.05086  -27.4187  -1.58473  -0.653286  -3.30511  -2.61738  1.37064  2.01924  0.473132  -2.49242  0.985507  -413.352  1.46343  -1.17916  6.78059  3.44727  0.121083  -3.47082  57.7516  -13.1627  10.1192  -6.10155  
-0.0660179  -2.1947  1.34689  -0.4593  9.4477  -0.679181  -4.68076  0.326499  2.77662  -0.59454  -1.0736  0.00346615  0.524151  -0.556628  21.4673  -0.0344182  0.0070096  -2.76222  0.740301  -4.31314  1.94557  11.1813  -0.759302  5.04091  6.27638  
