1.07957  15.5663  8.63053  -1.29251  -2.46364  38.7706  30.2408  1.16176  3.30662  5.6434  10.6125  0.287493  2.74415  4.58918  -0.144646  1.92619  1.06597  116.27  19.5321  11.74  6.52106  0.600298  4.1976  3.11917  8.10567  
-0.434935  2.68924  -3.34186  19.8121  2.06901  -18.6093  32.392  -11.3241  0.043634  -0.3056  -4.72122  0.357322  2.38398  -18.4044  -0.302713  -1.77224  -1.32105  39.2472  16.8814  -12.537  -4.6635  -0.0184743  2.02332  -3.56946  7.19725  
-1.58368  -7.5594  -11.2181  20.9742  -1.23575  -60.8379  19.2725  -25.3773  -2.9733  -5.7492  -7.93606  0.302861  -0.69064  -24.9253  -2.12162  -4.52257  -1.46  -38.6849  -16.6886  -22.8929  -10.1911  -0.977222  -1.17041  -8.13985  1.3233  
-2.15176  -12.2456  -12.8754  5.96449  -9.87335  -82.7327  -6.19413  -38.9718  -4.99344  -9.50147  2.03863  0.116976  -4.32451  -14.5613  -4.98966  -5.70898  0.14116  -94.4405  -70.5541  -18.1164  -9.83634  -3.10176  -4.48932  -9.25137  -6.76806  
-2.14862  -10.1286  -9.63045  -4.74481  -13.6616  -86.5939  -25.6847  -46.5828  -5.20712  -10.4346  15.5434  -0.0628965  -3.48421  -1.26939  -6.3531  -5.31403  0.844517  -96.5087  -104.877  -9.63593  -8.06259  -6.6958  -5.88311  -7.16788  -9.29722  
-1.74572  -3.86862  -5.63859  -0.813087  -7.12852  -71.9019  -25.7139  -43.0166  -3.71658  -8.74486  22.4662  -0.0576463  3.15393  2.48379  -4.3826  -3.91329  -0.816511  -42.0074  -97.1068  -8.87226  -8.40821  -10.0773  -4.55761  -3.82855  -3.3021  
-1.14114  1.17412  -4.76088  6.77107  3.74773  -33.6517  -12.1156  -28.4666  -1.70669  -5.95148  20.8851  0.200172  10.4587  -2.96452  -0.106819  -2.36616  -3.16066  32.0954  -62.5247  -15.4215  -9.73415  -10.2871  -1.99507  -1.57831  5.16467  
-0.470858  1.81056  -7.23309  2.80434  8.3914  24.7899  -2.58428  -9.57977  -0.419997  -3.44757  15.2708  0.596334  11.7699  -8.41792  3.35242  -1.29312  -3.22935  79.5752  -28.9083  -18.871  -8.35103  -6.08905  -0.236103  -1.34211  7.87119  
0.166013  0.441726  -9.65043  -11.5755  3.46194  80.3234  -6.58031  4.66893  -0.0279672  -1.42301  8.73029  0.916836  5.83103  -7.45509  3.69101  -0.702307  -0.396377  79.8986  -6.91924  -12.135  -2.91342  0.0520267  0.297912  -2.05099  3.80892  
0.641948  2.64825  -8.61679  -20.8217  -4.32594  99.8422  -16.0219  9.74453  0.28332  0.533552  -0.183655  0.99945  -2.13295  -1.69599  1.47947  -0.149578  2.6564  40.559  8.07348  -0.561806  3.79948  3.91399  0.771173  -2.01949  -0.660067  
0.837569  10.6511  -4.1126  -14.0884  -6.6398  67.7124  -16.5835  8.30556  1.18512  2.20299  -12.4413  0.821877  -6.15062  3.38302  -0.696268  0.698415  2.95982  -22.6683  17.8033  4.45294  7.75075  3.74671  1.95513  -0.833775  -0.0999782  
0.771778  19.7035  1.02837  3.65795  -2.3065  4.73726  -4.80148  6.67427  2.45313  2.71571  -22.9032  0.492624  -5.0996  4.51262  -0.948952  1.63546  0.706541  -94.5158  18.8904  -0.00773552  7.60762  1.9175  3.05093  0.361828  4.03875  
0.639587  21.9366  4.46586  18.4769  3.18348  -43.5611  9.12968  8.19333  3.38007  1.82162  -22.6458  0.188606  -2.32172  2.12677  0.196061  2.09874  -1.09133  -152.771  14.0216  -4.04759  5.555  1.8567  2.80168  0.413579  6.6532  
0.636356  14.2555  6.21751  20.2331  4.92113  -42.4879  14.8341  10.3473  3.60868  0.675437  -8.04802  0.0736945  -0.803505  -1.20159  0.759123  1.72557  -0.374492  -170.571  11.4449  2.93642  4.65284  3.91439  1.31489  -0.370768  6.17307  
0.740679  2.19587  7.25413  8.037  3.14518  3.70305  14.0416  7.98988  3.29819  0.919872  13.5852  0.197386  -0.118353  -2.10446  -0.333364  0.703462  1.44182  -136.75  12.267  18.196  5.69142  5.20149  0.175358  -0.591662  5.82268  
0.743714  -4.7175  7.39603  -11.4793  1.07975  54.3594  16.7649  -1.26108  2.59876  3.0225  29.1313  0.426556  1.56338  2.04429  -2.06017  -0.347751  1.39262  -72.0916  8.65038  27.311  6.60597  3.48504  0.700496  0.540263  7.63909  
0.528682  -1.42102  5.71142  -26.9565  0.792688  63.6622  27.4202  -14.7355  1.37586  5.72703  30.4876  0.521555  3.88629  10.6879  -2.50164  -0.830921  -1.07956  -15.6307  -1.24045  20.2621  4.83932  0.139978  2.57835  2.24463  8.17878  
0.262451  8.60543  2.68488  -27.2347  2.23791  17.3114  38.5103  -26.9211  -0.364027  7.16601  20.7447  0.359939  4.29424  18.9242  -0.966587  -0.577539  -3.18817  8.55644  -6.65682  2.84114  0.252262  -1.51766  4.42558  3.02111  2.61369  
0.237337  17.0696  0.568657  -9.63697  4.91469  -51.7544  39.2325  -32.7103  -2.02875  6.41171  10.4157  0.107233  1.68411  20.6693  1.29826  0.0625749  -2.18479  12.7139  0.343987  -9.91661  -4.3498  -0.220365  5.27678  2.24968  -7.87537  
0.538344  18.1105  0.934203  14.3489  8.39281  -85.7345  28.0057  -29.4341  -2.70625  4.05048  8.304  0.106286  -1.51577  14.2518  2.47635  0.558192  1.10997  32.9366  10.2522  -9.56764  -5.85738  1.96836  5.10137  0.729174  -15.532  
0.931023  12.3589  2.60519  25.6012  10.9974  -52.0426  13.9946  -17.4584  -1.92126  1.47842  14.8575  0.533709  -2.03361  4.50826  1.98246  0.689368  3.03176  93.8447  7.5081  -0.934351  -4.11241  2.39882  4.17636  -0.272653  -14.2282  
1.09568  5.04052  2.9681  14.0557  9.91242  21.3575  6.20165  -0.419634  0.0041028  -0.255587  22.9249  1.17616  0.250327  -1.7283  0.709742  0.673869  1.23599  178.235  -6.37957  6.35286  -2.20909  0.833627  2.61724  -0.26943  -6.60265  
0.930082  0.931412  1.27902  -10.4193  3.93013  67.6988  3.97862  15.726  2.25257  -1.03108  24.2213  1.58116  2.52224  -2.09745  -0.322679  0.827631  -2.63901  230.894  -12.0793  8.98964  -2.95033  -0.897973  0.822235  0.197687  -0.729014  
0.572244  0.643733  -0.281496  -25.774  -4.31486  49.3197  -0.147183  25.5785  3.99397  -1.37418  16.2923  1.43823  3.26546  0.190476  -1.04812  1.07709  -4.85722  201.27  2.06781  10.7418  -5.21225  -1.59875  -0.24568  0.324647  0.0293881  
0.187846  0.92554  0.691747  -18.7693  -9.9523  2.33584  -9.62023  27.3243  4.58935  -1.72759  4.39644  0.811614  4.21062  1.11368  -1.9111  0.993066  -3.63309  97.2039  23.5403  14.3885  -4.62301  -1.93775  0.104163  -0.153196  0.932101  
-0.160655  -1.61994  3.73377  2.34438  -10.1252  -1.11044  -18.4386  23.2056  3.73377  -1.93209  -3.61105  0.0488918  6.91235  0.31879  -2.70868  0.371876  -0.71848  -5.71706  30.5262  16.9022  1.35392  -2.87275  1.24284  -0.846783  7.95345  
-0.435288  -6.69601  5.92059  16.0935  -6.21767  59.9841  -18.0803  16.567  1.74712  -1.38964  -4.80562  -0.475339  8.9803  0.3763  -2.52196  -0.433619  0.906315  -27.9024  17.1135  13.7095  9.57385  -3.82597  1.5712  -1.20624  18.1919  
-0.522564  -10.0072  5.16825  8.85274  -1.93839  121.307  -8.4271  9.02932  -0.292464  0.321149  -3.57541  -0.563348  6.34833  2.39219  -1.00416  -0.908327  0.25366  32.7273  -3.55941  5.40596  13.501  -3.19695  0.315899  -0.95013  21.5856  
-0.316102  -7.45483  2.33496  -12.5534  0.229781  103.254  0.763246  0.322969  -1.09268  2.94089  -5.58414  -0.275212  -0.62073  4.16239  0.741798  -0.948661  -1.07788  93.6114  -18.4601  -2.28058  9.81593  -0.517318  -1.42458  -0.109995  12.9007  
0.101383  -0.0463681  -0.232198  -28.3695  0.464496  9.32554  0.352993  -9.43567  -0.256497  5.51079  -10.168  0.100178  -5.84481  3.20793  1.17877  -0.838698  -1.07451  76.7935  -26.7698  -4.6718  2.09738  2.58662  -1.89005  1.09759  -1.04773  
0.447956  6.17351  -1.47225  -25.3306  0.26099  -68.0171  -7.49157  -18.2535  1.07788  6.83759  -10.4563  0.209041  -4.13398  0.334783  0.210747  -0.72042  0.583808  -4.25675  -31.0532  -2.52494  -2.72191  3.91893  -0.763979  2.2893  -8.32453  
0.470816  6.16648  -2.16993  -7.93523  0.565617  -50.2607  -10.819  -23.1148  0.973402  6.16699  -1.8773  -0.109528  2.43144  -1.04247  -0.489845  -0.388412  2.58912  -69.0003  -26.0621  0.288402  -1.11293  2.89567  0.574362  2.92416  -5.17507  
0.180626  1.60884  -3.0704  8.22329  1.28911  34.9044  -0.609226  -22.3101  -1.5424  3.73886  11.0354  -0.665809  6.79543  0.92536  0.556051  0.28314  3.66075  -76.6779  -5.76498  1.64949  4.17977  0.928574  0.885937  2.53387  0.548871  
-0.163789  -0.926583  -3.49764  12.0607  1.89332  84.7924  19.2252  -16.5984  -5.19378  0.762772  18.4508  -1.05298  5.18022  4.46357  2.68969  0.970561  3.65985  -75.3353  21.3973  2.50963  7.82859  -0.262333  0.591123  1.13429  -0.156383  
-0.290262  2.33445  -2.23699  5.2759  1.90777  41.8295  35.4559  -8.32625  -7.08587  -1.42031  15.5483  -0.994032  0.884585  6.38015  3.70335  1.28122  3.1689  -121.001  33.8525  4.00996  7.11377  -0.358129  1.1618  -0.580332  -6.47538  
-0.140833  7.63496  0.642114  -2.3867  1.00093  -42.413  37.9702  0.421831  -5.12812  -2.39034  7.26388  -0.578005  -0.732896  5.29392  2.46135  1.31088  2.47104  -175.246  17.601  5.18205  3.35197  -0.371377  3.27  -1.57758  -9.68747  
0.0916112  8.03345  3.55798  -3.3049  -0.989977  -74.5317  27.7349  8.61051  -0.171278  -2.84271  1.89921  -0.163041  1.23768  2.26781  0.354787  1.45615  1.26288  -128.747  -16.2733  4.39303  -0.785178  -1.13494  5.87146  -1.22849  -4.69486  
0.125561  1.57445  4.83483  2.08826  -3.94405  -31.7594  13.13  15.4564  4.43852  -3.52049  1.86061  -0.0586742  3.25185  -1.23844  -0.326743  1.71266  -0.709501  60.1808  -38.4812  2.26175  -3.75764  -2.20335  6.93982  0.124938  3.65024  
-0.182175  -6.37994  3.91768  6.92621  -7.21267  18.7129  0.815431  19.3397  5.85033  -4.00128  2.40075  -0.299901  2.49323  -4.53042  0.773143  1.546  -3.00595  283.369  -27.1568  1.5354  -5.23611  -2.38999  4.91732  1.31547  6.71766  
-0.693278  -9.16094  1.43238  4.33654  -9.4122  11.0512  -8.38462  18.3424  4.44548  -2.87495  -1.27783  -0.668867  0.0047755  -6.71065  1.55223  0.644747  -4.5739  371.436  12.0258  3.8304  -5.14745  -1.24002  -0.0546915  1.20735  2.19113  
-1.04634  -5.66467  -1.32107  -5.88514  -8.74732  -36.2818  -15.9517  12.2421  3.34247  0.610878  -8.12714  -0.876836  -1.21059  -6.094  0.0388695  -0.511077  -4.45802  258.53  49.5506  7.1225  -3.75099  0.343496  -5.77897  -0.34104  -4.28051  
-0.891568  -0.345454  -2.81844  -15.4056  -4.20867  -49.3282  -21.0864  3.75176  4.98306  5.21803  -13.1387  -0.724343  0.569637  -1.72032  -2.97906  -1.10648  -2.46964  38.7933  57.2791  7.3887  -2.11616  1.06547  -9.20183  -2.21088  -6.43593  
-0.15146  2.59117  -2.13464  -15.0163  2.78524  1.81379  -20.8156  -3.05191  8.37468  8.38484  -13.1562  -0.182805  4.91872  4.63463  -4.58967  -0.848289  0.706428  -136.671  33.2358  2.76582  -1.3743  0.641853  -9.00478  -2.81093  -3.49259  
0.880828  3.52239  0.0562039  -5.29068  8.20519  60.7413  -14.1436  -5.92187  10.0118  8.36488  -9.12031  0.582692  10.0517  9.1941  -3.00684  -0.136751  3.88788  -191.371  1.90242  -4.10009  -1.62871  0.0162295  -7.17016  -1.41783  1.38976  
1.71103  5.94804  1.59669  1.77319  8.20953  53.5192  -4.16621  -6.07284  7.35755  5.67332  -3.52049  1.26686  13.1395  9.47768  0.362419  0.581138  5.92745  -150.576  -12.3558  -8.1529  -1.97916  0.164545  -6.83273  1.11969  6.08816  
1.96946  11.8821  0.886807  -3.84088  3.05209  -17.4227  4.60428  -6.26808  1.1317  2.45115  1.79743  1.5842  11.0147  6.70364  2.53877  1.23782  6.09419  -77.0254  -12.4835  -6.49496  -1.8313  0.95045  -7.72998  3.07426  10.5453  
1.64141  19.2747  -1.10179  -15.9726  -2.20677  -69.5742  10.0713  -7.51091  -5.65067  0.532186  5.27427  1.46389  2.72529  4.58408  2.28634  1.78472  4.28368  -18.1111  -23.9399  -0.962905  -1.37117  1.3781  -4.95007  3.33355  13.8217  
1.02392  23.3926  -1.69094  -16.5894  -2.20628  -32.9877  13.3625  -8.20879  -10.1572  0.170844  5.34871  1.09968  -8.12581  5.40477  1.10648  1.80714  1.15045  0.961096  -59.964  3.71197  -0.646211  0.844096  5.83627  2.20842  12.8911  
0.454365  20.5814  0.24711  2.1685  3.0512  67.5439  15.7476  -6.75926  -11.105  0.459266  2.8716  0.758268  -14.9421  7.63969  0.945592  0.934957  -2.00891  -25.0136  -97.288  4.19507  1.02576  -0.187855  21.4123  0.786617  6.19551  
0.0427547  11.2172  2.51479  24.7509  7.72429  133.84  15.9924  -3.96071  -8.68012  0.6087  2.23428  0.506552  -13.4043  7.85935  1.69764  -0.469496  -3.88992  -66.1245  -95.8022  1.24531  3.92135  -0.858049  31.2662  -0.265227  -2.9722  
-0.337282  -0.115503  1.94742  27.4919  6.09093  95.7343  11.2774  -2.03155  -4.29449  0.634213  7.0663  0.171035  -5.45092  4.88643  1.63013  -1.38571  -4.14442  -66.9186  -44.2973  -1.7574  6.52359  -0.952724  26.7265  -1.00388  -8.67978  
-0.789827  -7.74823  -1.57282  7.02384  -1.16369  -16.7306  0.820906  -1.74012  -0.445481  0.889408  14.1231  -0.372814  2.41538  1.67152  -0.0458049  -1.09411  -3.77935  -0.814551  21.5751  -2.52245  6.49199  -0.960039  10.0886  -1.4791  -8.0918  
-1.15061  -9.11486  -4.44018  -13.7217  -7.39443  -103.791  -11.6867  -1.52572  0.495824  1.28862  14.3455  -0.883474  4.95453  2.38914  -1.9287  0.0306461  -4.19751  89.125  54.1714  -1.98705  3.07321  -1.13203  -6.78565  -1.27207  -3.72441  
-1.05217  -6.30653  -3.22917  -12.4056  -6.81822  -93.3357  -20.0503  -0.0114097  -1.53026  1.26674  2.9382  -0.84398  2.38701  7.5629  -2.01743  0.88116  -5.45712  128.488  43.2745  -2.72536  -1.84307  -0.992462  -13.2728  -0.10182  0.198871  
-0.284543  -3.33949  1.28503  6.34724  -0.385217  -5.64439  -19.8764  1.72654  -3.62744  0.549536  -12.8516  0.0286792  -0.76558  12.5157  0.00152924  0.775993  -5.71457  97.7159  21.6064  -5.64364  -5.83393  -0.0498281  -8.92621  1.37789  2.09079  
0.902241  -2.31636  4.78978  18.2599  5.44317  73.7919  -11.5146  1.36524  -2.60421  -0.242056  -19.1398  1.37918  -0.536332  11.59  2.52175  0.0865843  -2.97344  56.9737  21.421  -8.54799  -8.21437  1.24565  -1.86888  1.927  3.14576  
1.91155  -2.51885  4.1818  10.4828  5.31343  78.6036  0.699035  -1.37197  1.34019  -0.0666119  -9.80226  2.41994  2.96339  3.8606  3.83206  -0.248913  2.34782  70.066  36.8629  -8.1667  -9.77879  1.77384  0.301686  1.04172  4.37867  
2.25737  -2.80392  0.761538  -4.27733  -0.195802  17.622  11.4466  -3.96443  4.34495  1.3538  6.52942  2.60398  6.46192  -5.98133  3.61765  0.26361  6.97979  120.74  36.1995  -3.39691  -10.4724  1.12282  -3.04776  -0.350999  4.99965  
1.91801  -3.33983  -1.60518  -7.12825  -6.0117  -45.1568  16.808  -4.15428  2.98281  2.99656  15.5362  2.05997  7.28059  -11.8121  2.72664  1.16123  7.55022  127.681  5.28416  3.61219  -8.86115  0.296048  -7.19546  -0.812882  3.95803  
1.26687  -4.44828  -0.999792  3.05569  -7.8794  -55.6338  15.338  -2.56177  -1.644  3.40701  11.6859  1.34592  5.66886  -10.6702  2.03198  1.50548  3.97399  44.2887  -32.4359  9.71543  -4.48516  0.589288  -8.06031  0.0796588  1.81075  
0.686526  -4.7671  0.728542  11.7352  -5.78579  -12.2049  8.19781  -1.24831  -4.73473  2.16824  1.89397  0.830676  3.4623  -3.90873  1.73142  0.835274  -0.283747  -80.9373  -42.3515  13.5912  0.0495654  1.85648  -5.64104  1.36454  0.0783772  
0.274382  -2.28252  0.652866  9.96925  -2.71895  45.0528  -1.54266  -0.109179  -2.90055  0.368448  -4.42038  0.403046  1.42736  4.70807  1.36791  -0.359583  -1.5822  -152.765  -17.665  15.7407  0.91107  2.38239  -2.61109  1.8263  -0.403452  
-0.114796  2.539  -1.59206  3.27495  -1.09029  72.992  -10.4128  3.14945  2.10332  -0.488636  -5.4738  -0.250989  -1.04164  11.1043  0.176324  -1.06281  0.43154  -128.335  13.4543  16.0916  -2.6298  0.81006  -1.09789  1.24062  0.197639  
-0.613606  5.86583  -3.45689  0.107185  -0.832773  51.8965  -16.2302  9.0447  5.20562  -0.0140098  -6.2023  -1.19946  -3.97321  13.2085  -2.22078  -0.657344  2.90601  -50.2709  17.7255  12.878  -6.67775  -2.08376  -1.27284  0.349789  1.3255  
-1.16208  3.76375  -2.5573  0.010349  -0.444325  -9.56049  -18.1779  13.6551  3.28068  0.757802  -9.53751  -2.14641  -6.01024  13.0747  -5.01634  0.522088  3.09079  13.721  -11.0223  4.97888  -6.40543  -4.00365  -2.16065  -0.140783  2.16918  
-1.54052  -3.64286  0.696445  -1.95689  0.888467  -77.5147  -15.6479  11.9589  -1.92157  0.638935  -12.0664  -2.69345  -6.24211  15.7034  -6.27268  1.56404  1.08311  44.2257  -47.719  -4.92569  -1.24468  -3.53677  -2.88118  -0.241155  1.29756  
-1.53637  -11.6677  3.64496  -5.02853  2.58391  -103.914  -7.95545  3.54612  -5.87705  -0.2369  -8.66231  -2.63494  -5.78881  23.4689  -4.4793  1.87486  -0.809535  70.0365  -59.1  -11.2751  4.4785  -1.62574  -3.00096  -0.33217  -2.39802  
-1.09374  -14.7642  4.13117  -4.03113  3.78857  -57.1071  4.24701  -6.34296  -5.70006  -0.398954  0.354143  -2.0291  -6.33349  31.1629  -0.326821  1.67155  -0.930597  108.377  -31.4453  -10.8351  6.32652  -0.47204  -2.22212  -0.451785  -7.77987  
-0.360229  -10.8065  2.33434  1.6153  4.6125  40.9191  17.116  -12.0054  -2.26056  1.39015  8.87134  -1.09715  -7.28459  28.8899  3.56798  1.57852  0.0603863  126.93  18.9474  -6.31523  4.33801  -1.18271  -0.435173  -0.224147  -10.9284  
0.373815  -2.56236  0.136417  7.00305  5.89954  115.788  25.2946  -12.3484  1.3231  4.54633  11.5953  -0.121922  -6.00238  12.2987  5.05112  1.81266  0.37743  81.9466  58.1549  -3.30058  2.32822  -2.77834  1.89502  0.498132  -8.13666  
0.821578  4.7176  -0.816155  10.0511  8.06216  101.92  26.2513  -10.2931  2.55415  6.82714  9.71264  0.608357  -1.53797  -11.1395  4.29677  1.9652  -0.610036  -15.0369  59.0546  -3.79896  2.88711  -3.37877  3.54921  1.17782  -0.042503  
0.84039  7.29163  -0.377183  13.6142  10.5428  12.4473  22.236  -8.24053  1.11136  6.20876  9.36249  0.868405  3.14541  -27.991  3.04057  1.55351  -1.80174  -88.8961  20.6548  -4.50988  4.3362  -2.06245  3.43905  1.03617  8.16807  
0.469335  5.3687  0.37894  17.7263  12.4125  -63.9126  17.0062  -5.78392  -1.42389  2.69858  14.1686  0.591166  4.07807  -31.4759  2.31068  0.568855  -1.92881  -73.2609  -30.0239  -2.20197  2.86318  0.428034  1.67651  -0.0449306  11.3474  
-0.12806  2.10194  0.316673  15.1213  13.1563  -50.7924  10.8277  -1.91792  -2.97439  -1.66029  19.6777  -0.0783765  1.00962  -26.6759  1.58547  -0.603471  -0.980383  13.0802  -56.4598  1.05681  -2.56429  2.44459  -0.245065  -1.24418  9.07138  
-0.741058  0.145817  -0.730173  1.25556  12.4104  31.9482  1.49261  2.34979  -2.61845  -4.48343  16.069  -0.83004  -2.28267  -22.6913  0.133915  -1.65292  0.110369  78.6212  -40.2453  0.408157  -8.5294  2.87028  -0.723914  -1.56109  5.34388  
-1.15845  -0.580632  -1.85754  -15.6893  9.35945  85.5192  -9.81676  5.10142  -1.50274  -4.74048  -1.77616  -1.32477  -2.70448  -21.9052  -1.57857  -2.52356  0.76741  51.8242  3.36103  -4.55614  -10.3179  2.0611  0.446574  -0.77036  3.93694  
-1.21652  -1.55916  -2.01755  -20.8185  3.39373  39.215  -16.2002  6.37957  -1.81247  -3.06162  -26.2591  -1.34826  -1.45164  -19.4602  -2.34612  -3.12124  1.13331  -44.8724  38.5006  -7.82643  -6.50528  1.50405  1.86134  0.484718  4.34726  
-0.883395  -2.85693  -1.22732  -9.71793  -4.24255  -68.6647  -11.5168  7.99808  -4.10772  -0.820523  -40.5607  -0.900399  -1.73817  -12.1339  -1.74027  -3.07055  1.20645  -121.473  42.1851  -3.86294  0.0923216  2.24711  1.78251  1.40529  2.45459  
-0.31037  -2.79726  -0.597806  6.43953  -10.0314  -128.063  0.801938  10.1369  -5.86457  0.90935  -32.657  -0.173389  -3.84152  -4.03457  -0.556772  -2.02301  0.434419  -117.758  26.3104  5.12467  5.41264  3.45977  -0.225715  1.60362  -4.60875  
0.248893  -0.615018  -1.03346  15.1431  -10.6224  -73.5532  8.89412  9.88962  -3.61855  1.75977  -7.34728  0.565122  -4.31035  -1.8428  0.273223  -0.172363  -1.34895  -58.1098  21.3441  11.238  7.6433  2.90613  -2.88027  1.02257  -14.3915  
0.602006  2.03485  -1.97893  15.8612  -6.25748  45.8218  4.14802  5.06626  2.87313  1.95343  16.5918  1.09577  -0.610022  -6.00474  0.6824  1.65221  -3.07763  -9.4676  35.7607  10.152  7.80814  -0.529674  -4.22729  -0.264265  -20.3351  
0.707355  3.23114  -1.91896  15.7676  -1.35509  116.996  -9.22441  -1.22551  9.36833  1.96971  22.3965  1.30484  4.95975  -9.41042  1.18584  2.48784  -3.23175  0.380411  41.1938  5.61181  7.73942  -4.91022  -3.50378  -1.87106  -17.2091  
0.632478  3.68275  -0.30478  17.0923  -0.701397  77.0172  -18.4062  -2.51479  10.9968  2.12798  9.51297  1.18498  7.5445  -5.90368  1.94362  1.97123  -1.56331  2.80886  8.69892  3.77543  7.90262  -6.57033  -2.07505  -2.92063  -6.0712  
0.468355  5.60887  1.40428  14.5392  -4.66753  -28.7187  -15.5164  3.46469  7.27544  2.27077  -7.63031  0.838887  5.36802  2.12149  2.48773  0.639595  0.445218  35.8007  -44.9354  5.13099  7.31837  -3.88861  -2.2923  -2.56021  6.10732  
0.300305  8.65852  1.15725  4.95898  -8.50484  -98.3189  -4.85629  10.4343  2.39466  1.8867  -14.0866  0.466708  1.49031  6.20165  2.25407  -0.523177  1.15364  92.8112  -66.4855  4.77077  5.01836  0.725724  -4.72565  -0.821648  12.3483  
0.22901  8.90376  -1.12364  -6.6723  -6.99691  -73.9778  3.37224  9.40344  0.378074  0.677169  -7.5815  0.270412  -0.454893  1.56394  1.1283  -0.817407  0.551057  133.472  -30.9018  0.195559  1.55091  3.23617  -6.62698  1.25507  11.2133  
0.32142  3.42294  -2.97407  -13.4966  0.123255  10.6119  4.16046  -0.836584  1.06051  -0.979854  1.91199  0.293632  -0.603733  -6.89623  -0.477638  -0.308334  0.0759168  133.067  17.1721  -4.59013  -1.2794  2.14452  -3.97513  2.5633  6.73732  
0.509783  -5.1763  -1.83228  -15.2998  7.65086  73.701  0.774959  -11.0335  1.34816  -2.25288  3.77884  0.357177  -1.63087  -9.71718  -1.80485  0.339335  0.803855  103.657  7.46973  -4.33523  -2.04925  -0.332606  4.09706  2.88043  3.35805  
0.586057  -10.7992  1.90097  -16.5036  9.78563  65.5164  -1.74832  -11.0092  -0.447388  -2.57063  -2.75195  0.207665  -4.07303  -3.44756  -2.01727  0.50254  2.27813  67.7961  -69.1511  0.169094  -1.38138  -1.24328  13.1067  2.73766  1.96184  
0.359617  -10.6641  4.79148  -17.5957  5.36823  5.4928  -2.03632  -1.15394  -2.94375  -2.08209  -9.2022  -0.235223  -5.31552  5.70132  -0.746939  0.105512  3.20902  27.3257  -138.199  2.67862  -1.35095  -0.158891  16.5049  2.49234  0.73422  
-0.162701  -7.93891  3.81062  -13.456  -1.64831  -47.3223  -0.742205  7.71699  -4.08279  -1.3547  -7.65506  -0.794384  -3.69805  9.02488  1.3922  -0.429358  2.88613  -29.3486  -119.952  -0.988242  -3.21795  0.990942  11.6418  1.84863  -1.43157  
-0.768511  -6.85403  -0.261885  -2.66021  -6.39896  -49.4015  3.36092  6.49714  -3.67117  -0.692424  0.957051  -1.21398  -1.35586  4.75172  3.09934  -0.598555  1.56841  -94.0431  -19.4603  -8.34804  -5.68549  0.64162  2.38127  0.365852  -3.47611  
-1.2039  -6.83115  -3.32892  6.53708  -7.10832  -1.68581  12.1919  -2.20689  -2.74226  0.153293  8.04214  -1.40076  -1.22242  -1.19546  3.46073  -0.143312  -0.156267  -130.103  78.8119  -13.7012  -6.29919  -0.782091  -4.69023  -1.77996  -3.88324  
-1.33695  -3.70361  -2.19353  3.95179  -5.0875  60.7723  22.7756  -7.771  -1.51678  1.50618  6.20459  -1.45147  -2.44633  -2.94381  2.76764  0.841254  -1.89555  -109.29  102.364  -14.1451  -4.3731  -1.80284  -6.24461  -3.70524  -2.46524  
-1.1938  3.66513  2.06274  -8.11903  -2.0087  97.1637  26.4902  -4.48416  0.700583  3.008  -3.46088  -1.45047  -1.55312  -1.0265  2.01618  1.83474  -3.44286  -53.6569  59.2194  -10.5574  -2.06603  -1.47551  -4.15425  -4.40635  0.0444845  
-0.886237  10.526  5.29569  -14.2684  1.70707  85.279  16.5661  2.29646  3.61077  3.5326  -12.7024  -1.29955  1.72313  -0.318762  1.60649  1.93582  -4.54706  -27.3479  10.7876  -4.37543  -1.7355  0.195188  -2.15348  -3.4074  2.97927  
-0.522735  11.145  4.67886  -2.23654  5.88539  33.0022  -2.95609  3.39721  5.18365  2.18781  -14.3421  -0.804001  2.74447  -3.26145  0.851349  0.43212  -4.89057  -70.2318  -4.37576  3.83274  -2.79769  2.55785  -1.79105  -1.07939  5.13514  
-0.148408  4.94283  1.3756  21.5126  9.09742  -26.9131  -18.3818  -2.98395  3.63358  -0.446277  -8.3802  0.0738157  -1.90874  -7.21225  -0.99088  -2.22204  -4.23108  -143.143  -1.02016  12.1617  -2.15892  4.36723  -1.97649  1.44342  3.96223  
0.264528  -3.70692  -1.21388  37.1344  9.35224  -59.4004  -18.9056  -9.76286  -0.299931  -2.3531  -0.120562  1.08072  -8.51418  -8.3606  -3.34508  -4.21758  -2.52113  -154.423  -8.21613  16.47  1.93057  4.16856  -1.42764  2.84234  -2.35271  
0.759054  -10.6398  -1.23123  32.8755  6.24939  -53.1926  -7.664  -10.1266  -3.70545  -1.80806  6.2723  1.81452  -9.60656  -5.96841  -4.38501  -3.72332  -0.0438112  -52.237  -24.7314  13.8623  7.37864  1.67367  -0.490017  2.52951  -11.3352  
1.29039  -14.6239  0.209204  16.9678  1.73154  -27.4888  1.41703  -4.71982  -4.28457  0.816302  10.6906  2.00388  -3.23629  -1.90579  -2.7777  -0.724086  2.52045  109.17  -25.978  6.5215  10.3466  -1.22968  -0.29582  1.19291  -16.4834  
1.66523  -15.5248  1.0086  6.01605  -1.79357  -10.4953  -1.09021  1.25351  -2.4691  3.2675  13.6645  1.66714  4.19441  2.17796  0.68759  2.65226  4.34937  211.495  -2.92243  0.0952675  9.25853  -1.93425  -1.07355  0.207147  -12.7917  
1.62797  -12.9054  0.500173  5.14567  -3.74481  -11.7173  -9.79664  5.70509  -0.695883  3.66337  12.655  1.03401  5.81388  5.44173  3.48179  3.98495  4.96116  185.294  23.9639  -1.62964  5.93006  -0.077832  -1.74342  0.293707  -2.26483  
1.05359  -8.17793  -0.456848  4.32947  -5.4203  -18.0309  -11.519  10.9704  -0.822105  2.29894  4.16198  0.336296  2.57549  6.51073  3.61841  2.77915  4.40085  75.2397  31.222  0.35177  2.85613  1.57928  -1.1677  0.847986  7.39346  
0.0900811  -5.51304  -0.990802  -3.77705  -7.85567  -14.7624  -2.11181  17.7277  -2.39024  0.912212  -10.5363  -0.328177  1.05093  3.60846  1.61863  0.668101  2.99282  -15.0574  20.7113  2.63817  0.457451  0.096214  0.637137  0.786995  10.1052  
-0.874409  -7.18496  -0.992111  -10.0433  -10.2002  -2.85073  6.83101  21.1898  -3.36894  0.389502  -23.9747  -0.946979  4.03113  -2.71508  0.0249409  -0.373571  1.03525  -31.8465  12.9599  3.15381  -2.35115  -4.04789  2.35476  -0.0497523  6.5029  
-1.44356  -8.52155  -0.561655  -0.533188  -10.4855  6.95577  0.985092  16.3351  -2.36206  -0.117907  -28.416  -1.44874  6.76459  -8.29004  0.71407  0.0965769  -1.18958  -5.65989  17.8536  1.87929  -5.9104  -7.09208  2.29797  -0.685669  1.7833  
-1.46663  -1.62034  0.356947  20.1777  -7.79662  8.91049  -17.9018  5.16469  0.017976  -1.57967  -22.8357  -1.65499  3.56007  -8.93914  2.6894  0.926373  -3.22289  14.8546  22.2128  -0.66505  -9.08608  -5.8325  -0.357221  -0.282995  -0.168168  
-1.11881  14.1418  1.35352  27.8896  -3.28353  4.69534  -30.0194  -4.21934  2.06822  -3.23259  -12.7104  -1.4281  -4.53765  -5.15309  2.83069  0.785902  -4.44769  30.5555  8.80551  -3.91401  -10.7748  -0.868583  -4.68215  0.722082  0.496191  
-0.730485  27.683  1.29148  7.74081  1.02946  -4.2844  -17.1836  -6.78402  3.02924  -3.1793  -3.32314  -0.874718  -11.029  -1.76519  -0.89225  -0.562238  -4.35809  67.2222  -18.9817  -6.54495  -10.9651  4.18199  -8.13804  1.10842  1.76946  
-0.523612  26.2254  -0.486444  -21.4771  4.00804  -16.1465  15.7456  -5.89849  3.73327  -0.834348  4.97568  -0.349545  -11.5665  -2.66066  -6.92706  -2.20672  -2.87317  104.694  -38.4334  -6.91413  -10.0965  5.92846  -8.06965  0.381759  2.62643  
-0.49082  9.4555  -2.86665  -24.4063  5.6546  -21.5408  42.4923  -7.94545  4.88811  1.94936  13.9825  -0.175476  -7.51383  -6.62508  -11.0445  -2.9569  -0.531311  75.6532  -32.1032  -5.16054  -8.09186  3.46048  -3.76778  -0.677453  2.92009  
-0.487943  -9.3915  -3.60713  8.07407  5.96567  -9.44942  40.6182  -13.2789  5.24402  2.68467  21.7579  -0.317993  -2.13992  -8.92177  -9.98339  -2.27966  1.59396  -47.182  -5.91843  -3.93255  -4.80609  -1.66875  2.54674  -1.14256  2.07894  
-0.386257  -17.8015  -1.67704  42.1481  4.30963  14.7114  13.902  -15.3971  2.51086  0.888202  22.0015  -0.364947  3.70086  -6.78  -4.19452  -0.648775  2.44262  -190.82  18.8817  -5.69041  -1.0421  -6.56572  7.03413  -1.20083  -0.488698  
-0.120474  -16.6461  1.43901  36.5074  0.433222  26.9074  -12.6101  -9.48901  -3.39439  -1.54351  10.4716  0.09041  10.3408  -2.3005  2.74437  0.865473  1.86735  -243.897  28.4802  -9.18616  1.73983  -8.31837  7.11427  -1.76969  -4.10935  
0.326491  -16.2585  3.17823  -10.1031  -4.23559  11.1037  -19.2493  1.18266  -8.80539  -2.45713  -8.97299  0.988126  15.6336  0.448757  7.17995  1.44802  0.971512  -178.311  27.3083  -9.83957  2.85574  -5.55045  3.48469  -2.91272  -7.20597  
0.87517  -21.3734  2.45387  -55.4267  -6.99273  -17.9776  -9.89302  8.60449  -9.18357  -1.43484  -26.0672  1.73626  15.6523  0.189519  7.86775  1.14893  1.07789  -79.4963  27.6956  -4.51358  3.03006  0.403403  -0.551349  -3.23889  -9.28853  
1.289  -24.1511  0.558851  -59.3559  -6.06627  -30.3891  -2.27407  8.61001  -3.86414  0.382586  -32.176  1.6817  9.45074  -0.729145  5.98992  0.707701  2.18127  -46.9761  32.7914  4.49364  3.2219  6.1449  -1.94977  -1.36578  -11.4496  
1.27009  -14.1353  -0.413512  -25.4932  -2.14099  -17.8078  -4.19581  4.40526  2.74846  1.83996  -26.7459  0.706222  1.06569  0.182335  3.49101  0.659824  2.84894  -84.2537  32.1271  11.1576  3.3406  8.75587  -0.440347  2.17871  -13.9704  
0.718833  6.97658  0.298438  7.83867  2.4347  -2.55363  -5.88624  2.00293  5.36828  2.68441  -16.0573  -0.631987  -4.63743  2.4342  1.65331  0.702551  1.99138  -106.043  14.0484  11.4992  2.60148  7.89442  1.54518  5.00366  -14.6288  
-0.114625  24.0937  1.61509  11.4106  5.62897  -4.74469  2.96736  4.20269  2.94836  3.2021  -6.45583  -1.57013  -7.16286  3.13005  0.844054  0.10272  0.344268  -42.5487  -18.5344  7.02401  1.06487  5.40631  1.48587  5.0273  -10.9  
-0.819144  23.5981  1.92096  -8.23205  6.61283  -13.9873  15.2241  8.79352  -0.994433  3.56418  0.783488  -1.76455  -9.93182  0.447338  0.855194  -1.3134  -0.425332  90.1439  -45.861  2.30626  -0.0518427  3.14181  -0.780275  2.43286  -3.5672  
-1.15679  7.95454  0.583812  -24.3332  5.21217  -6.90932  13.187  11.1101  -2.88606  3.741  8.30347  -1.46164  -14.9034  -3.99093  1.14192  -2.69791  0.153781  218.229  -47.5286  0.231065  0.232183  1.55756  -3.15151  -0.67283  3.09013  
-1.17258  -6.4046  -1.70797  -21.5678  1.56221  13.7606  -6.74201  7.32553  -2.80186  3.70707  17.3907  -1.11132  -19.1602  -6.53859  1.02039  -2.86071  0.874834  279.122  -22.4658  0.324973  1.13317  0.211971  -3.80572  -2.34738  5.34407  
-0.99365  -6.10511  -3.68865  -6.05125  -3.26466  16.441  -24.4346  -2.70682  -3.0556  3.43334  24.6296  -0.892553  -17.7905  -4.98174  0.124467  -1.45065  0.709491  253.58  8.45929  1.07533  0.703621  -1.04975  -3.19809  -2.32128  3.36316  
-0.645714  5.4634  -4.44943  9.25215  -7.09129  -17.6805  -17.1488  -14.0777  -4.12496  2.80544  24.3366  -0.648256  -9.69458  -0.415209  -1.1543  0.616367  0.250403  159.854  21.179  1.94189  -1.97235  -1.83314  -3.32495  -1.59551  0.22562  
-0.126528  12.4795  -3.77712  18.8798  -8.06465  -64.2688  12.1962  -18.7231  -3.61446  1.77704  14.0843  -0.181694  0.471448  3.46372  -1.89985  1.90826  0.608381  46.2238  10.2749  2.32304  -5.41077  -1.8068  -5.03342  -1.06544  -1.53882  
0.455879  4.13209  -2.00464  22.9034  -6.3279  -79.7738  34.4992  -11.8163  0.22732  0.554998  -2.26643  0.524253  6.42571  2.97924  -1.54532  1.77042  1.37266  -23.2267  -9.32199  0.105374  -6.98258  -1.12815  -6.7051  -0.817929  -1.80337  
0.952514  -13.6541  0.224656  19.1539  -3.63702  -50.2641  24.6475  2.95753  5.30868  -0.643866  -17.1266  1.3822  5.80206  -2.41331  -0.491402  0.83672  0.835018  -10.8  -21.231  -6.43394  -5.49687  -0.304524  -6.02587  -0.480772  -1.88701  
1.35963  -25.0926  2.10554  5.92219  -1.30677  -5.26275  -11.8922  15.4573  7.44829  -1.94753  -24.2633  2.31174  1.54379  -8.82793  0.29332  0.314695  -1.4895  47.802  -22.7547  -15.0149  -2.58204  0.173417  -2.92137  0.20641  -2.60029  
1.7622  -21.3627  3.02454  -8.97423  0.719768  16.7614  -45.4256  18.3989  5.2097  -3.65936  -21.8601  3.11647  -1.6461  -10.5561  0.256627  0.72696  -3.57395  62.7294  -19.8262  -19.6132  -1.18228  0.0725564  -0.0104383  1.22731  -3.53304  
2.03722  -8.82391  3.08826  -11.0675  2.45378  6.8621  -52.3852  13.7296  1.68193  -5.61511  -12.0428  3.32749  -1.58414  -5.39011  -0.288446  1.39443  -2.96257  -17.6081  -13.1818  -16.0646  -2.7417  -0.32822  0.164485  2.33266  -3.87571  
1.77028  -0.646664  3.22328  4.30737  2.55814  -12.3127  -35.8959  9.56985  0.841183  -6.9715  0.797759  2.43569  0.523004  2.30278  -0.748393  1.19319  0.118746  -139.671  1.98125  -6.80533  -5.67994  -0.277366  -1.99208  3.03615  -3.51903  
0.652272  -2.66155  4.11895  21.6171  -0.291238  -13.3424  -17.3605  11.6528  2.99216  -6.85906  11.3461  0.462151  2.47468  5.00801  -0.951633  -0.262876  2.63463  -195.994  23.0639  1.34913  -7.05939  0.707082  -3.60374  2.80058  -3.80944  
-1.01834  -9.18297  4.90523  18.8267  -4.75302  12.3538  -12.581  18.586  4.81433  -5.16918  15.2803  -1.77924  3.41148  0.327298  -1.13355  -2.20784  2.10312  -148.519  37.0708  4.22423  -5.43391  1.98575  -2.71639  1.54428  -6.8285  
-2.39154  -11.5091  3.60868  -7.14281  -6.87254  48.2206  -18.7955  24.4705  3.56767  -2.57981  11.7856  -3.19187  3.55961  -5.19728  -1.31954  -3.47001  -0.570078  -75.5309  35.8305  3.91677  -2.02211  2.10816  -0.665461  -0.0410034  -12.5912  
-2.7526  -7.45112  -0.364988  -32.9724  -3.6997  63.2714  -22.9237  23.555  0.0212372  0.0418403  4.3443  -3.28294  2.80026  -2.83078  -1.23882  -3.49846  -2.20397  -75.3478  27.3999  5.06677  1.13789  0.385827  -0.452671  -0.967822  -17.1628  
-2.1557  -1.72814  -4.46697  -32.2255  3.33501  36.8272  -17.4164  13.2699  -3.1227  2.1125  -2.56288  -2.52595  0.625007  7.82422  -1.02209  -2.61933  -1.09008  -142.056  23.7236  8.9066  3.68278  -1.97461  -2.94708  -0.922655  -15.1165  
-1.33172  0.712187  -4.92681  -6.07173  9.4119  -17.4732  -6.1138  -3.84598  -4.54241  3.35965  -7.71174  -1.81911  -2.396  16.959  -1.55376  -1.52039  1.07029  -171.17  21.6104  12.0116  6.88049  -2.75984  -5.75468  -0.589056  -5.41254  
-0.961711  -0.672308  -1.03036  15.9613  10.6078  -57.9682  2.90024  -19.061  -5.04854  3.83236  -13.2746  -1.62486  -4.24989  14.6167  -3.50061  -0.677197  1.33658  -95.6123  7.71751  10.534  11.2345  -1.06346  -6.1619  -0.800456  5.72701  
-1.06955  -3.59796  3.33498  8.77103  6.87198  -55.6014  6.86099  -21.265  -5.55114  3.93458  -20.2213  -1.67162  -3.4779  1.71268  -5.90943  -0.197423  -0.83252  19.6069  -16.6234  4.50041  14.711  1.53395  -4.28256  -1.44094  9.93104  
-1.11665  -6.50035  3.48187  -18.6779  1.14889  -28.0104  9.2361  -6.7179  -5.63077  4.08812  -24.7137  -1.42378  -1.18191  -10.5192  -6.47089  0.0597871  -2.80611  50.762  -28.1149  -2.22621  14.3779  2.43929  -2.22469  -1.44978  5.39961  
-0.617142  -9.1604  -0.816603  -33.3525  -3.56176  -19.3559  13.0793  14.0695  -4.43217  4.11558  -20.9801  -0.708651  -0.0554819  -12.1285  -3.77703  0.455514  -1.82291  -27.2632  -8.93265  -5.62166  9.6539  0.79716  -0.774882  -0.0652922  -1.15327  
0.351478  -10.8358  -4.84057  -16.4709  -5.9747  -43.5758  15.7188  22.7461  -2.10992  3.24792  -7.876  0.157805  -1.15142  -4.29696  0.712177  1.30098  1.65695  -99.6784  25.4479  -4.9399  3.25467  -1.50918  1.18951  2.08459  -1.9072  
1.2069  -9.95797  -4.14301  14.6949  -6.24244  -64.8545  11.2595  10.1245  0.373869  1.10685  8.25763  0.766782  -2.54476  3.08835  3.57036  2.30402  4.21928  -44.7219  39.1666  -3.03349  -1.44245  -1.85796  3.53562  3.35721  3.7864  
1.38227  -6.31469  0.441478  28.0374  -5.00208  -48.0343  -1.71464  -13.7216  2.52084  -1.49926  18.1318  1.00433  -1.82311  2.35219  2.74486  2.42319  3.15063  117.093  17.8847  -3.49226  -3.52896  0.175256  3.24647  2.64068  9.94984  
0.824952  -2.45464  3.83686  13.9801  -2.89117  -12.9428  -16.4401  -28.2459  4.53803  -3.33601  16.6071  1.03648  0.821156  -5.1945  -0.210866  0.841127  -0.62468  239.964  -13.3669  -7.0327  -4.58945  2.28098  -1.63603  0.466727  11.5752  
0.0247923  -1.5065  2.46777  -6.75296  -0.44307  -10.9436  -22.9797  -21.8659  6.24973  -4.32769  5.74321  1.0011  2.84235  -12.2025  -1.72681  -1.75268  -3.57596  216.335  -20.9879  -10.4304  -5.9266  2.03419  -7.28305  -1.47229  9.35028  
-0.445458  -3.37471  -1.96324  -10.4835  1.98286  -45.7197  -16.8319  -1.72368  6.61444  -5.82653  -7.99293  0.81811  2.4465  -13.0074  -0.080928  -3.36016  -3.24033  90.4662  -3.95133  -9.59325  -6.74253  -0.273625  -6.59677  -1.90691  6.90178  
-0.440796  -4.44824  -4.80668  3.05974  4.01235  -49.4983  -2.7525  15.0901  4.78394  -8.77515  -18.2116  0.331698  0.471505  -7.67466  2.70691  -2.60814  -0.448157  -9.26652  8.25438  -4.20469  -5.71743  -1.96035  1.90701  -1.07799  5.79267  
-0.309356  -2.1248  -3.71165  15.9068  4.85877  34.95  9.89665  17.8343  1.3269  -12.0438  -21.391  -0.40253  -1.14796  -0.418614  3.14739  -0.347026  2.02052  -23.2873  -2.6827  1.1617  -3.46734  -1.20618  10.2885  -0.285012  4.75765  
-0.453953  0.94108  -0.754162  16.6783  3.47411  163.994  14.9864  9.05745  -2.03566  -13.2793  -17.4248  -1.04599  -1.75138  4.2319  0.20854  1.20262  2.37823  -9.90216  -17.1791  1.54885  -2.43656  0.622693  9.32913  -0.456696  2.43262  
-0.874261  -0.605448  0.522506  11.6455  -0.319755  219.443  12.9651  -1.22265  -3.89258  -11.5159  -9.15086  -1.24687  -1.71691  3.98898  -3.45412  0.882691  1.10712  -44.5212  -1.9679  -2.79323  -3.69864  0.533542  -0.145913  -1.25555  -1.01166  
-1.20613  -7.04611  -0.742163  10.8814  -4.85459  136.926  8.09236  -5.51534  -4.00716  -8.34141  -0.877342  -0.991899  -0.566885  -0.325069  -4.2568  -0.37784  -0.268057  -107.823  43.9574  -6.46111  -5.07735  -2.33609  -7.66696  -1.57859  -4.88843  
-1.15974  -10.5675  -2.06788  11.9201  -7.29252  -15.9483  3.73123  -3.39515  -2.92259  -6.10287  4.13399  -0.645392  3.08576  -5.20511  -1.36535  -1.02551  -0.852659  -107.995  80.9557  -4.94526  -3.10165  -5.26939  -5.92313  -0.787396  -8.54712  
-0.810121  -3.49976  -0.824165  4.32546  -5.84537  -111.28  0.142375  0.844029  -1.3029  -5.3693  6.0012  -0.584385  8.97872  -6.90918  2.57945  -0.773414  -0.700851  -8.33204  71.7133  0.274798  2.73364  -4.74028  0.315542  0.70795  -10.6311  
-0.383236  10.4291  2.57683  -12.2087  -1.37328  -95.1371  -4.33337  2.96685  0.168301  -4.66943  7.94963  -0.788671  13.6431  -4.34668  4.13956  -0.343682  0.00381499  101.108  26.3342  3.61847  8.65166  -0.331532  1.27945  2.0134  -9.53117  
0.0978908  17.294  5.06476  -23.0875  3.32617  -28.6837  -10.4501  2.19395  0.815418  -2.60137  12.495  -0.844864  12.7751  0.559253  2.23824  0.152741  1.29878  86.5198  -5.76675  1.95695  10.2403  4.69747  -4.10737  2.63517  -5.32313  
0.750873  8.9648  4.28087  -16.3279  5.88079  -1.18008  -16.4481  1.28833  0.558422  0.361013  17.6113  -0.395995  5.52645  5.4397  -1.18595  1.41062  2.7764  -75.2739  8.89925  -2.00322  7.19873  6.77761  -6.68304  2.67008  -0.184235  
1.46025  -4.38658  1.1143  0.704535  5.99713  -28.8558  -19.0142  3.84748  0.347326  2.44317  17.1577  0.44037  -4.15282  10.1977  -3.21627  3.38172  3.21276  -249.165  48.7451  -3.06158  4.09342  5.40304  0.430825  2.32206  4.11155  
1.79762  -3.65053  -1.36092  8.33938  4.97732  -54.6939  -16.045  10.7005  1.36428  2.50691  6.88241  1.15272  -10.7572  16.0919  -2.50039  4.54062  1.53249  -268.357  61.2908  0.698321  5.48172  2.97019  12.3513  1.58808  7.86073  
1.46978  15.6336  -1.25143  -2.01947  3.99259  -33.4987  -9.00056  18.59  3.41776  1.05192  -9.43918  1.32784  -11.6552  21.882  -0.126609  3.52989  -1.67054  -109.772  24.9912  6.14467  10.8065  1.77701  18.4501  0.548768  11.37  
0.721713  33.7265  0.337914  -17.2905  3.02103  11.647  -2.14249  22.3475  4.56241  -0.539326  -21.0553  1.00243  -8.39117  22.5139  1.56268  1.08218  -4.08488  74.6597  -23.7758  8.39946  14.2693  1.8392  14.7386  -0.313285  12.0971  
0.0887397  26.1936  1.01143  -17.8998  1.39124  24.8754  0.896206  18.9136  2.82925  -1.32644  -19.0523  0.508983  -4.12667  13.2738  0.969527  -0.751861  -3.62614  112.106  -32.034  5.0485  10.4711  1.70063  6.09409  -0.427583  6.56443  
-0.229696  -7.7417  0.0481397  -1.20752  -1.01078  -7.58291  0.207472  10.0212  -1.53668  -1.3694  -5.17107  0.0627916  -0.444048  -4.24369  -1.56066  -1.20754  -0.567649  -10.0027  7.62925  -2.38629  0.0676712  0.700481  -2.46713  0.186955  -4.67748  
