-0.438391  -7.16132  4.06424  -5.61362  -2.74828  -43.8599  -6.84798  -0.116258  2.50551  -0.428943  4.25734  13.633  -3.58069  0.244105  51.0699  -11.2244  0.0230446  3.54306  -63.8126  -1.69912  -1.24478  133.238  -3.64849  8.49437  -5.08253  
-1.71287  -16.4847  58.4197  15.7701  -1.39433  21.6477  2.43537  3.10456  1.43692  -1.78476  0.46062  -8.80816  -6.84029  -4.52946  -6.33328  6.28418  0.331103  -0.6247  84.1806  9.25828  5.75527  -156.003  4.36903  -11.5187  5.00869  
-1.49727  -15.977  78.1562  22.6193  1.8898  62.7341  8.46135  4.64751  -0.519649  -1.59902  -3.66991  -27.0611  -5.64178  -6.38539  -54.2602  21.6786  -2.47962  -3.18013  180.088  14.6374  10.7326  -402.874  7.73007  -20.5419  13.9898  
0.2832  -6.76294  66.0324  14.5953  6.43297  70.522  10.0813  4.35571  -2.61349  0.192883  -5.77402  -35.1874  1.72017  -4.62593  -83.0828  31.1103  -6.78356  -4.01815  205.191  13.7002  13.2347  -443.5  6.0303  -17.0473  18.7214  
2.27117  1.02336  52.0304  3.73968  9.35334  50.6835  8.55915  3.43247  -3.10655  2.18249  -2.71982  -31.1205  12.4824  -1.11113  -87.719  31.4176  -7.16444  -4.25333  178.78  10.0137  14.5995  -131.148  2.82309  -9.16413  16.253  
2.97075  0.0882854  53.1722  0.185282  8.45122  15.3263  6.13799  2.97  -1.40352  2.85765  4.4032  -21.9541  20.3815  1.43583  -71.9247  23.8866  -0.79598  -4.57318  133.37  6.88913  16.059  404.82  1.01909  -5.88447  7.40108  
2.05034  -6.69906  56.3077  2.54503  4.47304  -17.6432  4.48979  2.90556  1.02712  1.93163  9.24208  -17.4744  19.7483  1.61373  -45.193  13.9546  7.8553  -4.36574  88.9465  4.8428  15.9844  763.834  -0.0649388  -8.63735  -3.67529  
0.435404  -11.3701  41.313  2.41676  0.497403  -27.4123  3.97159  2.50998  2.15753  0.37764  5.69154  -17.4722  10.1574  0.0818196  -16.8321  6.53326  10.5337  -2.73689  49.7695  2.91129  10.5325  630.375  -2.73138  -11.6595  -13.0244  
-0.680915  -10.5685  9.75136  -4.10165  -0.773328  -8.75675  3.98966  1.51707  1.59071  -0.626955  -4.94191  -11.2644  -2.87353  -1.53209  5.46293  2.45407  4.43509  -0.0759874  17.4983  0.703285  -1.26537  110.289  -6.60554  -9.74048  -19.006  
-0.824997  -7.94111  -18.0873  -12.5811  0.819509  12.4797  3.66316  0.47338  0.811882  -0.677036  -14.1354  5.65925  -12.1692  -2.1688  14.8482  -0.222348  -3.57971  1.96357  -2.11318  -1.75342  -13.6272  -357.405  -7.96026  -3.90441  -20.9339  
-0.407586  -7.59633  -27.1817  -16.6219  3.09979  1.0032  2.46079  0.0225073  1.2801  -0.248951  -14.6463  20.2084  -14.535  -1.71172  9.71202  -2.60743  -4.19197  2.34104  -5.25926  -4.65098  -17.6597  -443.591  -3.74556  0.739201  -18.0028  
-0.125088  -8.24918  -19.0933  -15.015  3.64825  -42.7704  0.739839  0.206807  2.70891  -0.0582078  -8.01072  14.6427  -12.805  -0.406681  0.00170558  -3.89664  3.2929  1.80228  2.64629  -7.39782  -10.6475  -229.815  3.96751  1.34124  -11.0815  
-0.298164  -5.45952  -1.89916  -11.3317  1.92013  -72.2892  -0.589348  0.602219  3.51554  -0.39288  -2.49657  -9.0397  -12.0713  1.40702  1.45209  -3.3899  9.73379  1.74805  11.1933  -7.65804  -0.207177  -53.891  9.24463  -0.173071  -4.06947  
-0.69992  1.68984  17.9617  -8.4294  -0.376229  -44.1001  -1.09762  0.91062  2.80623  -0.955719  -3.52777  -25.9847  -13.918  2.93253  17.8604  -2.0394  7.17015  2.27697  13.6746  -3.38288  3.22203  -108.171  8.23836  -0.618622  -0.895648  
-0.893181  8.27552  30.7837  -5.34423  -0.980953  27.9685  -1.50692  1.15877  1.44051  -1.23091  -7.48765  -15.6182  -14.4738  3.03856  33.0182  -1.52385  -1.301  2.10955  10.2015  3.716  -1.99434  -260.917  2.95851  0.330366  -1.00009  
-0.708123  8.12707  22.9706  0.241596  0.57114  83.7299  -3.12  1.34871  0.965933  -1.00801  -6.01135  12.4143  -8.55637  1.37274  28.7922  -2.48519  -5.44783  0.668107  4.4886  8.22905  -7.07941  -267.827  -1.57588  0.683524  -0.0379089  
-0.404209  -0.482924  -8.93104  8.04697  2.18379  81.6026  -6.14522  1.29122  1.6767  -0.570167  3.92587  26.8517  3.58271  -0.844947  11.3202  -4.10401  -0.88256  -0.617122  0.0710956  6.00419  -3.93655  -80.1988  -3.64947  -0.346554  4.01471  
-0.390833  -13.8373  -44.8795  14.5559  1.14523  39.114  -8.82633  0.909167  2.20553  -0.38831  15.5424  9.85225  14.2871  -1.87574  9.45103  -5.11026  5.52655  0.192102  -1.9808  -1.23532  4.73782  114.2  -6.13952  -1.2731  7.45773  
-0.766048  -26.1027  -52.0823  15.8226  -2.87866  4.59247  -8.79691  0.516577  1.2006  -0.598472  18.4225  -23.4997  14.7531  -1.55742  40.2556  -4.93694  4.66175  2.97891  -4.16868  -7.21513  8.89517  131.932  -11.2709  -0.933451  5.51731  
-1.15452  -32.6472  -16.9873  11.1024  -6.98139  4.35201  -5.41627  0.476837  -0.933264  -0.834204  9.13727  -43.3274  4.00222  -1.5621  81.9975  -4.02173  -3.03639  5.4482  -9.45121  -7.06352  3.6583  4.55023  -15.9008  -0.533724  -0.910622  
-1.06492  -31.4411  35.5443  3.32132  -7.60775  26.3366  -0.808377  0.659479  -2.32046  -0.647206  -5.18367  -36.3431  -9.01711  -3.01552  91.4182  -3.43812  -7.91463  5.81826  -13.7528  -1.3801  -5.03058  -84.9836  -14.4526  -1.81391  -6.18055  
-0.411223  -23.361  62.2446  -3.25368  -4.1324  43.7107  1.8042  0.552213  -1.5708  -0.0525557  -13.5662  -13.1205  -13.7235  -4.45192  50.685  -3.97487  -2.76933  4.82592  -4.82873  5.4715  -8.29976  -35.9164  -6.45956  -3.89462  -7.84214  
0.346042  -11.821  44.7569  -6.14289  0.467215  38.3846  1.08039  0.0572255  0.981754  0.426945  -10.9908  11.2532  -8.15469  -3.26709  -10.3686  -5.0645  8.69024  4.40996  21.8576  9.84234  -4.63583  52.6382  1.28797  -3.62591  -10.1326  
0.654629  -0.868748  8.06143  -6.24315  2.67203  7.22792  -1.31766  -0.133379  3.7904  0.346586  -2.02905  32.4804  0.0970911  0.67984  -43.6687  -4.79013  16.2438  5.00083  45.4119  11.0259  0.0630257  8.42767  2.09845  0.582519  -16.8855  
0.442504  7.52229  -8.54493  -6.55713  1.80741  -36.3126  -2.60881  0.699022  5.18985  -0.107763  4.34463  49.7927  3.3306  3.99398  -29.6538  -1.6497  14.1269  4.95035  29.2129  9.9736  0.960148  -203.523  -2.10005  6.39009  -23.238  
0.168786  14.1693  4.55854  -8.5007  0.0422815  -63.1933  -1.73986  2.21747  3.95097  -0.277641  2.92293  53.6213  2.10908  3.18782  8.24529  3.49351  5.74946  2.64099  -39.139  7.36524  -0.639188  -428.351  -2.48782  9.78764  -19.1469  
0.302661  20.13  18.1907  -9.73969  -0.533144  -49.6543  -0.0610449  3.12209  0.0701258  0.238646  -3.778  32.8377  2.85278  -1.11092  32.132  7.57637  -1.42166  -1.76042  -120.329  3.59552  -1.04281  -475.605  5.84604  9.169  -2.29455  
0.785164  24.0875  1.2585  -6.71811  -0.0477157  -7.13555  0.685838  2.57867  -4.11326  1.08066  -8.9394  -5.48493  8.55449  -4.49915  26.3473  7.71672  -3.37624  -6.7241  -149.813  -0.420982  0.314152  -306.173  16.7683  6.38476  15.9718  
1.09182  23.1926  -39.5624  0.770392  0.00702994  21.5031  0.627942  1.20096  -4.49262  1.45751  -8.15327  -34.39  14.5388  -3.59949  6.39952  3.5937  -1.64387  -10.5243  -100.369  -3.15731  1.04683  -56.9548  19.0485  4.00289  20.6657  
0.80214  16.5843  -66.5559  8.06598  -0.997624  9.41191  1.33828  0.271465  0.989822  0.957259  -3.14205  -32.8483  14.0412  0.317233  -1.79023  -2.32646  -0.0607823  -11.6498  -12.7026  -3.65957  -0.0843561  105.252  8.95718  2.67829  8.84686  
0.0162996  7.33679  -52.9797  10.2337  -2.18921  -19.0642  3.38437  0.143086  8.80318  -0.0700328  0.554174  -8.76743  5.86203  2.9914  12.6723  -6.79741  -1.14101  -8.9401  44.3086  -2.3763  -1.82258  133.811  -5.1337  1.36302  -7.41763  
-0.788735  0.211991  -11.9598  7.7216  -2.53332  -19.3473  5.15479  -0.026242  11.8621  -0.909797  -0.636434  10.0428  -5.11036  1.82126  38.2842  -8.03121  -4.7624  -2.78847  39.2115  -0.77073  -3.14091  113.778  -11.653  -0.595853  -14.2961  
-1.25042  -2.38185  18.299  6.0844  -1.97153  10.8708  4.60551  -0.853  6.50545  -1.19012  -5.0542  7.54003  -13.5305  -1.9061  53.6285  -6.49352  -8.66297  4.04852  0.993353  -0.0877083  -4.44199  141.242  -7.85393  -2.49048  -9.78454  
-1.36856  -1.746  12.9236  8.89456  -1.01112  25.0543  1.92149  -1.65353  -3.16023  -1.10592  -7.82911  -4.41334  -17.4194  -5.04512  46.1633  -4.01081  -9.83978  8.03308  -19.5212  -0.53916  -5.42789  216.584  -1.41391  -3.21479  -2.87073  
-1.28033  -0.63886  -18.1936  12.3061  0.15742  -7.13068  -0.431074  -1.31389  -9.28023  -0.988243  -5.83827  -3.77416  -16.6254  -5.6347  21.2891  -2.28206  -6.76369  7.76627  -1.05912  -1.45496  -3.87956  256.146  -0.78282  -2.48249  -1.61583  
-0.946281  -0.499901  -41.9613  8.73928  1.51657  -49.741  -0.543564  0.0383049  -8.25545  -0.819592  -0.551525  13.5663  -10.7406  -3.65619  -3.97702  -1.92921  -1.16612  5.22965  34.7426  -2.09649  1.28979  195.226  -6.18605  -0.795039  -5.36693  
-0.205654  -1.0575  -31.0414  -3.08985  2.51297  -40.9442  0.782902  1.0251  -3.39163  -0.301125  3.62138  29.9713  -0.716841  0.0247035  -15.6073  -2.60854  3.06242  3.66568  51.6982  -2.22841  6.86106  59.2571  -11.3837  1.15429  -8.68385  
0.830052  -1.74075  13.3028  -14.5571  2.31771  22.3863  1.25252  0.828453  0.403142  0.600617  3.60506  29.3467  8.72534  4.2057  -12.7842  -3.66626  3.77224  4.39516  34.0552  -1.96509  7.70559  -67.9752  -12.1059  2.53237  -9.0472  
1.59182  -2.53375  59.8602  -15.789  1.01023  69.7765  0.0323003  0.324917  2.03119  1.3441  0.195102  16.8827  11.3328  7.11124  -5.65315  -4.5165  3.02373  5.75  -3.05163  -1.32933  2.74462  -134.001  -9.94735  2.21414  -7.77768  
1.42761  -3.44416  70.2865  -7.09588  -0.108722  40.5974  -1.27786  0.799236  2.87973  1.20049  -3.00457  10.8838  5.28527  7.03975  -4.48205  -4.47807  4.55789  4.99309  -30.6946  -0.335607  -3.33738  -158.655  -7.21712  -0.394521  -4.86708  
0.257446  -3.96973  33.9097  1.16186  0.0770675  -37.4502  -0.869967  1.91814  2.42653  0.0255309  -2.85524  18.2379  -4.1651  3.97388  -10.8026  -2.97761  8.62759  1.19337  -33.1737  0.560134  -5.41762  -188.119  -1.75399  -3.99468  3.01507  
-1.16811  -3.64948  -17.1433  1.26835  1.08193  -77.084  0.850304  1.89545  -1.38881  -1.3955  0.862713  25.0396  -9.31557  0.00814389  -17.5667  -0.32564  10.6623  -3.51754  -20.5957  0.550195  -3.83243  -229.597  9.19433  -5.50491  17.2352  
-1.80001  -2.86031  -35.0794  -2.3394  1.38246  -33.7491  1.80141  -0.114468  -7.2421  -1.92197  5.58281  14.0981  -7.2925  -2.50528  -16.3245  1.79688  6.16557  -5.47595  -15.4469  -0.69688  -3.29238  -250.476  20.7004  -2.5739  31.5921  
-1.19652  -2.6411  -5.78825  0.738365  0.351996  43.2799  0.778966  -2.55143  -9.40206  -1.0933  8.16833  -12.7222  -2.36204  -3.04649  -4.58797  1.31687  -3.55014  -2.83649  -25.6193  -2.257  -6.23863  -230.381  20.8814  3.71057  35.0925  
0.0593464  -3.45336  34.0638  12.7158  -0.930606  71.3393  -1.0401  -3.03613  -3.96026  0.381186  7.40033  -35.034  -0.842779  -2.71463  12.1942  -2.04854  -11.8571  2.07364  -34.1353  -2.45032  -9.30122  -185.869  4.36369  9.2497  22.0614  
0.905812  -4.46981  37.0795  23.5202  -1.0781  28.8804  -1.52578  -1.18174  5.41941  1.26038  4.60993  -36.4863  -4.36591  -2.26273  23.6607  -5.71397  -13.2761  4.313  -19.4949  -0.499709  -7.36751  -134.528  -17.1281  10.5648  -1.15568  
0.825645  -4.57721  -1.68266  22.4481  -0.108996  -27.7203  -0.17656  0.989663  10.7149  0.976877  2.20032  -21.4223  -8.63765  -1.18206  21.7663  -6.16999  -8.34177  1.13318  15.6066  2.34406  -0.184165  -60.02  -22.9945  7.72415  -20.665  
0.288974  -3.86181  -39.4787  10.5735  0.666778  -33.9708  1.37102  1.50507  8.37704  0.161208  1.44619  -6.91342  -8.68426  0.97737  7.16384  -2.40746  -1.76114  -4.72283  43.7833  3.60641  6.85089  56.6962  -5.36267  3.36284  -27.0942  
0.137487  -3.73539  -35.3498  -1.15551  0.320595  13.876  1.25319  0.598307  2.80417  -0.106654  1.69564  -2.65965  -4.46592  3.1241  -10.6042  2.70625  3.04296  -7.30843  43.255  1.98473  8.51884  178.232  20.0432  -0.490306  -22.9302  
0.591157  -5.15742  3.64666  -5.74378  -0.575054  62.2613  -0.450659  0.0107718  0.241488  0.475987  1.42208  -4.06136  -0.587439  3.37749  -19.8477  4.83152  6.28618  -3.61678  22.2537  -1.18293  5.21569  221.05  28.1199  -3.42058  -17.8584  
1.00718  -6.96602  34.0248  -7.00997  -0.714193  57.5217  -1.86801  0.622767  1.3061  1.11381  -0.563619  -3.48825  -0.553039  1.12354  -14.9243  2.21866  9.23041  3.26989  7.16129  -2.9937  1.73574  144.44  9.74832  -4.6536  -17.5901  
0.678996  -6.64948  25.6516  -11.491  0.301757  -8.59517  -1.48018  1.54938  1.36161  0.887873  -4.48519  -1.31436  -2.45313  -2.21138  0.47101  -2.53004  11.1576  7.49087  9.60217  -1.9485  1.09642  14.6311  -19.3726  -2.14117  -18.5974  
-0.312718  -3.18204  -8.35868  -17.4742  1.33777  -96.6917  0.345635  1.58874  -2.62328  -0.162894  -9.31132  -1.57566  -1.5197  -4.53572  16.546  -5.10513  10.0714  6.33186  15.0083  0.280821  1.23164  -52.4521  -35.6655  4.48844  -13.7257  
-1.19857  1.31418  -31.6806  -17.3292  0.813926  -146.337  1.88555  0.821285  -8.09737  -1.11902  -12.5569  -1.96347  3.47632  -4.85052  24.3223  -3.90089  5.59789  2.33677  4.72039  0.459129  -1.89857  -12.9606  -30.4074  10.8531  -1.56803  
-1.40336  3.13529  -26.3537  -9.22822  -1.53957  -112.23  1.94831  0.301367  -10.4922  -1.28035  -11.4514  4.803  7.94649  -3.46388  21.8851  -1.54158  -0.11315  -0.216873  -19.1549  -2.44496  -8.52019  59.4481  -14.4386  10.4421  11.3956  
-1.06712  0.43842  -8.2068  -0.512603  -4.05363  0.930552  0.888643  0.5403  -8.81204  -0.866426  -5.72056  19.1902  6.45417  -1.04353  15.5743  -1.69923  -4.48205  0.224453  -37.3452  -5.45163  -13.5869  62.2605  -3.20111  2.00976  17.8618  
-0.605718  -5.11954  -3.48871  2.84963  -4.46321  125.083  -0.150855  0.928219  -5.83852  -0.483384  0.976276  30.584  -0.656063  1.91498  13.8432  -4.74824  -6.54719  1.73031  -37.5611  -4.22366  -11.4611  -16.9079  -1.2062  -7.07024  16.9998  
-0.04865  -10.2678  -18.9138  4.96219  -2.15227  167.126  -0.463425  0.713511  -3.47999  -0.199413  4.09138  27.8222  -7.3117  4.68225  17.7056  -7.14907  -6.52298  1.9502  -26.8387  2.06659  -1.83809  -86.7697  -1.48489  -7.28053  13.7448  
0.850088  -13.3222  -36.7807  13.3092  0.984909  86.7884  -0.219652  -0.0273311  -0.58996  0.444162  3.21529  10.8096  -8.46487  6.03869  18.3398  -5.5876  -4.38899  1.0105  -19.5066  9.02103  9.34635  -60.1179  3.21343  2.69609  12.1198  
1.90791  -15.0864  -35.9673  25.4158  2.22592  -54.9208  0.209855  -0.656151  3.79559  1.51906  2.82825  -10.9469  -5.38654  5.0597  7.07094  -0.993231  -0.226394  1.1582  -18.8656  10.814  14.9791  41.6446  12.0695  13.7243  11.0483  
2.34149  -16.4827  -14.116  28.8807  0.762072  -138.727  0.798436  -0.906134  7.03992  2.25125  6.75886  -27.9429  -3.38497  2.20799  -11.1486  2.37053  4.08095  3.66605  -16.1524  5.88878  12.8085  100.748  18.0301  15.4476  7.27749  
1.57769  -15.9097  10.8321  16.4434  -1.42718  -94.6114  1.52542  -1.04903  4.92964  1.80718  12.7334  -34.5118  -5.02211  -0.731878  -18.17  1.71728  5.12494  6.672  -3.82337  -1.54739  6.7001  21.4469  15.7947  6.98475  0.506255  
0.03773  -9.98809  18.5018  -3.34993  -1.6789  32.0417  1.95605  -1.26106  -2.56149  0.352116  14.3689  -26.5676  -7.1848  -2.2431  -0.663134  -1.36038  1.14897  6.65416  14.513  -5.84061  2.17096  -165.608  6.59169  -2.91071  -5.75183  
-1.19304  2.36166  6.37185  -14.7957  0.540667  123.706  1.40061  -1.23923  -9.41919  -1.02054  8.63711  -3.90541  -5.31235  -2.6234  32.5762  -3.2142  -5.37054  2.4202  27.7731  -5.0599  1.10892  -314.161  -3.83867  -5.89308  -8.2891  
-1.47674  17.1226  -6.20793  -12.1701  3.26044  100.817  -0.191859  -0.680238  -8.96358  -1.43928  -0.56847  22.5757  0.79715  -3.64422  55.5527  -2.7297  -9.37222  -2.90952  27.9368  -1.89344  0.836614  -287.126  -10.395  -2.1872  -7.55535  
-1.16015  27.2673  3.85325  -4.15484  4.30634  -11.1215  -1.9736  0.174426  -1.13651  -1.06662  -6.93739  32.8531  6.34038  -6.33387  49.7838  -2.22081  -7.9345  -4.7519  16.2905  -0.102855  -1.82602  -87.5432  -11.9258  1.58161  -6.27546  
-0.958483  28.3456  37.267  -1.02066  3.45637  -113.378  -3.20636  0.77314  6.85915  -0.687088  -8.20048  15.1002  6.69705  -9.14387  22.8211  -3.72871  -2.94361  -2.0963  1.26776  -0.893181  -6.28151  132.237  -10.396  0.87805  -5.4938  
-1.06193  21.9552  66.5097  -3.10923  2.09735  -123.914  -4.08927  0.888919  7.80865  -0.730925  -7.11195  -19.0923  2.54427  -8.88786  -0.0150135  -5.76946  1.16405  1.23451  -8.64967  -2.68576  -8.31415  201.171  -8.10347  -2.33831  -3.80116  
-1.07837  13.3751  59.2562  -3.94669  1.36844  -43.9641  -5.50279  0.7334  1.72685  -0.951931  -7.04895  -42.3196  -0.833434  -4.04305  -0.916354  -5.06149  1.94863  1.06958  -11.4497  -3.51986  -4.69094  82.7414  -5.90738  -3.22038  -0.574548  
-0.709574  6.36  13.1176  -1.36629  1.26427  50.0815  -7.38131  0.519771  -4.56121  -0.945042  -8.41435  -36.7582  0.674077  3.04043  16.0609  -1.02441  0.667305  -2.2411  -12.0863  -2.99659  3.04311  -100.576  -3.53367  -0.112305  1.29431  
-0.17339  0.964962  -35.243  0.17928  1.29387  74.723  -8.07176  0.202274  -4.70852  -0.666194  -9.43415  -9.74772  5.28695  7.72715  33.3098  3.00275  -0.338273  -4.59295  -17.0559  -2.08295  9.56725  -197.518  -0.579076  4.08334  -2.03587  
0.150018  -3.92768  -43.3066  -2.84512  1.20454  11.8269  -5.796  -0.223837  1.03092  -0.321352  -8.51502  16.9008  7.09305  7.38084  37.809  3.63193  -0.584907  -3.44278  -27.4887  -1.79124  10.2901  -169.127  2.71445  5.64709  -9.75685  
0.234399  -7.8277  -7.58646  -8.00391  0.750963  -73.7508  -0.912123  -0.480494  6.81555  -0.000374528  -5.15421  29.3731  2.49613  3.92795  29.3611  1.3578  -0.867363  -0.718454  -37.6648  -2.25351  4.9473  -98.4482  5.09264  3.8438  -15.0996  
0.360234  -9.35551  29.0227  -10.9511  -0.586439  -91.9422  3.52326  -0.332552  7.30971  0.359201  0.0313508  30.0834  -5.5067  1.7137  15.6316  -0.52798  -1.00286  0.288888  -40.556  -2.79854  -2.64568  -73.663  4.77171  1.00239  -12.0687  
0.629823  -8.75857  20.8828  -10.7466  -2.89258  -15.6031  4.39689  0.00155893  2.25824  0.694793  5.03689  26.9244  -9.91991  2.96297  3.93043  -0.331041  0.317084  -0.717736  -34.1408  -2.62317  -7.83007  -94.5558  1.19418  -0.198908  -3.46338  
0.776478  -7.91578  -29.5565  -8.75067  -5.00282  85.2843  1.61495  0.0778579  -4.28191  0.758439  7.02329  21.406  -6.56879  5.67862  -2.08771  0.246237  3.0845  -1.19742  -22.7067  -1.41683  -8.41071  -98.8721  -3.28072  0.957964  0.51364  
0.528763  -7.54109  -70.7738  -5.19969  -5.17257  106.106  -1.63211  -0.129986  -8.13572  0.420559  4.7148  10.2551  1.94564  6.25997  -2.36153  -1.13604  4.76932  0.176466  -13.1242  0.353067  -5.86682  -51.8069  -4.39064  2.94085  -6.16121  
-0.00286603  -5.72169  -55.6472  -0.192702  -2.9196  15.2285  -1.98483  -0.147573  -8.15728  -0.113414  0.089981  -5.52809  8.86627  3.73056  -0.186557  -4.00643  2.94341  1.54617  -11.0931  1.76361  -3.96647  25.5519  -0.162247  3.3978  -16.3423  
-0.405449  -0.295774  8.03434  3.41271  0.163088  -105.593  0.569684  0.321948  -5.88167  -0.475037  -3.40013  -18.7807  9.36979  0.820738  -0.998383  -5.67315  -1.45975  0.489987  -19.0439  2.14977  -5.37098  105.495  5.90443  1.18775  -15.4678  
-0.3678  7.63692  65.0349  2.41193  1.85129  -138.095  2.88175  0.908795  -2.84326  -0.455018  -4.28976  -23.4224  4.16816  0.685576  -8.13679  -4.70912  -4.71354  -2.40502  -33.2178  1.53748  -8.66132  191.526  7.81634  -2.42923  2.13029  
0.0618679  13.6164  68.5999  -0.789514  1.45804  -46.647  2.05392  1.01453  1.09189  -0.110295  -3.67951  -20.322  -1.85929  3.09088  -18.6591  -2.47592  -4.31762  -3.74664  -42.8338  0.383027  -9.20132  280.344  4.02021  -4.55151  24.899  
0.5653  13.6328  24.8425  1.1335  0.269208  82.7707  -1.49598  0.589702  6.37162  0.353359  -2.57078  -14.7216  -3.88208  4.60561  -24.5453  -1.13553  -1.43579  -0.981687  -35.8829  -1.05872  -4.02529  316.211  0.113587  -3.14095  34.4195  
0.790934  7.7429  -20.0116  11.4251  -0.109538  126.731  -4.50242  0.14742  11.3598  0.680554  -0.390264  -10.1844  -0.783147  2.56978  -20.0239  -1.07374  0.848777  4.7395  -11.155  -2.73466  4.01562  228.737  2.33669  1.06554  23.9163  
0.545675  0.0169626  -31.0034  23.0539  0.514688  46.4808  -4.38205  0.0324944  12.2878  0.621068  2.88981  -6.63298  4.006  -1.75271  -8.21358  -0.986324  0.934067  9.38393  15.8779  -4.12966  8.38109  32.1887  9.37746  5.23124  4.05678  
-0.112267  -4.87982  -16.4288  24.9531  0.997132  -75.4042  -1.57883  -0.0424031  6.75804  0.071019  4.66295  -2.82908  5.35118  -4.5772  0.28444  -0.116944  -0.230018  9.35972  23.4207  -4.32672  5.8106  -148.621  13.0078  6.97275  -9.55305  
-0.86691  -5.64873  -8.01253  14.5599  0.379829  -118.58  1.46798  -0.539655  -2.85683  -0.728242  2.18242  1.41458  1.17448  -3.87659  -2.55585  0.931089  -0.976983  4.332  3.70579  -3.26192  0.205608  -186.051  7.98115  6.08371  -11.4836  
-1.30766  -5.66166  -17.7502  0.676582  -1.02414  -41.2249  3.06146  -1.37719  -10.3426  -1.26059  -2.94503  5.0379  -4.90489  -1.388  -12.4684  1.41372  -0.675724  -2.63295  -26.8051  -2.58648  -1.70554  -80.1557  -0.952068  4.0544  -7.79564  
-1.19899  -9.97729  -23.0021  -7.15078  -2.05956  83.7878  3.6116  -1.90007  -11.0285  -1.13823  -5.01069  6.05828  -6.48579  -0.145909  -14.3994  1.50948  0.365433  -7.53301  -40.4856  -4.1283  2.0617  36.8054  -4.50035  2.46805  -5.42102  
-0.674745  -19.5557  1.55014  -8.11856  -1.91835  143.88  3.93451  -1.55749  -6.24415  -0.501409  -0.317863  2.56743  -1.06802  -0.817867  2.99739  1.79414  1.59383  -8.54921  -23.9477  -7.00532  7.09995  35.9804  -0.641458  1.941  -4.73205  
-0.0958875  -27.7401  47.625  -7.18201  -0.75887  95.4547  3.80222  -0.462884  -1.64974  0.113297  7.67339  -4.20505  6.5904  -1.33649  33.3204  2.18937  2.06903  -6.91911  9.87827  -7.14362  8.68724  -78.7778  2.40765  2.01957  -2.96379  
0.3066  -24.6735  77.1645  -5.85671  0.676275  -4.93659  2.49356  0.709432  -1.21576  0.348517  10.9956  -7.55602  8.74985  0.0313824  54.8858  2.03204  0.498031  -4.67177  34.3611  -1.21089  7.11247  -188.655  -3.22596  1.6786  -0.600412  
0.616481  -7.78461  61.4982  -1.6012  1.80422  -68.9088  0.428685  1.33035  -3.38584  0.397196  5.56475  0.505804  2.86336  2.28432  50.2379  0.988285  -3.25212  -2.04838  33.8346  8.56723  5.50783  -195.4  -13.9752  0.198524  -0.817572  
0.991034  12.1813  10.609  4.34522  2.52451  -63.466  -0.840907  1.28865  -3.62128  0.668321  -4.05463  19.4719  -5.33817  2.90926  23.1055  -0.548684  -6.79923  1.73662  15.0447  14.9298  4.33489  -123.83  -17.8103  -1.96358  -3.81645  
1.29362  18.9042  -38.5761  4.95686  3.00461  -26.3213  -0.920891  0.954929  -0.212245  1.13827  -9.16308  35.9062  -7.62444  0.976141  -5.74353  -1.94599  -6.65998  5.4494  -4.19225  12.2895  1.07991  -76.9554  -8.56174  -3.34505  -5.53622  
1.11357  6.43303  -58.0566  -3.15057  3.25035  -7.9069  -1.35303  0.661156  3.59513  1.22296  -5.64893  33.3979  -1.9125  -1.67773  -19.2448  -2.48338  -1.36946  5.42011  -12.5385  2.88998  -4.62604  -106.611  5.95209  -3.0044  -3.22308  
0.242845  -13.3135  -48.3031  -12.0084  2.93604  -18.6892  -3.82478  0.194515  3.74654  0.422516  2.35382  9.19929  5.39503  -2.46243  -17.7462  -1.2388  6.932  -0.188145  -11.4458  -4.69616  -8.6132  -147.984  12.0929  -1.79618  0.330283  
-0.90356  -20.8936  -26.9308  -10.2054  1.75325  -35.299  -7.798  -0.96753  0.568349  -0.956081  7.42423  -20.8459  5.62261  -0.574178  -12.3189  2.20311  14.0281  -7.66642  -8.36013  -3.94319  -7.19088  -99.5324  5.38145  -1.4331  0.372085  
-1.50003  -7.7989  -8.4861  1.89943  -0.0943276  -38.0817  -10.948  -2.80607  -1.42305  -1.90222  6.29127  -36.2737  -3.26945  2.57184  -9.56862  6.52336  16.5501  -10.3151  -9.1  3.40384  -3.0806  47.7609  -5.39084  -2.02504  -3.04735  
-1.01388  15.9484  1.1226  10.5018  -1.8242  -26.5013  -11.6101  -4.17974  0.970401  -1.58224  2.02588  -30.8532  -14.0626  4.84757  -7.48062  8.62352  13.5767  -5.31271  -14.4201  9.62137  -3.01032  187.362  -9.12904  -1.2797  -4.53021  
0.255471  32.0844  -0.830409  5.36207  -2.62146  -8.14759  -9.83428  -3.66483  5.5334  -0.146993  -0.644992  -16.0827  -16.8287  4.86108  -4.12881  5.904  6.50055  3.14878  -20.4955  8.97916  -8.86142  211.954  -4.20339  3.02428  -0.38192  
1.35661  30.6523  -13.6749  -6.03151  -2.39096  7.9986  -6.73059  -1.15127  7.06362  1.33671  -0.66262  -7.22583  -8.48796  2.49983  -3.81975  -0.732386  -1.86284  8.36593  -22.1382  2.74484  -13.915  128.63  1.95081  10.0036  5.97096  
1.42987  16.6122  -26.1282  -7.42528  -1.94174  5.37196  -3.8606  1.58125  3.48863  1.73767  -0.717569  -8.02053  3.9118  -0.968292  -11.5553  -6.79694  -8.38055  7.69191  -17.6261  -3.31812  -10.1453  35.1891  2.87328  15.6467  7.59732  
0.372885  2.47485  -17.7837  4.43825  -2.25745  -28.9372  -3.25229  2.41753  -1.69028  0.734802  -2.8963  -9.68837  10.0443  -3.29959  -25.5033  -7.93548  -11.1499  4.01646  -10.7074  -4.96837  1.77612  -9.03303  -0.629955  16.192  2.40297  
-1.0951  -3.37942  22.4378  14.559  -3.40538  -75.9438  -5.9782  1.02789  -3.6422  -0.96923  -5.35471  -2.52664  6.67915  -2.60938  -39.092  -4.04974  -10.672  1.63613  -5.73178  -2.65182  12.3856  -43.425  -3.85752  11.2544  -4.60538  
-1.97689  -2.09405  78.5736  9.17721  -4.15929  -87.142  -9.37044  -0.839667  -1.81481  -2.18707  -4.20012  13.7507  0.50428  0.79914  -48.9952  0.502397  -9.25058  2.09018  -1.20138  0.32162  13.8618  -120.493  -5.00536  3.78582  -8.13266  
-1.68271  -0.907593  113.049  -4.91153  -3.02362  -36.7523  -7.45108  -1.33081  -0.0841604  -2.06977  1.66143  29.7682  0.115173  4.11421  -56.091  1.42893  -8.60126  3.87386  7.32997  1.52376  8.37093  -201.727  -5.81611  -2.28316  -9.37139  
-0.400782  -5.28319  95.5414  -9.00838  0.116293  37.1599  3.26632  -0.3906  -1.57832  -0.676087  8.04506  34.6099  6.27564  4.34407  -57.656  -1.12948  -7.63982  4.65916  16.9532  1.10905  4.38376  -191.113  -6.73013  -4.57144  -13.6231  
1.07411  -12.9774  29.8387  1.89489  3.45739  66.4073  18.306  0.526307  -4.96424  1.08975  8.63745  24.7527  11.7235  1.32488  -44.9003  -3.12019  -3.22968  3.25537  15.9455  0.647419  5.87579  -71.2992  -4.60742  -3.27197  -21.1923  
1.93422  -15.4451  -49.096  11.6951  4.7441  32.1135  27.4886  0.374162  -6.70077  2.16395  1.33804  7.49603  10.1665  -1.89667  -12.9865  -1.25922  5.91359  0.409008  -0.547608  1.01925  7.823  54.5072  2.9918  -0.442706  -24.1964  
1.95082  -5.93394  -104.046  5.09877  3.36278  -11.1407  24.6038  -0.405979  -5.79419  2.15093  -8.44903  -3.96114  3.16773  -2.06807  28.1573  3.21523  15.7778  -1.55173  -17.5768  1.72915  3.18247  91.3855  12.3037  1.74114  -15.1989  
1.51137  12.5757  -121.963  -10.5479  0.86984  -3.58417  13.5584  -0.796489  -4.63074  1.51626  -11.706  -1.62227  -2.67709  0.874616  58.8472  5.99421  18.8001  -0.803768  -14.4724  1.77202  -7.38478  81.7996  14.5549  2.4316  1.96848  
1.09673  28.3265  -113.479  -14.2985  -0.651692  46.1947  3.9929  -0.579468  -5.05896  0.971089  -4.45303  9.06874  -3.37025  3.7538  66.3796  4.31924  10.9906  1.33255  5.46829  0.757723  -14.8717  149.669  4.34035  2.06824  13.5962  
0.797316  30.957  -91.4167  0.00682622  -0.583376  75.4041  1.61595  -0.343575  -5.4728  0.735557  7.25396  13.2641  -0.433284  3.5995  55.1097  -0.443013  -2.38756  0.764506  10.4811  -0.75104  -11.3077  314.488  -13.046  1.13494  10.2304  
0.416832  21.1192  -57.2608  14.971  0.0718858  46.1263  3.61706  -0.323141  -3.03774  0.506599  12.2955  1.64717  2.65929  0.81798  38.4287  -4.64125  -10.0975  -4.80203  -23.9343  -1.83764  1.3923  425.729  -24.2255  -0.381534  -2.22066  
-0.0651833  9.41304  -10.8862  12.6441  0.21844  -12.6673  3.5799  0.00577206  2.0687  0.0533621  5.83182  -18.8487  4.16472  -1.40763  25.0812  -5.97995  -5.95774  -11.9193  -78.6356  -1.9963  12.8664  320.202  -19.4997  -1.94339  -8.11301  
-0.377195  6.03678  34.5193  -2.20061  -0.035271  -46.4659  -1.55953  0.984116  6.23232  -0.429726  -4.94162  -31.4826  3.79343  -0.673615  16.3079  -4.87653  3.89228  -13.8355  -103.888  -1.34362  14.374  24.8659  -2.56253  -1.81919  1.6135  
-0.356981  11.5523  57.4486  -11.0451  0.189069  -37.7144  -9.21253  1.94385  6.30747  -0.64655  -7.85313  -27.0806  0.998793  2.14858  12.6607  -2.8699  7.22287  -7.83336  -71.3601  -0.499048  6.63692  -245.582  12.5608  1.12118  20.6395  
-0.280535  17.0684  50.5373  -8.47787  1.05048  -15.8354  -14.0429  1.83468  3.17943  -0.675152  1.12475  -12.3447  -3.93966  3.97506  15.6927  -0.627187  -0.199036  1.20539  -4.58785  -0.226278  -2.32321  -292.175  15.133  4.95845  34.8273  
-0.514992  12.8901  32.8094  -8.7477  1.55262  -14.8943  -12.187  0.646333  0.557668  -0.80441  13.4155  0.270679  -8.29711  2.73918  21.5553  2.03764  -9.35  5.95616  47.6221  -0.998369  -5.88277  -102.651  7.64724  5.70163  36.3215  
-0.941296  -1.87856  32.0386  -22.7377  0.771103  -36.9738  -4.05964  -0.453253  0.717707  -1.00347  16.9506  7.83393  -8.71275  -0.598665  19.5164  4.78047  -8.86488  4.42093  58.4608  -2.4448  -4.4541  173.717  1.33715  1.80416  28.6892  
-1.00256  -17.1467  53.1667  -39.6603  -0.890712  -55.7322  5.38902  -0.476271  2.29228  -0.879894  8.68828  17.5675  -4.97489  -3.03936  3.74261  6.42476  0.894818  1.13844  39.1807  -3.3406  -2.90766  381.465  2.76158  -3.07432  20.1091  
-0.429949  -19.9313  69.5321  -39.6692  -2.11835  -46.4068  9.89083  0.200914  2.49148  -0.283518  -3.37066  33.4597  -0.860871  -2.35971  -15.6198  6.04038  8.43934  0.740249  16.3336  -2.62763  -4.14906  457.021  7.63338  -3.5719  14.672  
0.343108  -7.36721  51.0414  -19.706  -2.21148  -9.13516  7.0264  0.420211  0.749204  0.360826  -9.64588  47.3564  -0.295018  0.856117  -19.7856  3.99364  5.73024  2.46632  4.86126  -0.659209  -6.42715  409.682  8.21381  1.03734  11.1492  
0.697784  8.03004  0.696238  2.83141  -1.72568  30.0485  0.55116  -0.25092  -0.609945  0.57373  -7.93918  47.1668  -3.40151  3.75699  -1.85485  1.54292  -2.16646  2.28737  2.98848  0.826272  -6.49996  273.711  3.48694  5.42702  7.66647  
0.598915  9.18399  -42.8569  11.7531  -1.39999  40.2985  -3.40803  -1.00069  0.578048  0.48923  -3.00146  31.4725  -6.58305  3.71962  23.9828  -0.415343  -4.5739  -0.701536  2.21825  0.480817  -3.7566  103.351  -1.29257  4.14321  4.71323  
0.527339  -6.9368  -44.5677  9.60574  -0.974046  12.7615  -2.45934  -0.884158  3.4326  0.615802  0.286777  10.9981  -5.83813  0.683496  36.3336  -1.95423  0.656341  -2.41678  -4.93476  -0.925084  -0.492507  -27.0727  -2.97238  -1.80779  3.53353  
0.680917  -23.5322  -11.9765  9.38798  0.27722  -28.8518  0.533177  0.0506345  4.68004  0.964816  0.943735  -3.97972  0.168642  -2.75682  27.3547  -3.48683  5.31559  0.835774  -20.849  -1.10329  1.16935  -65.7203  -3.9949  -5.81567  3.95001  
0.610077  -20.5885  12.1277  15.5915  1.85768  -49.4174  1.75875  0.765534  2.29774  0.843  0.164062  -14.0043  9.12216  -3.58635  5.73023  -4.74982  2.96387  6.64841  -39.3214  1.20279  1.11472  -40.9478  -6.56148  -3.02152  5.29568  
-0.0645789  2.52167  -1.51817  19.5916  1.85924  -35.6321  0.854986  0.193424  -2.04983  -0.156274  -1.45944  -25.9563  16.1405  -0.941138  -15.1274  -4.71782  -2.09803  8.16036  -47.4339  4.55836  0.096679  -45.7581  -7.61832  4.39125  8.49142  
-0.87364  25.6094  -33.5372  12.8445  -0.744064  -8.66108  0.127  -1.87349  -4.62056  -1.3041  -3.78362  -41.2728  16.6767  3.27256  -27.0729  -2.65593  -1.20102  1.80257  -36.7455  6.17559  -1.75319  -138.944  -3.62976  9.75559  15.13  
-0.882083  29.7554  -38.723  -1.4852  -3.82384  -4.26157  0.677105  -4.39564  -3.64068  -1.37733  -5.48147  -52.2932  10.2338  6.0852  -26.9109  0.947414  6.06396  -7.90716  -12.3283  4.7593  -4.10937  -264.902  1.9455  8.98111  23.7185  
0.132738  17.04  -2.32482  -12.24  -3.4303  -38.9287  1.17226  -5.31588  -1.32258  -0.146004  -4.61872  -50.2222  1.4097  5.86454  -17.6041  4.30847  10.4312  -12.6089  11.9654  1.7161  -5.02578  -294.757  1.19735  4.05667  28.7914  
1.25264  4.95336  38.3552  -12.4901  1.89891  -90.025  0.443543  -2.84297  -1.44665  1.20505  -0.877908  -34.4966  -3.89367  3.28467  -13.5151  5.54099  4.77495  -8.76097  26.0598  -0.46028  -2.09739  -162.583  -7.06559  -0.175548  26.0572  
1.42128  4.25763  36.4772  -4.90385  8.72327  -107.057  -0.682299  2.63428  -5.06847  1.39961  3.47422  -13.53  -3.74524  0.312114  -33.6991  3.91646  -6.33883  -0.854654  27.4633  -0.69999  4.35638  49.8046  -13.3013  -1.34864  18.5352  
0.662656  8.64288  -6.73069  3.00731  11.5769  -50.5855  -0.801627  7.8582  -9.1134  0.533913  5.46064  2.32757  -1.41274  -1.53621  -76.6378  0.384936  -12.0745  4.47886  15.9939  -0.0777789  10.1346  175.581  -8.17331  -1.04381  14.8602  
-0.012711  6.82604  -37.747  6.05619  8.42336  65.1493  -0.386682  9.07825  -9.34575  -0.139174  4.23734  8.86043  -1.15325  -2.10608  -105.909  -2.66318  -8.64736  5.98056  -6.33581  -0.303622  10.4175  115.982  5.24552  -1.69993  19.6297  
0.145037  -1.23386  -8.98329  3.68422  2.47817  166.974  -1.08367  5.7248  -4.65397  0.233699  2.10383  11.0449  -3.8113  -2.22357  -79.3252  -2.71141  -3.55978  7.37258  -27.9484  -1.92304  4.56363  -70.2977  14.1701  -3.27888  26.2258  
0.776228  -5.0408  65.9401  -1.0031  -1.66419  177.255  -2.76643  1.27167  1.96208  1.13833  2.40959  18.4945  -6.71303  -2.61356  -1.38419  0.928256  -5.76839  10.0931  -30.6952  -3.93037  -2.82055  -227.931  11.1933  -3.41962  22.1393  
0.968965  1.96488  122.386  -4.03072  -2.78301  88.644  -3.01565  -0.423395  6.0605  1.43987  5.95792  35.1451  -6.99229  -3.11567  65.9372  5.86974  -14.2791  9.44901  -8.76931  -4.85633  -5.88292  -239.55  2.52082  -0.376685  2.54177  
0.350293  14.2032  107.986  -3.25474  -3.20158  -22.1806  -0.191233  0.503277  5.46078  0.709766  9.29651  52.0236  -4.00337  -2.93302  62.5438  8.07499  -19.241  0.322467  18.9031  -4.04744  -2.84777  -109.154  -0.824381  4.71991  -23.1897  
-0.623822  20.7877  31.2691  -0.0695044  -4.84426  -69.5141  3.77284  0.155001  1.72531  -0.465663  7.61181  52.7341  1.2091  -1.67375  -1.10839  5.52431  -13.8782  -14.2868  26.2118  -2.09153  2.59282  68.2911  3.59408  8.59091  -39.8894  
-1.31816  17.3755  -51.0165  1.88082  -6.59136  -44.5089  4.94269  -4.25175  -1.40399  -1.30064  0.275469  29.9912  7.13012  -0.0147917  -51.4984  0.397499  -2.74464  -23.5704  10.235  -0.25967  4.96043  191.905  8.37154  8.45411  -40.2894  
-1.51686  8.78021  -89.0075  -0.479126  -6.0252  -11.226  2.03037  -10.619  -1.23254  -1.5455  -7.09554  -4.21635  11.6884  1.00512  -34.5826  -2.88443  3.53154  -19.4633  -5.36093  0.464657  2.20734  215.604  7.22101  4.14789  -28.8773  
-1.34601  1.96389  -79.002  -7.49782  -2.87874  -20.691  -1.69857  -13.8261  1.64264  -1.39268  -7.74186  -28.3202  11.9013  1.27847  23.1452  -2.42794  0.500409  -5.53689  -0.957111  0.09423  -2.49542  151.777  2.97005  -1.79163  -14.2328  
-0.928761  -0.651557  -54.3456  -16.0624  0.4839  -50.0114  -1.89498  -11.0425  3.95558  -1.03252  -1.41228  -31.9283  5.60309  1.72841  50.6693  -0.664601  -5.26277  6.43416  12.963  -0.430444  -4.05086  43.1365  2.59558  -5.85927  -1.20097  
-0.347776  -1.30136  -45.5664  -20.478  1.95634  -40.5594  1.88634  -4.38822  3.06665  -0.555765  4.66087  -23.7422  -5.62651  2.95457  21.5568  -0.961255  -4.26143  8.4524  9.65321  -0.0941783  -0.730445  -68.5161  7.43195  -5.77531  8.87997  
0.226256  -2.90547  -52.3819  -16.1102  1.98369  20.941  5.33768  1.78541  -0.195313  -0.0856057  3.7245  -17.3727  -15.6924  4.1534  -14.3508  -3.03392  4.67174  3.51047  -16.6009  1.16365  4.09573  -161.901  11.3612  -1.98672  14.5073  
0.627021  -5.82405  -49.848  -4.10238  2.38207  80.6719  3.84752  5.03616  -2.10872  0.278422  -2.39108  -14.1232  -17.5271  3.98236  4.23147  -3.32869  13.0956  0.651856  -38.8489  2.2691  5.35363  -244.511  8.7226  2.51781  14.0415  
0.947261  -7.48477  -17.3447  7.4704  3.51863  79.0279  -2.42413  5.85526  -0.0577297  0.677222  -5.06331  -4.56581  -9.107  2.37915  72.8986  -0.177106  12.8204  4.36662  -29.0128  2.01873  1.36779  -332.408  1.25674  4.31227  8.6599  
1.41408  -4.35281  38.5698  10.1857  3.70484  14.4577  -8.6976  5.56457  4.20751  1.32662  0.855621  14.2959  3.55647  0.846712  125.152  3.2485  5.11089  10.2906  5.31463  0.367767  -4.67703  -405.12  -4.43002  2.35722  2.04798  
1.95796  4.43537  85.1507  3.60666  1.60958  -62.3515  -10.5029  4.67448  5.90827  2.07696  10.5574  30.713  10.5646  0.591707  109.109  2.68217  -1.29562  11.1747  25.4593  -1.4282  -8.07445  -384.123  -4.53716  -0.761669  -3.58898  
2.09358  14.9111  86.6204  -3.78951  -1.57758  -102.698  -7.81596  3.44052  2.21126  2.33745  14.2952  30.6686  6.91965  0.948608  40.5216  -1.21096  -0.406619  5.53185  4.21383  -2.06523  -6.78305  -186.758  -1.43857  -0.924552  -8.74395  
1.40959  20.3522  34.8144  -3.18706  -3.05272  -94.2259  -4.1437  2.62897  -4.52751  1.63508  8.32422  15.3155  -2.42167  0.316312  -24.234  -2.5902  4.75225  -0.668122  -42.0518  -1.49215  -2.48973  170.04  0.211785  3.38409  -13.5814  
0.114913  16.5423  -36.5875  5.52843  -1.48739  -50.0335  -2.27066  2.6202  -9.07521  0.200251  -1.22817  0.884973  -7.20076  -1.44114  -50.4858  2.46263  6.7695  -0.985079  -68.9691  -0.851049  1.47154  526.765  -1.12209  8.81373  -15.9996  
-1.08773  5.4825  -72.4098  13.4208  1.39837  13.784  -1.71914  2.27032  -8.6307  -1.1804  -5.45378  0.787648  -2.50748  -2.40269  -49.1072  10.352  2.8289  3.91737  -50.2351  -1.16489  2.64246  676.56  -3.32146  9.6449  -14.4378  
-1.63281  -6.2694  -42.8446  11.9291  2.63414  77.8723  -0.487645  0.143738  -5.07191  -1.84085  -2.1815  11.089  5.99817  -0.946752  -48.3299  13.064  -2.82996  6.57345  -3.40869  -2.30559  0.712644  543.256  -3.71603  3.33732  -10.5008  
-1.46682  -12.507  21.2306  2.43681  1.06443  110.13  1.85549  -2.98385  -1.93418  -1.64378  2.62798  15.482  8.63578  1.75552  -60.542  6.97357  -5.21572  0.799189  30.5706  -3.37208  -2.40197  265.128  -1.84212  -6.5176  -6.55715  
-0.882407  -11.3096  48.762  -4.53935  -1.78569  82.2258  3.65577  -4.16101  -0.125022  -0.843682  2.26152  3.2953  2.91707  2.42662  -79.633  -2.96882  -4.77371  -11.1349  29.4354  -3.90014  -3.70791  78.3578  1.21793  -13.5561  -1.96954  
-0.218573  -5.72952  -1.85366  -0.913189  -3.75864  7.04587  3.40013  -1.96626  2.20386  0.181742  -3.26152  -19.0413  -3.6168  -0.917417  -96.4999  -8.81669  -5.35578  -20.2517  8.722  -4.40324  -1.46232  106.569  4.87881  -15.2809  4.87178  
0.18767  -1.33305  -93.8347  9.62597  -4.40901  -52.3865  1.83577  0.564717  6.21516  0.967482  -7.49222  -33.8136  -1.99113  -6.63957  -105.281  -7.94472  -7.56893  -19.5852  0.960713  -5.58562  2.84887  257.907  9.204  -15.6207  10.8973  
0.0618918  -2.13844  -143.904  15.7235  -4.90913  -33.5091  1.08687  -1.40853  10.1462  1.07339  -4.76622  -28.6424  8.43512  -10.8318  -99.9804  -4.58681  -7.29817  -10.495  20.9095  -7.23161  5.46013  338.062  13.5743  -19.8086  9.15645  
-0.519272  -6.96811  -108.389  11.1638  -5.87629  56.3857  1.93343  -8.28923  11.1337  0.46894  3.66478  -7.95259  19.5037  -10.8534  -77.3092  -3.45791  -1.89121  -0.27482  52.2874  -8.08709  4.06772  253.097  15.8553  -26.7989  -1.92288  
-0.981884  -9.81608  -28.827  1.27298  -6.08262  132.317  2.70806  -13.89  8.31067  -0.264626  10.5397  10.7826  22.1423  -7.21639  -44.0854  -3.97129  4.80745  4.91373  64.5016  -6.83927  0.391181  88.3912  13.687  -28.1985  -12.7637  
-0.688991  -5.1627  19.3644  -4.2877  -3.8096  108.249  1.10749  -11.2172  3.21351  -0.399  9.521  12.6679  13.4214  -2.22906  -13.31  -2.1911  6.1916  4.0371  39.7356  -3.14576  -1.91354  -10.5856  6.53944  -16.1905  -11.038  
0.348379  6.35199  15.2986  -2.95254  0.812007  -12.4773  -3.00157  -0.435206  -2.43463  0.149371  1.28145  -1.28324  -2.72848  2.61745  9.78926  3.08408  1.2058  -0.297453  -13.3747  2.13114  -1.691  -7.59202  -3.84636  7.38215  3.96974  
