0.280573  5.18174  1.80606  1.36653  2.58913  -0.685483  -1.7085  -3.21067  1.7492  1.82204  0.38604  0.126566  -0.200802  1.6277  -9.3159  2.62797  0.983119  -0.0732417  3.65071  2.73835  1.6609  -1.02103  1.07429  -0.142581  -0.0865794  
-0.587313  -2.92456  -2.51642  -4.71728  -77.1139  -2.22074  1.16938  -18.1689  0.582053  -2.2105  4.95467  -0.239945  4.65105  73.9175  -0.468778  -3.08117  -1.09965  -0.104968  -1.1035  31.2539  -2.66143  -4.92313  11.2513  -0.514215  -1.29307  
-0.998956  8.62475  -7.14998  -5.86223  -82.7117  1.54502  2.00404  -21.8731  -1.96607  -1.70299  6.38833  -0.478834  5.67705  123.293  -38.9923  -4.91877  -3.8905  -1.32028  -2.76199  37.929  -3.74627  -5.18949  14.0044  1.05333  -1.32561  
-0.957495  33.5217  -10.924  -2.84456  -13.2736  6.70967  0.428301  -11.4974  -5.38924  3.70739  4.45313  -0.581204  2.86244  145.3  -116.162  -2.95219  -7.10018  -3.52353  -1.70209  21.5057  -1.52673  -1.88485  9.55067  4.12197  0.254796  
-0.840814  44.0659  -11.8952  -0.533864  62.0876  4.13822  -2.10703  5.77065  -7.66821  10.1391  1.81501  -0.657949  -0.491686  150.349  -164.497  -0.573126  -9.12532  -5.16099  -0.926257  0.792814  1.1253  1.85796  4.68709  5.95275  2.73523  
-0.90396  22.904  -9.5217  -1.46511  76.792  -7.76572  -3.67155  18.4654  -7.40439  13.2318  1.15381  -0.800651  -1.65975  145.696  -117.027  -0.441264  -8.11611  -4.72971  -2.12867  -4.81358  1.531  3.73406  4.71039  4.0786  4.61096  
-0.987292  -13.0841  -5.55194  -3.20998  29.1969  -18.1527  -3.27437  19.2476  -5.23596  11.7744  2.44554  -0.930626  -1.0383  123.05  23.4482  -2.032  -4.02199  -2.0773  -3.72935  6.56963  -0.237035  4.59169  7.70908  -1.01748  4.69228  
-0.750808  -27.6657  -2.41012  -2.39932  -26.3083  -14.5839  -1.29201  9.90393  -3.10855  7.65484  3.34508  -0.816814  -0.566835  68.3807  172.288  -3.16473  0.540288  1.56667  -3.21158  20.074  -1.88539  6.64025  7.48458  -5.87926  3.0548  
-0.113988  -6.10747  -0.937715  0.607736  -41.3327  2.19972  1.06758  -0.921316  -2.39022  3.20309  2.07625  -0.302815  -0.553362  -12.1082  230.185  -2.89638  2.32343  4.5421  -0.438543  20.3856  -1.50013  10.1808  1.04977  -7.01635  0.815364  
0.621728  24.432  -0.0711578  2.50472  -18.1029  17.5736  2.56357  -5.07999  -2.82217  -0.635552  -0.51101  0.464324  0.738518  -80.1244  170.575  -2.15376  0.814403  5.65287  2.41716  5.75633  0.682866  13.1708  -7.82358  -4.02401  -1.02814  
1.05532  23.3365  1.41111  1.3777  3.42176  18.2775  2.57961  -2.13077  -3.14173  -3.87795  -2.08265  1.07445  4.20538  -92.1223  61.2071  -1.9413  -1.03247  4.54751  3.88899  -12.3498  2.83609  13.6183  -12.6241  0.349154  -2.34576  
1.01615  -16.0733  3.31688  -1.50507  -7.97182  6.30147  1.44911  0.917944  -2.4088  -6.39709  -1.52852  1.18071  7.72924  -49.946  -6.34385  -1.97102  -0.149338  1.73057  4.58911  -21.377  3.41842  11.3697  -10.5978  3.16875  -3.3584  
0.62222  -55.8373  4.33695  -4.01358  -45.8487  -4.66251  0.159285  -2.76442  -0.717261  -7.92758  -0.0154969  0.800547  7.90647  -18.8223  -8.30177  -1.28721  2.88152  -1.69959  5.15215  -18.7666  2.40169  7.11122  -4.68721  3.96885  -3.75459  
0.12358  -53.7954  3.60732  -5.36885  -78.1855  -5.3976  -0.44288  -11.9989  1.15077  -8.40442  0.538878  0.27884  3.95409  -74.0154  -1.17734  0.330847  4.37994  -4.5671  4.41919  -12.5232  0.920385  1.11136  0.407976  4.30173  -2.86308  
-0.250974  -9.03529  1.66995  -5.42987  -79.014  -0.320874  -0.322183  -18.2776  2.56594  -7.3959  -0.577896  -0.0489354  -0.941729  -217.117  -41.8821  2.02044  2.13237  -6.11317  1.16383  -12.2049  -0.0053812  -5.75716  3.05711  5.16373  -0.755694  
-0.377138  40.7919  -0.0782616  -3.45912  -46.0904  0.577421  -0.106169  -14.8489  3.47592  -3.6779  -2.68336  -0.145981  -2.69219  -352.987  -108.314  2.76341  -1.58316  -6.09063  -3.1105  -18.8308  -0.338506  -10.5943  4.94123  5.70091  1.31811  
-0.28914  61.7064  -0.518305  0.782873  3.95797  -4.45654  -0.281862  -3.88637  4.09538  3.38959  -4.77472  -0.232122  -0.501018  -372.569  -119.332  2.36285  -2.53228  -4.50358  -5.10204  -23.2495  -0.752779  -9.989  7.23513  4.54702  2.02615  
-0.179315  54.0216  0.478249  5.26151  49.6366  -7.63271  -0.707454  6.02952  4.34369  11.6908  -6.25018  -0.488685  2.3643  -261.035  -32.7545  1.39229  0.297161  -1.50164  -3.79183  -16.222  -1.66568  -4.00264  7.98892  1.77622  1.31274  
-0.244131  40.6064  2.11421  6.81698  74.9094  -3.7496  -0.914706  9.00014  3.94601  16.7987  -6.65514  -0.82746  2.11574  -100.433  95.7779  0.339397  3.28935  2.30768  -2.01541  -1.97357  -2.66497  2.49186  4.66288  -1.10022  0.334978  
-0.453926  35.8179  3.24635  4.59621  72.3412  1.72185  -0.619734  6.2796  3.11428  15.69  -5.61467  -0.943728  -1.53431  38.2165  168.115  -0.894507  2.42191  5.72328  -2.74898  1.91962  -2.96121  3.90919  -1.34025  -2.90986  0.0731857  
-0.515684  34.5003  3.11747  1.24998  45.283  0.61859  0.225746  1.98687  2.72736  9.68852  -3.41897  -0.592833  -5.13048  172.847  146.463  -2.4379  -1.96266  7.42646  -4.91807  -16.397  -2.32833  -0.43289  -4.55969  -3.99909  0.399392  
-0.17005  27.2762  1.86326  -0.104755  8.94332  -4.87344  1.70802  -2.97901  3.29502  3.11618  -1.29857  0.152136  -5.21323  347.387  81.6142  -3.68451  -5.4766  6.72716  -4.71196  -44.5563  -1.4669  -5.69948  -1.35695  -5.36966  0.619603  
0.459082  14.7418  0.359988  0.652027  -16.2437  -3.51364  3.74322  -10.5819  3.86619  -0.778609  -0.554597  0.88629  -1.911  514.66  40.427  -3.44858  -4.53184  3.9082  -0.892419  -52.517  -1.32727  -6.79439  4.91981  -7.02159  0.550869  
0.887342  2.77945  -0.608744  1.1313  -18.4801  9.10407  5.49549  -20.1429  2.63562  -1.85025  -1.28627  1.13779  1.38835  537.505  30.362  -1.26775  0.00287925  0.0441139  3.15564  -23.3689  -2.10901  -3.4876  6.45981  -7.58497  0.667774  
0.726505  -9.09691  -1.19097  -0.102181  -4.17334  21.6539  5.54466  -26.6102  -0.72037  -1.56569  -2.22163  0.739584  1.79637  337.698  12.8844  1.57421  4.17245  -3.35874  3.59222  24.4579  -2.98738  0.215867  -0.384892  -5.65443  1.28386  
0.116209  -26.1937  -2.26607  -1.79244  8.43849  19.4515  3.08497  -25.5782  -3.88834  -0.96182  -1.87293  0.00646238  -0.133958  22.5303  -25.5638  3.02252  5.13031  -4.87635  0.999544  52.358  -2.90325  1.02343  -10.0603  -1.26655  2.03455  
-0.366157  -46.0509  -4.17071  -1.92542  6.36163  3.75743  -1.01153  -18.2353  -3.9185  -0.530509  0.216796  -0.484811  -1.6046  -189.22  -47.4494  2.46189  3.35329  -4.01667  -0.416517  39.9901  -1.55371  -0.345327  -12.8532  3.92429  2.29593  
-0.268401  -55.0969  -5.84685  -0.241764  -7.87656  -8.34473  -4.63013  -9.57124  -0.320876  -1.00067  3.2747  -0.380708  -1.2112  -181.829  -18.7717  1.35982  1.19942  -1.88687  1.87724  5.29932  0.415002  -0.83502  -5.16609  7.64074  1.86951  
0.271828  -42.7947  -5.53561  1.81731  -22.8743  -5.21983  -6.04696  -2.53559  4.48997  -2.75629  5.96402  0.118167  -0.514793  -49.4976  34.9721  1.33485  0.256969  -0.664673  5.7902  -15.5463  2.12766  0.977903  6.20589  8.22148  1.04735  
0.653038  -16.3501  -2.52191  2.94452  -32.1356  4.26373  -5.12609  4.28534  7.64957  -4.68206  7.23884  0.426065  -1.78125  26.6132  51.6143  2.00602  0.401358  -1.65345  7.37519  -4.93966  3.24861  3.37303  10.6872  5.60778  0.176134  
0.398603  3.6237  1.97037  2.91939  -37.9313  2.74249  -3.08385  12.6935  7.79205  -4.79231  6.84276  0.119614  -4.98213  -13.9366  8.91365  1.54555  0.701428  -3.73434  5.25106  22.0924  3.87615  3.6067  4.34542  1.58291  -0.605715  
-0.390002  3.65157  5.74636  2.02414  -42.4772  -11.5691  -1.44504  20.92  4.60678  -2.45104  5.39638  -0.657107  -7.70143  -63.2621  -44.3771  -0.638919  0.514092  -4.30763  1.42784  37.4262  3.94496  0.878022  -6.97858  -1.2942  -1.28378  
-1.14759  -9.15392  7.36164  0.521935  -41.1648  -20.9621  -1.15106  24.8359  -1.70778  0.497484  4.02088  -1.3262  -7.65585  -0.260039  -44.4168  -2.63889  -0.231359  -2.17649  -1.42894  28.257  3.08753  -3.06109  -14.3598  -1.7031  -1.94292  
-1.36841  -15.5083  6.80962  -1.03718  -29.3987  -10.7601  -2.02451  22.6306  -9.01209  1.54194  3.59134  -1.40674  -4.49369  145.976  14.3893  -2.20902  -1.22685  0.855473  -2.34383  5.31058  1.36516  -5.77021  -14.5474  -0.61529  -2.79734  
-1.00298  -6.06557  4.85427  -1.72852  -13.8464  10.8047  -2.71062  16.3081  -12.5004  0.255655  4.06643  -0.909197  0.677497  218.923  74.7815  0.348214  -1.96111  1.80875  -1.83559  -11.8728  -0.249914  -6.23541  -11.5208  -0.0212666  -3.91118  
-0.396939  8.20174  2.20255  -1.13911  -9.84924  21.6691  -1.52615  8.36907  -8.44473  -1.29042  4.40203  -0.239209  6.43642  115.894  82.673  2.3608  -2.01151  -0.0578086  -0.645003  -13.024  -0.632169  -5.14323  -10.8468  -0.497413  -4.78508  
0.0727741  7.94663  -0.547598  -0.117845  -23.5403  12.4298  1.83058  -1.18055  0.407254  -0.918483  3.31035  0.222278  11.2717  -87.1726  42.478  1.78853  -1.48616  -2.18002  0.751045  -2.20229  0.11318  -3.40877  -13.9491  -0.562647  -4.55543  
0.267935  -12.5736  -2.71109  -0.109023  -38.6182  -3.731  5.28304  -13.0203  5.63191  1.17225  0.342165  0.406571  13.4506  -207.957  3.25795  -0.602408  -1.06454  -1.46897  1.75988  8.89581  0.443032  -1.04635  -17.7569  1.28529  -2.97121  
0.279165  -38.0207  -3.68066  -1.53589  -27.6185  -9.04894  5.83056  -24.372  2.013  2.65797  -3.41788  0.477558  11.7652  -142.944  -0.715825  -2.34891  -1.29688  2.064  1.57287  10.2127  -1.02735  2.15958  -17.885  4.35499  -0.98782  
0.262267  -47.6294  -3.32657  -3.1644  18.2323  -2.40909  2.62716  -29.2717  -5.16385  1.72374  -5.875  0.572936  6.4866  34.6793  14.9304  -2.09105  -1.81433  5.09609  -0.293095  -0.798466  -3.83394  5.21373  -11.1828  6.196  0.0637386  
0.327347  -36.624  -2.07125  -3.22232  71.8758  3.00903  -1.64156  -24.3482  -4.7213  -0.796226  -5.5001  0.686016  -0.696407  164.169  7.56931  -0.792047  -1.50997  4.54695  -3.25056  -18.0622  -5.96204  6.04174  2.72583  5.2565  0.00442455  
0.519737  -19.6312  -0.492798  -1.19164  88.7255  -0.153707  -3.12029  -13.5493  7.38257  -2.16535  -2.74715  0.768309  -7.54103  164.442  -40.7995  -0.347118  0.253391  0.984607  -5.74829  -30.598  -5.94314  3.56171  19.6004  2.49511  0.0917573  
0.814382  -11.9843  0.913757  1.61988  48.0052  -3.94572  -0.693943  -5.1031  21.9189  -0.630284  0.169374  0.848529  -11.8173  98.0387  -98.3596  -1.36247  2.67725  -1.9541  -6.57145  -28.9676  -4.27737  -0.699695  30.5611  0.0814629  1.43553  
1.09024  -10.1146  1.71788  3.20863  -21.7149  1.79806  2.95396  -3.36095  25.321  2.75697  1.23078  0.981105  -11.7913  72.8175  -111.247  -2.53755  4.00362  -1.54508  -6.24905  -11.8316  -2.62473  -3.7581  27.7635  -0.900988  3.37192  
1.16926  5.0785  1.67632  2.69373  -62.8317  13.0515  4.38172  -4.84347  14.0198  5.48553  0.391178  1.10358  -7.5373  109.009  -57.0292  -2.03792  3.09518  1.19309  -6.64178  12.0713  -1.87384  -4.01735  13.0143  -0.954936  3.98189  
0.945437  43.9891  1.14608  1.18152  -41.1503  15.0751  2.91582  -3.16571  -2.59001  6.49759  -0.661868  1.0227  -1.94035  129.838  28.6111  0.648734  0.475888  2.90013  -8.32553  28.9619  -1.47571  -2.50504  -0.646466  -0.900926  2.38271  
0.483393  90.5123  0.951593  0.692411  19.2801  1.76665  0.836902  2.93198  -13.0474  7.09092  -0.494653  0.593234  0.859918  69.2168  81.6798  3.97892  -2.16462  1.62736  -8.62345  29.1193  -0.567689  -1.06271  -0.116049  -1.07172  -0.00243022  
-0.0341988  114.167  1.37411  1.9491  57.0254  -14.574  0.356991  7.99483  -14.8579  8.58561  0.673611  -0.0959145  -0.703426  -46.988  69.532  5.42692  -3.39572  -1.40928  -3.6803  13.9864  0.814556  0.0589748  13.839  -1.73766  -0.911432  
-0.459916  100.737  1.54145  3.25068  32.8363  -16.1704  1.26338  6.64809  -13.5626  9.95775  1.59504  -0.750842  -3.69178  -135.043  21.1654  3.75832  -2.99009  -3.73624  6.44436  -4.68995  1.89152  1.97561  25.9708  -3.23789  0.198764  
-0.763097  67.2913  0.343084  2.05692  -31.2061  -0.197094  1.71398  0.354573  -13.3581  8.64562  1.70014  -1.10748  -3.48595  -151.366  -3.94279  0.311497  -1.65542  -4.28024  15.5879  -14.3553  2.14996  4.7627  22.3577  -4.92688  1.58808  
-0.973406  42.1745  -1.89795  -1.92179  -72.977  17.346  0.684006  -3.94829  -12.0022  3.74016  1.58642  -1.14666  1.30138  -127.623  24.3631  -2.16032  -0.194174  -3.64858  16.3447  -11.8138  1.74761  6.43636  5.33968  -4.8139  1.30805  
-1.10637  33.1193  -3.23827  -5.85786  -51.5343  18.3374  -0.94183  -1.45491  -5.41552  -2.40683  1.74194  -1.08351  7.27953  -106.954  80.1761  -2.07095  0.913087  -2.5218  8.0368  -3.74014  1.10021  5.02357  -9.48485  -1.47489  -0.610993  
-1.17241  20.8725  -2.11108  -6.58293  13.0496  0.7618  -1.60895  5.89611  5.30602  -6.42319  1.3657  -1.14078  9.67375  -79.8127  112.672  -0.45487  1.35416  -0.913711  -1.33749  3.30338  0.353385  1.07563  -10.5527  3.5536  -2.34672  
-1.19526  -13.7822  0.696612  -3.91941  59.6361  -20.4411  -0.815222  12.8403  13.6717  -7.34955  -0.813452  -1.31511  6.79037  -8.41286  97.0695  0.224098  0.878471  0.980501  -2.77782  11.2269  -0.485978  -2.78328  -1.57788  6.4411  -2.35023  
-1.13456  -63.09  2.63456  -0.457851  44.6337  -28.5018  0.598887  16.7362  14.2522  -7.36264  -4.42661  -1.34066  1.12351  103.607  51.7042  -1.25111  -0.424867  2.2767  4.24124  26.0004  -1.29752  -4.75763  5.33853  4.85253  -0.816343  
-0.818976  -97.8742  2.05954  1.64756  -17.5655  -19.0757  1.47098  18.3593  7.89812  -8.89579  -6.86197  -0.899634  -3.3102  196.117  11.5332  -3.51538  -1.84585  2.46809  11.2475  44.8419  -1.88047  -5.46444  4.26038  0.660505  0.858251  
-0.0837888  -98.546  -0.111849  2.66681  -69.5225  -1.09572  1.28096  17.5447  0.208776  -11.4207  -5.52186  0.0691166  -4.38285  212.052  -6.83643  -3.95329  -2.39965  2.3843  10.0453  52.4112  -2.17099  -6.33434  0.122882  -1.92357  1.64922  
0.951088  -73.9499  -1.60441  3.79053  -64.2375  13.1268  0.206821  11.4666  -4.21238  -11.6282  -0.835726  1.22482  -3.22079  156.638  -13.0569  -1.25295  -1.61619  3.13162  1.26512  34.3054  -2.10245  -7.32431  0.135349  -0.909374  1.68145  
1.81464  -47.6003  -1.2196  4.8341  -6.43962  17.3972  -1.22929  -0.761477  -5.24182  -6.9212  3.53509  2.01113  -2.72774  86.2818  -23.9822  3.15847  0.0476338  4.2281  -7.01026  -5.65425  -1.3981  -7.05683  4.8658  1.50915  1.67883  
2.02061  -30.6429  0.28078  4.39956  54.9127  13.3955  -2.315  -13.4526  -5.47729  1.53394  4.01334  2.06725  -4.58584  47.3118  -43.949  6.069  1.61345  3.71522  -8.26097  -45.775  0.146926  -4.90152  9.21314  1.81857  1.98763  
1.51062  -14.5293  1.50909  2.03661  72.7849  6.72906  -2.31338  -17.6467  -6.24489  9.47786  0.647981  1.50518  -7.38151  38.9225  -64.1725  5.13268  2.32793  0.53563  -3.43952  -65.9723  2.01887  -1.95133  9.65138  -0.564648  2.22764  
0.701884  11.0553  2.0443  -0.91555  41.8167  2.73833  -0.968129  -10.3391  -6.09482  13.2255  -2.95502  0.770916  -7.88555  26.8706  -76.9342  0.980874  2.06037  -3.80696  1.8333  -64.2861  2.98469  0.264965  7.55709  -2.65732  1.77032  
0.0540584  40.2108  2.37358  -2.76648  -4.59582  4.13464  1.0253  1.34562  -3.0921  12.5139  -3.37041  0.19772  -4.52833  -14.0316  -85.5847  -3.1431  1.22865  -6.58624  4.02741  -51.8622  2.1205  1.33609  6.32873  -1.43389  0.448  
-0.364849  54.7849  2.73646  -3.09888  -31.4273  9.69807  2.37062  7.10723  2.03148  9.79816  -0.76857  -0.280473  0.663333  -65.0701  -97.4174  -4.13793  0.453806  -6.6937  4.13824  -36.1757  -0.185939  1.76399  7.61337  2.68939  -1.21184  
-0.821867  43.5213  2.59262  -2.56153  -32.3028  13.9854  2.28995  4.27416  5.80271  7.23829  1.54094  -0.931355  4.01384  -64.5525  -106.771  -1.89506  0.161619  -5.39628  4.2481  -15.7209  -2.48415  1.80395  10.932  6.22641  -2.47722  
-1.46456  13.1475  1.32549  -1.64894  -24.5337  10.1401  1.16727  -0.08678  5.26995  4.84855  0.846933  -1.76314  3.94592  49.9431  -91.542  0.591763  0.272138  -4.33332  4.02677  8.5228  -3.55528  1.34796  14.8304  6.14399  -3.13012  
-2.02815  -19.3446  -0.888259  -0.45648  -22.434  -3.92406  0.00958757  2.0677  1.29633  1.52577  -2.16963  -2.35471  2.05622  274.262  -34.6488  0.341081  0.282186  -3.44989  1.67631  24.9998  -3.26743  0.794368  16.8826  2.69234  -3.6089  
-2.05272  -41.1313  -2.99375  0.678192  -24.16  -20.8807  -0.754556  10.5311  -1.98448  -2.81356  -4.36909  -2.22274  0.674759  500.082  49.105  -2.27468  -0.135965  -1.40884  -2.65407  22.2249  -2.20885  1.19501  14.2313  -1.15534  -4.32323  
-1.36259  -48.7818  -3.78743  1.0806  -23.2905  -27.6471  -1.47176  17.4818  -1.33247  -6.72808  -3.50719  -1.33987  0.36987  569.373  115.34  -3.64063  -0.561299  2.27052  -6.03786  4.71582  -0.909526  3.04216  6.11755  -2.75189  -4.90718  
-0.288541  -42.9503  -2.83031  0.480692  -21.3227  -17.1634  -2.22502  15.8714  2.20808  -8.96089  -0.218701  -0.220849  0.412193  396.833  128.926  -0.947372  -0.112862  6.04725  -5.81339  -10.045  0.317385  5.40297  -3.72432  -2.12545  -4.39225  
0.578122  -24.8671  -0.877386  -0.634038  -20.0709  2.63045  -2.0847  5.80902  4.41059  -10.0243  3.0851  0.521483  0.572347  54.4339  97.8336  4.18248  1.37094  7.47613  -2.59205  -12.2108  1.06622  6.72701  -9.45319  -1.50848  -2.25162  
0.826557  0.255418  0.537556  -1.66937  -9.03884  14.1755  0.0956588  -6.36472  2.36571  -11.468  4.66361  0.657569  1.18262  -270.255  61.0773  6.85226  2.61381  5.39578  0.385628  -10.0991  0.870121  6.29868  -8.41168  -2.62915  0.856584  
0.469553  20.4031  0.317177  -2.41146  26.0812  7.50459  3.90237  -13.4652  -2.40686  -13.659  4.59931  0.379394  1.70337  -423.046  41.4544  3.97498  1.98035  1.08192  0.619602  -15.4125  -0.312706  4.53358  -3.68819  -4.59222  3.54487  
-0.153093  23.808  -1.08241  -2.74389  78.0062  -8.41813  6.96674  -11.6764  -5.57835  -14.7496  3.9322  -0.0297017  0.665767  -398.649  21.1852  -2.18033  -0.529385  -2.62137  -1.57015  -23.0352  -1.78941  2.19898  -0.52223  -4.63923  4.81316  
-0.652047  10.0755  -1.84655  -2.41232  111.858  -14.2317  6.83545  -2.61863  -4.59663  -12.377  3.23959  -0.428561  -2.344  -310.888  -28.4005  -6.07689  -2.86686  -3.51373  -4.12356  -14.8458  -2.64374  -0.0991388  -0.75246  -1.15294  4.60221  
-0.809113  -8.71066  -0.6248  -1.57746  96.8866  -1.11104  3.31334  6.90133  -1.30015  -6.39428  2.22523  -0.733212  -5.49692  -262.497  -98.7778  -4.56515  -2.91701  -1.73019  -5.42644  15.0322  -2.48425  -1.78873  -1.63952  4.16802  3.45223  
-0.624199  -19.6876  1.76284  -0.984692  42.7434  18.8314  -1.25248  8.12309  0.192144  0.384809  0.503325  -0.77087  -6.42658  -249.143  -140.468  0.0183494  -0.843263  0.543782  -5.11094  46.6117  -1.57305  -2.55884  0.283135  7.35816  1.97587  
-0.231159  -20.1657  2.96112  -1.00387  -5.54543  25.1609  -4.20989  -2.87849  -1.95293  4.49861  -1.58474  -0.384604  -4.83644  -184.918  -111.785  2.66052  1.08929  1.09853  -3.35604  52.492  -0.233597  -3.08743  5.21746  5.60514  0.693909  
0.215869  -15.2121  1.80683  -0.697158  -13.7419  11.2319  -4.85482  -20.4175  -5.28289  5.11369  -3.0973  0.314863  -2.64877  -13.3221  -25.187  1.18052  1.08194  -0.394239  -0.528458  27.4163  1.5203  -4.69879  10.4707  -0.140272  0.0137206  
0.603479  -7.35653  -0.0397091  1.16665  5.96207  -8.92661  -4.47716  -32.003  -5.75131  4.81887  -3.39413  0.930543  -1.64459  213.242  61.686  -1.75816  -0.261452  -2.3916  2.21301  -6.86649  3.72087  -7.3373  13.7219  -5.80614  0.00820031  
0.861323  5.6552  0.148161  4.1247  11.9032  -16.0998  -4.4878  -28.4688  -2.2448  6.62901  -2.7753  1.09987  -1.78628  365.377  97.5798  -2.03169  -0.870993  -3.21792  3.23817  -26.6611  5.96448  -8.33663  15.0585  -7.48781  0.241744  
0.937163  22.7276  2.70153  5.8105  -16.5886  -6.16371  -4.83237  -11.9513  2.03048  10.1115  -2.05171  0.813032  -2.03758  344.521  76.6349  1.15556  0.254755  -2.61638  2.29513  -29.2216  7.45422  -4.6862  15.5874  -4.48599  0.115491  
0.798826  34.4642  4.59539  4.5037  -54.1767  6.81845  -4.32722  6.49996  2.83402  11.0789  -1.52492  0.371848  -2.049  169.204  30.6541  4.41177  1.95503  -1.50746  1.54218  -27.292  7.54871  2.8401  15.3557  0.489821  -0.48147  
0.48206  31.9695  2.61442  1.45865  -58.1683  6.8815  -2.26421  17.4428  -0.602234  5.88782  -0.633793  0.0687936  -2.22242  -39.9196  -5.6398  3.99237  2.33438  -0.582439  3.34121  -27.3953  6.31324  8.93849  13.0411  3.95512  -1.00602  
0.118978  18.4728  -2.77691  -0.17888  -17.2561  -6.75846  0.581395  20.67  -4.59319  -3.91757  1.10709  -0.0436647  -2.47874  -165.253  -19.5277  -0.245361  0.927488  0.526073  6.84039  -22.8042  4.47091  8.65651  7.76336  4.58013  -0.889209  
-0.136271  7.21448  -7.45655  1.02226  34.4741  -19.5763  2.58443  22.2358  -4.65559  -11.9382  3.04535  -0.100706  -1.98212  -185.697  -19.8138  -4.83004  -0.874528  2.45064  8.10014  -8.24719  2.78306  2.99058  0.262042  3.66576  -0.25964  
-0.256068  5.9858  -7.79422  2.90085  52.1776  -17.4465  2.90333  25.4331  -0.122248  -12.6164  3.70888  -0.240832  -0.463328  -174.86  -22.3979  -6.1382  -1.38155  4.83242  4.53265  8.01158  1.38747  -1.82199  -7.75352  2.9284  0.0573107  
-0.381756  7.95658  -4.3152  2.29723  23.2681  -1.26889  2.26516  26.3166  5.00253  -6.68793  2.49974  -0.505417  0.972878  -211.555  -34.5454  -3.633  -0.217241  6.18162  -1.33546  13.5176  -0.262962  -1.12968  -14.7233  2.27661  -0.695695  
-0.660759  0.36461  -0.791385  -0.953801  -24.6047  14.0917  2.14806  19.0105  6.00126  -0.706011  0.676478  -0.841014  0.927041  -290.889  -47.2927  0.13286  1.58113  5.1589  -4.03539  8.76728  -2.67211  2.90224  -19.1769  0.272412  -2.42491  
-1.03554  -20.1014  0.0918018  -3.60545  -52.8994  14.9937  3.09439  4.10742  2.26629  -0.675512  0.103403  -1.12303  -0.698201  -328.767  -41.0545  2.10899  2.65101  1.92769  -1.40512  7.30822  -5.40656  4.05608  -19.2802  -3.22384  -4.1152  
-1.25589  -43.8824  -0.506356  -2.93622  -44.5452  2.64829  3.93461  -10.1664  -2.03071  -6.10643  0.993684  -1.20265  -2.87281  -255.486  -6.06996  1.25915  2.27609  -1.77801  2.65591  18.0285  -7.05939  -0.407003  -14.0824  -5.74906  -4.53416  
-1.13465  -57.9647  0.571699  -0.109845  -10.2017  -8.97774  2.96611  -15.5098  -2.14695  -10.5499  1.44056  -1.01561  -4.86273  -94.4477  41.8321  -0.99297  0.627793  -3.88125  2.66362  33.7192  -6.46981  -6.4316  -5.45977  -4.46964  -3.16555  
-0.746781  -55.5566  4.31996  1.35621  29.0055  -8.37541  -0.0718872  -11.5219  2.40176  -8.33738  -0.317587  -0.663279  -6.44775  60.6888  69.5235  -2.17353  -1.46738  -3.42236  -1.9704  40.0868  -4.00494  -7.98395  1.99149  0.2852  -0.629314  
-0.32706  -37.9814  7.99553  -0.00574466  58.1309  1.94459  -3.29244  -4.45971  7.46008  -0.555894  -3.50075  -0.329828  -6.64924  140.482  58.6293  -0.726873  -2.93395  -1.128  -6.38303  32.1453  -1.43037  -4.0399  4.34498  4.71951  1.76274  
-0.000676726  -12.0564  7.98384  -2.0111  70.1158  10.0496  -4.44044  0.509165  8.61799  6.12184  -5.29187  -0.0837465  -3.64385  158.728  25.5308  2.7052  -2.96621  1.26763  -6.23074  17.1722  -0.265935  0.490768  1.64839  5.49641  2.98853  
0.312243  13.0894  3.78999  -1.94471  60.3373  9.06687  -3.43016  3.87825  5.57221  6.6046  -3.86702  0.196217  2.75668  171.808  2.35085  5.48291  -1.41309  2.38371  -2.51279  4.27824  -0.355753  0.762253  -3.08446  3.30692  2.9868  
0.714018  30.5163  -1.28154  0.0143696  27.3474  3.81722  -2.69236  7.63405  1.81725  2.80488  -0.448245  0.6462  9.01244  199.615  -2.31011  4.83865  1.10356  2.14978  0.432075  -2.78925  -0.204558  -2.65133  -7.70669  1.54361  2.43808  
1.13035  39.0182  -3.42848  1.44954  -19.9046  2.55874  -4.50829  9.80356  0.386927  1.21634  1.96077  1.18856  10.0946  205.115  -11.9441  0.470358  3.49548  1.60797  0.616744  -2.1321  1.21457  -5.10026  -12.3646  1.66457  1.99689  
1.36268  40.6056  -2.01106  1.22925  -61.3411  5.81675  -7.91465  6.00613  0.735749  5.34083  1.72629  1.5396  4.859  147.558  -43.1063  -4.47403  4.76873  1.81204  0.162373  8.67863  3.26831  -3.6055  -16.5213  1.34936  1.82589  
1.29743  33.6215  0.256482  0.736165  -78.0862  7.07675  -9.00646  -3.16259  0.18776  11.4833  0.0197413  1.46604  -1.8574  34.7232  -66.7932  -5.80256  4.56372  2.82646  1.43363  25.7538  4.40447  0.105887  -16.8095  -1.91259  1.75355  
0.993502  12.2194  0.43937  1.40166  -67.4411  3.12073  -4.86002  -10.6136  -2.383  12.6674  -0.916506  1.00187  -3.95514  -86.2084  -30.6586  -2.3154  3.28243  3.65752  3.5876  33.9377  3.87972  2.28623  -10.1595  -6.45412  1.54383  
0.564578  -23.2445  -1.75001  2.35203  -44.3009  -1.25299  2.92532  -10.6989  -5.42837  6.23499  -0.432659  0.395482  -0.736624  -175.487  71.8696  2.6024  1.69908  3.1577  4.08913  18.4277  2.45849  1.57249  0.802337  -7.46788  0.932906  
0.053309  -58.1377  -4.23543  1.74376  -26.4981  -0.371031  9.10098  -6.78509  -7.15476  -3.40603  -0.04171  -0.135846  2.49727  -219.298  169.629  4.06464  0.344966  1.18236  2.46001  -16.5863  1.42827  -0.0742957  8.22905  -2.77723  -0.277063  
-0.540238  -71.8614  -5.0856  -0.309468  -18.2248  3.96508  9.58933  -7.4891  -7.73807  -9.62338  -1.46082  -0.574001  0.963483  -215.747  175.878  0.687773  -0.788276  -1.20952  0.663313  -46.5949  1.23172  -0.158438  6.55891  3.86093  -1.81376  
-1.15232  -56.6381  -4.2361  -1.69759  -8.30235  4.89732  5.23895  -15.179  -8.15582  -10.0664  -4.54294  -1.02589  -3.78804  -167.835  85.7795  -3.95473  -1.97048  -2.72294  -0.12578  -49.6552  1.17972  1.69183  -1.01658  6.5107  -2.7858  
-1.62833  -24.3595  -2.8724  -1.36382  15.1166  -0.0915755  0.568796  -21.7368  -7.53222  -7.59248  -7.29332  -1.50031  -5.8007  -96.8647  -7.60454  -5.03729  -3.24471  -3.12732  -1.13567  -29.0837  0.396135  3.66177  -5.51077  3.65965  -2.47686  
-1.79628  6.12673  -1.76514  -0.903517  49.0607  -6.0322  -0.979749  -17.6901  -3.4113  -5.72999  -7.74738  -1.78497  -1.90269  -45.8023  -13.6984  -1.32311  -4.17482  -3.32291  -3.43664  -8.47186  -1.21717  3.29981  -1.46614  -0.427374  -1.43244  
-1.54929  25.5192  -0.666822  -2.01439  75.9471  -7.22666  -0.0197963  -4.06479  4.71249  -4.98034  -5.62659  -1.5861  4.60094  -41.9006  47.5187  3.80652  -3.98807  -3.96501  -5.12772  -4.04646  -2.98484  -0.85384  7.8483  -1.23799  -1.21963  
-0.910472  35.5473  0.87641  -3.51903  80.1888  -3.97267  0.544427  8.41798  13.2344  -3.87267  -2.22142  -0.840268  7.79939  -54.3627  60.5033  5.90094  -2.08683  -4.16918  -3.30322  -7.75436  -4.18062  -7.91574  14.7913  0.474584  -2.58703  
-0.0800518  40.4334  2.63681  -2.49626  62.8128  -0.549317  -0.679259  11.5819  17.2336  -1.86332  1.0305  0.112577  5.35162  -17.3831  -52.5373  3.44575  1.25044  -2.2369  1.28586  -1.23238  -4.57987  -13.8792  15.1159  0.0836001  -4.11781  
0.602954  42.3319  3.87679  1.53434  38.4201  1.02638  -2.31501  8.43611  15.4014  0.180679  3.63001  0.733375  -0.164374  94.8443  -229.936  -1.35781  4.50127  1.98826  3.79495  17.3139  -4.34774  -13.2909  10.4347  -4.50821  -3.41128  
0.870004  43.8639  4.18536  5.26229  19.1752  2.21688  -2.44766  8.26683  11.0562  1.84918  5.80733  0.745447  -5.03418  227.276  -321.025  -4.98304  5.59103  5.98293  0.85695  28.6077  -3.63086  -3.81922  4.3475  -9.54206  0.142412  
0.772327  46.6575  3.86465  5.19958  5.21  3.70796  -1.05863  15.0514  7.66486  3.68976  7.5745  0.412847  -7.74833  287.21  -237.531  -5.39523  3.63868  6.53258  -4.77902  17.559  -2.33616  10.107  -1.25887  -9.35992  4.28054  
0.681821  45.2306  3.54399  1.80076  -8.31016  3.15506  0.384478  23.627  4.57882  5.38032  8.19141  0.308222  -8.42831  226.209  -39.2973  -3.12866  0.272816  3.08334  -7.07687  -3.3018  -0.39073  19.6952  -5.51384  -2.78114  6.01846  
0.9433  29.3033  3.57783  -1.21987  -18.9453  -1.40494  1.10727  26.5173  -1.41656  4.80368  6.6433  0.756999  -6.89405  80.8621  131.307  -0.376773  -1.37629  -1.38643  -3.80714  -5.07472  1.87965  19.2571  -6.35334  5.62777  4.67597  
1.48391  -3.16294  3.80357  -1.31181  -17.0139  -7.46641  1.83373  22.3373  -10.6334  0.445437  2.70541  1.49739  -3.01483  -65.8065  182.208  0.885015  0.265887  -3.20437  1.14387  21.6397  3.70079  11.2868  -1.83532  10.4279  2.26534  
1.81084  -37.7084  3.78123  0.470007  1.39998  -9.45601  3.25662  16.1817  -18.3141  -5.5469  -2.43561  1.89395  1.44936  -151.982  132.239  0.433438  3.2291  -1.46767  2.85258  50.9913  4.3277  3.1533  6.24903  10.2047  0.950909  
1.45342  -53.675  3.23973  1.54617  25.2796  -4.4981  4.54869  13.5563  -19.1087  -8.37485  -6.66921  1.49419  3.36261  -171.486  57.0212  -0.187871  3.8672  1.62119  0.881553  49.0168  3.58119  -0.594134  11.8648  7.14042  0.724658  
0.426482  -42.1731  2.25097  1.09185  35.9621  4.01591  4.13063  15.0886  -13.0235  -5.5159  -8.29432  0.410668  1.65003  -162.245  6.22922  0.644965  0.979804  3.40822  -1.45681  12.8647  2.01785  -1.48311  9.80573  3.05835  -0.0666307  
-0.755845  -12.4723  1.08298  0.259252  22.7823  9.23485  1.6795  16.9431  -5.6715  -0.0583839  -7.19592  -0.78107  -0.914731  -171.087  -19.5361  2.60871  -2.62458  3.06439  -1.90217  -25.1375  0.515895  -3.12129  1.20594  -2.26906  -2.30924  
-1.51387  16.8972  -0.0872947  -0.0746737  -9.21747  7.26018  -1.32143  14.4632  -2.35493  1.97835  -4.85  -1.49303  -0.745559  -209.322  -34.3637  3.52224  -3.32516  1.41603  -1.25667  -33.642  -0.343472  -5.99808  -6.80578  -8.62175  -4.91681  
-1.64358  29.0352  -1.16035  -0.402732  -44.1445  0.972295  -3.21178  5.57142  -2.89517  -2.10207  -3.00493  -1.52929  1.92595  -228.331  -38.848  1.69912  -0.876186  -0.465869  -0.942555  -14.5826  -0.576153  -7.6536  -7.8175  -12.9454  -6.06139  
-1.36408  14.8912  -1.94208  -1.20878  -64.0337  -2.58443  -3.93837  -7.79339  -2.89622  -8.62024  -2.19772  -1.14693  3.00701  -149.78  -30.1199  -1.8748  1.5644  -1.81534  -0.631472  4.90433  -0.52908  -6.74497  -2.09289  -11.4633  -5.11138  
-0.997687  -21.2305  -2.1913  -1.61152  -56.1984  0.63963  -4.76871  -20.4541  0.536895  -11.0971  -1.51566  -0.759619  -0.243929  47.8167  -20.3347  -4.20852  1.50124  -2.10684  0.631013  6.51802  -0.414294  -4.73786  4.20647  -4.41731  -3.04595  
-0.653724  -58.2489  -1.93519  -0.272188  -20.7607  7.22444  -6.39565  -26.8238  5.61276  -6.74098  0.0890793  -0.552773  -4.97597  271.011  -28.4498  -3.31173  -0.0320124  -1.34238  2.25891  -3.12083  -0.209634  -3.25463  5.34981  2.71818  -1.24396  
-0.226877  -68.9216  -1.54962  2.57722  24.8798  9.61446  -7.75476  -24.5789  8.51693  1.04147  2.26515  -0.359264  -5.14608  364.562  -53.6986  -0.260335  -0.359213  -0.553045  2.89537  -8.92134  0.018895  -1.71568  0.937735  4.08913  -0.288648  
0.360318  -43.9728  -1.21567  4.80746  54.8382  4.30942  -6.98871  -16.2782  8.02515  6.50704  3.31827  0.0963446  1.72573  254.847  -68.0456  1.96206  0.984438  -1.09561  2.92502  -7.49723  -0.0607432  1.05774  -4.93111  -0.567635  0.150692  
1.00132  -5.20905  -0.4513  4.42736  55.7812  -4.07566  -3.49671  -7.4021  6.48794  7.30511  1.93601  0.854465  11.1858  38.8305  -42.8478  1.57175  1.72671  -3.03498  4.58757  -4.47641  -0.600094  3.96309  -8.33366  -5.58819  0.645097  
1.5154  13.0393  1.33415  1.65815  39.2276  -8.00592  1.07477  -2.2341  6.50799  6.02171  -1.1479  1.64836  15.7659  -102.767  18.3578  -0.292615  0.293031  -4.51078  8.96263  0.250749  -0.981178  4.28541  -8.50053  -5.23134  1.40366  
1.84432  -1.00036  3.65611  -1.19482  27.2463  -5.38298  4.14991  -1.43598  7.79332  6.15289  -3.5542  2.15838  11.7514  -95.9404  75.999  -1.03616  -1.58669  -3.45182  13.8137  12.971  -0.204948  1.45988  -6.89584  0.747737  2.11625  
2.04089  -25.8735  4.82365  -1.95814  25.933  -1.27102  4.66355  -2.63261  7.75015  7.55826  -3.42362  2.264  1.98021  -47.466  85.7445  0.550801  -0.815576  0.0893057  15.2572  31.658  1.71191  -1.35765  -4.76583  7.51968  2.19184  
2.06561  -33.1681  3.4464  -0.433438  19.4283  -1.22648  4.05587  -2.86034  4.64699  6.93562  -1.12502  2.01818  -7.2975  -110.013  36.0582  2.97967  2.9377  3.78257  11.3219  41.5531  2.99882  -0.544248  -2.4872  10.3608  1.29318  
1.70659  -19.533  0.0457615  1.71397  -6.05247  -4.76685  4.55748  -0.770821  -0.468911  2.45782  1.25069  1.46006  -11.5908  -292.367  -39.4766  3.6308  6.27518  5.29489  3.61706  31.063  1.55585  3.75511  -0.538288  8.49754  -0.142171  
0.813435  -6.31738  -3.23602  2.69646  -38.0008  -6.57764  6.44156  2.42849  -4.9012  -3.53726  2.03966  0.582737  -10.6041  -436.631  -85.7679  1.37681  5.72279  4.41222  -4.06727  7.09133  -2.50603  7.66446  0.330812  4.28989  -1.05269  
-0.411765  -10.7673  -4.58173  1.98634  -46.215  -3.04935  7.29127  4.0025  -6.76075  -7.54684  1.48688  -0.492643  -7.10227  -393.264  -67.073  -2.35849  1.64484  2.75404  -8.44835  -12.3298  -6.1868  7.7302  0.162303  0.0647521  -0.758558  
-1.47574  -26.5725  -3.88674  0.255382  -16.659  3.79887  4.33043  2.57698  -6.13424  -9.60884  1.09361  -1.44084  -4.20673  -189.237  2.41235  -4.94045  -2.24913  1.76097  -8.83452  -18.6425  -6.17575  4.25163  -0.19125  -3.45563  0.1301  
-2.00426  -34.7367  -2.26549  -1.63883  29.5556  8.74516  -2.37217  0.328944  -4.25239  -13.0011  1.64703  -1.94242  -3.39676  12.5119  64.9208  -4.76938  -3.07078  1.43056  -7.35933  -19.6134  -2.29728  0.237395  -0.252355  -6.37933  0.170136  
-2.03994  -27.0739  -0.778347  -3.30897  54.4618  8.27113  -9.27085  1.25401  -2.12991  -18.7637  2.17533  -1.95551  -4.09514  99.8657  59.7805  -2.4372  -1.63909  0.930895  -6.89173  -25.5769  2.19985  -1.96706  -0.828574  -8.53191  -1.27219  
-1.8767  -11.8524  0.0298454  -4.53571  38.6595  3.03993  -12.1363  5.81049  -0.102902  -22.4666  0.978794  -1.69924  -4.56595  114.22  -24.6922  -0.0469436  -0.968456  -0.138175  -8.09975  -35.1203  4.06422  -2.37657  -2.92367  -9.28263  -3.00727  
-1.66194  0.514785  -0.00455207  -4.78274  -3.57399  -3.17718  -9.49292  8.21297  1.57191  -18.7037  -2.25521  -1.37617  -3.35499  159.248  -131.807  0.477152  -2.43479  -1.45257  -8.78285  -38.2694  3.3439  -2.20687  -5.92396  -7.86687  -3.11234  
-1.27425  10.0239  -0.440844  -3.51387  -40.0146  -6.4746  -3.45493  1.62904  2.17687  -8.35033  -5.62498  -0.998033  -0.224886  252.713  -174.383  -1.00334  -4.22144  -2.59893  -6.79709  -30.6297  2.76824  -2.04572  -7.48843  -3.80778  -1.14562  
-0.604783  21.8442  0.0138548  -1.08436  -47.2896  -5.29789  2.55367  -12.4306  0.928215  1.08781  -6.44907  -0.51012  3.88827  307.24  -108.725  -2.67145  -3.67528  -3.52743  -3.21298  -18.4967  4.15896  -1.67966  -5.51211  2.23088  1.10908  
0.177611  34.037  2.53311  1.14122  -24.7061  -1.14869  6.54678  -21.6224  -1.83375  3.50914  -3.65539  0.012738  7.53931  249.95  19.2679  -2.11647  -0.602836  -4.16446  -1.19368  -9.49356  6.27648  -1.11865  0.337095  7.72404  1.39869  
0.754718  36.4325  6.41359  1.9578  10.4358  2.75817  8.63375  -12.9301  -3.94806  0.951102  1.27426  0.408088  9.39225  113.099  106.31  1.3759  2.43314  -4.02993  -1.5325  -2.90855  6.50159  -0.951964  8.57534  9.35651  -0.602657  
1.00767  22.5205  8.87186  1.46084  37.994  3.95488  9.58015  13.5568  -2.53903  0.260868  5.69144  0.639172  8.89704  -7.51451  82.4592  5.61385  3.07157  -2.61448  -1.00183  6.89126  4.0016  -1.51577  17.0067  5.96293  -2.90151  
1.10274  -1.15967  7.41867  0.675844  48.8108  2.39633  9.25586  42.2234  3.4026  4.02497  7.86605  0.840445  6.88594  -59.2487  -21.9206  6.89515  1.77912  -0.181676  3.29403  19.7236  0.527497  -2.26047  23.7343  0.364304  -3.13266  
1.20089  -19.2619  2.58533  0.262391  48.0533  0.131362  6.76324  54.7868  11.1982  7.63174  7.72311  1.08422  5.28215  -61.1799  -102.612  3.39944  1.05027  2.16984  8.70552  27.1105  -1.76646  -2.34543  27.7535  -2.86703  -0.638805  
1.18954  -21.0876  -2.28175  0.110595  45.2923  -0.497928  1.951  45.5919  15.7936  6.32636  5.88312  1.17044  5.54245  -46.9762  -82.1025  -2.47853  2.32166  3.36068  8.78399  22.1494  -2.4988  -1.78583  28.6333  -2.0699  3.24953  
0.804887  -8.80377  -4.24092  0.0805615  40.8651  1.08881  -3.6441  24.0384  13.7331  2.81661  2.73817  0.774738  7.08458  -21.1647  14.8895  -5.80297  4.33774  3.2626  1.30242  9.50142  -2.82414  -1.61315  25.4414  -0.350323  6.5598  
0.00128481  6.38796  -3.43917  0.490584  24.7702  3.04857  -7.6094  3.4944  6.22285  4.71207  -1.27414  -0.149905  7.55997  17.3756  86.9772  -3.7751  4.7689  2.44784  -7.36496  2.25692  -3.60488  -2.76946  16.1828  -1.95877  7.97459  
-0.893576  15.4512  -2.29833  1.3578  -7.9022  2.74996  -8.55496  -10.1398  -1.9125  14.7132  -4.96821  -1.17576  4.97762  40.3522  59.2712  1.23143  2.9246  1.2104  -8.24691  8.05216  -4.48169  -4.92318  -0.480276  -7.03375  7.11454  
-1.42839  19.2711  -2.43166  1.75636  -43.074  -0.163278  -7.15273  -19.2266  -6.45591  26.1002  -6.87916  -1.68922  -0.591367  11.5352  -41.5124  3.816  0.33018  -0.745119  -0.0223465  20.0822  -4.5812  -6.58939  -21.6143  -10.8363  4.27923  
-1.39969  25.8289  -2.97151  0.615247  -55.4664  -2.48906  -5.19833  -26.9387  -7.04307  29.5739  -6.63221  -1.41267  -7.27623  -62.5166  -114.839  1.19988  -1.17874  -3.4698  8.83098  23.5251  -3.61204  -6.45196  -39.1628  -8.61327  0.366541  
-0.951934  39.8535  -2.12717  -1.56167  -33.6838  -0.753446  -3.8087  -32.3832  -6.44637  23.2767  -5.34493  -0.635695  -12.7093  -128.608  -85.7728  -3.72752  -1.24854  -5.7618  9.21723  10.9904  -1.95811  -4.47634  -45.009  -0.707449  -3.16834  
-0.365526  55.2892  0.152489  -2.51773  5.39034  3.83143  -2.75336  -32.6721  -7.00963  13.9095  -4.25125  0.0777067  -14.9685  -143.569  26.014  -5.41041  -0.759395  -5.60808  1.47143  -9.74611  -0.12173  -1.70426  -38.0965  7.58229  -4.88318  
0.175884  60.0024  1.79578  -0.477469  31.3178  5.3877  -1.38201  -27.0416  -8.23477  8.33788  -3.13808  0.398293  -13.1451  -113.482  129.8  -1.69158  -0.419696  -2.211  -5.53585  -23.4831  1.48633  0.88668  -25.5934  10.8825  -4.31984  
0.618497  48.6738  0.963244  3.37834  28.773  0.164369  0.281155  -16.9905  -7.82585  6.32582  -0.700888  0.460778  -8.07271  -65.8557  148.769  3.7792  -0.222574  2.4838  -4.8325  -22.2222  2.3397  3.11221  -15.3973  8.06766  -2.41726  
0.950309  29.4072  -1.70005  5.46037  8.25243  -7.99716  1.58904  -4.10262  -4.61043  2.57607  3.46336  0.63138  -2.22818  -9.74813  79.3085  5.62168  -0.144006  4.95987  1.20307  -11.4979  2.04553  5.16658  -9.26301  2.19802  -0.715849  
1.17599  15.5143  -3.57319  3.42261  -10.6829  -11.6236  2.20514  9.52841  0.0190127  -5.60334  7.65116  1.09828  2.32861  51.8772  -21.5072  2.80218  -0.647823  3.50212  4.63288  -3.39646  1.03687  6.68932  -4.98093  -2.76774  0.0199479  
1.35244  10.9039  -2.74952  -1.07806  -21.3145  -9.05748  2.54247  19.2564  3.42056  -14.6859  9.29266  1.69176  6.14362  83.024  -92.8082  -0.0855527  -2.063  0.264571  1.58589  -5.13342  0.694031  6.6231  -3.29341  -4.80064  0.355699  
1.54323  7.34031  0.155365  -3.93788  -30.7921  -6.71204  3.13271  19.607  4.05945  -18.8642  7.32503  2.06052  11.3002  31.8358  -111.445  2.01272  -3.80736  -0.741022  -4.09737  -14.2187  2.1531  4.31743  -8.34832  -4.2108  1.3042  
1.67974  -2.99139  2.85175  -3.02377  -42.7223  -9.84256  3.80703  10.2233  2.55314  -16.2285  3.24467  1.97726  17.3775  -94.149  -90.7175  8.50763  -4.70626  1.90491  -6.58434  -22.3116  4.77272  0.714274  -19.6444  -2.4579  2.91581  
1.5314  -15.9217  3.5681  -0.285553  -46.4063  -14.1717  3.70483  -1.53185  0.754508  -10.1871  -0.195921  1.47318  19.6233  -195.798  -54.2151  12.9741  -4.05306  5.24441  -4.87675  -22.0631  6.1985  -1.89398  -27.1169  -0.923131  3.92915  
0.904052  -20.4383  2.16368  0.795731  -27.8794  -10.5928  2.14767  -6.7807  0.0691198  -5.34004  -1.21063  0.733542  13.076  -167.031  -16.1866  9.34336  -2.0751  5.17178  -2.44242  -11.3719  4.38187  -1.67365  -19.4739  -0.28571  3.02272  
-0.107924  -14.2361  -0.414185  -0.635097  11.0322  2.3902  -0.562871  -4.29179  0.48558  -2.96377  -0.181831  -0.0820097  -1.18982  -11.9236  20.0482  -1.67354  0.540461  1.20547  -1.51747  6.2146  -0.256495  0.998013  2.55405  -0.388146  0.364624  
