0.656161  -0.897174  0.746695  1.03082  2.82408  -0.402449  49.8228  24.1032  0.508745  3.03422  10.1843  0.545621  7.17049  -0.333659  8.87176  0.913562  -2.02174  1.07209  7.40505  3.4514  0.384179  -4.91444  18.0453  2.88054  -1.23473  
-0.520239  3.13984  -2.26134  -1.0704  -4.81343  3.12667  -50.9107  -2.319  -0.653643  23.3085  -9.51601  -0.424488  8.37487  -4.92311  -11.4325  -0.844836  8.81395  -5.06877  9.32381  19.4199  0.924862  7.6637  -10.6588  -5.82224  1.86755  
-1.3951  5.64735  -3.88485  -2.27031  -9.4837  6.43709  -147.483  -25.2701  -1.65383  29.6204  -17.075  -1.37222  2.80761  -6.88947  -28.3887  -1.48945  12.7744  -5.29398  2.58808  19.9761  0.91104  11.7029  -38.2134  -11.8678  3.29379  
-1.80186  6.20136  -3.79797  -2.68873  -9.76112  8.51614  -216.622  -40.6742  -2.17514  21.8391  -12.1339  -2.05279  -9.61956  -5.35264  -38.5553  -1.01186  8.55658  -0.164182  -8.0933  6.83831  0.105652  7.35392  -59.6873  -13.8603  2.58216  
-1.75396  5.58336  -2.71767  -2.9325  -6.72538  7.85237  -224.332  -46.704  -1.98922  11.3298  -4.19519  -2.13201  -22.9734  -1.58152  -41.6469  -0.370503  0.636011  4.10519  -10.5441  -4.52515  -1.19322  2.13261  -68.3016  -12.3074  0.830353  
-1.39218  4.81861  -1.53903  -2.86823  -3.43531  3.9333  -159.35  -46.4132  -1.23309  6.64681  -0.33645  -1.54221  -31.1658  2.09767  -42.1552  -0.371435  -5.02667  2.64671  -2.14061  -3.52798  -2.25998  1.62701  -61.4956  -9.12774  -0.215462  
-0.910145  4.15419  -0.682772  -1.74814  -2.76305  -1.37983  -56.283  -45.2558  -0.243934  5.56703  1.58027  -0.63024  -31.6669  3.92365  -44.4764  -0.942743  -4.97814  -2.79418  5.46961  4.96234  -2.41749  3.77528  -44.0412  -6.25981  0.316177  
-0.493166  3.01057  -0.199101  0.393226  -5.08561  -4.49488  24.8752  -44.7241  0.76259  1.76948  6.54659  0.10166  -24.9677  3.60854  -45.9465  -1.47724  0.384051  -6.11875  0.66168  9.28194  -1.60939  3.03372  -24.7782  -4.41268  1.67539  
-0.25881  0.87224  -0.120504  2.1638  -8.05196  -3.06382  45.0463  -40.1458  1.60701  -4.91541  12.7071  0.390014  -13.6872  2.19275  -39.3104  -1.59276  7.1697  -3.80099  -13.652  5.58278  -0.492184  -1.77697  -10.5042  -3.00693  2.3715  
-0.214627  -1.86384  -0.477058  2.19499  -8.8172  1.24406  13.9697  -26.5659  1.82403  -8.33798  12.0457  0.331922  -3.17822  1.18101  -24.1004  -1.36851  9.75401  1.37775  -23.237  0.243349  0.112992  -6.26374  -2.89959  -1.18792  1.66064  
-0.272035  -4.03042  -1.06293  0.687816  -6.64135  3.54218  -28.8564  -6.59937  0.811823  -4.81472  1.11418  0.176787  0.515874  1.49086  -11.9275  -1.0006  4.67739  3.75632  -18.1857  -0.312219  -0.0784516  -6.5935  0.294546  1.22591  0.00762511  
-0.324672  -4.63013  -1.42533  -0.967575  -3.16659  0.240342  -56.4261  10.3194  -1.5058  1.89366  -12.3648  0.0778323  -3.48714  2.69191  -14.1613  -0.55166  -5.39174  1.14465  -2.69138  2.5256  -0.654652  -4.09093  2.57449  3.67056  -1.83245  
-0.317019  -3.63014  -1.21374  -1.90285  -0.246863  -6.92241  -68.6711  17.4146  -4.39324  5.16123  -16.6608  0.0491764  -8.16227  3.12285  -24.0907  -0.067478  -12.6335  -3.09303  9.92315  3.04357  -1.01537  -2.26518  6.47673  5.31917  -3.67402  
-0.238769  -1.88731  -0.423077  -2.37031  1.92979  -12.1276  -71.4276  18.0028  -6.86424  2.00921  -8.84582  0.0649795  -5.35351  1.25972  -18.8168  0.312778  -11.0655  -4.19692  9.68221  -0.746969  -0.963431  -1.3842  12.291  5.50324  -5.34892  
-0.0889955  -0.442586  0.68924  -2.61245  4.34258  -11.2907  -56.8576  21.0746  -8.36321  -6.42527  2.0716  0.110655  3.72102  -2.52878  14.7401  0.509827  -2.97322  -1.34187  -1.57186  -5.32389  -0.772948  1.17106  17.7044  4.02092  -5.79425  
0.113057  0.10468  1.75981  -2.08523  7.31741  -6.02762  -14.505  29.6951  -8.74627  -18.0134  5.15598  0.152877  8.27909  -5.59518  58.025  0.622755  3.1564  1.88248  -11.7201  -6.62622  -0.741623  5.57782  19.5955  1.50488  -3.71451  
0.300764  -0.201697  2.43104  -0.380219  9.8069  -1.15337  42.183  36.5592  -7.83314  -29.4035  -1.19551  0.150086  0.824875  -5.20572  73.7502  0.743098  1.71575  1.87538  -8.97472  -4.13919  -0.805079  7.56964  17.3997  -0.561114  0.554029  
0.402289  -0.7634  2.45431  1.57662  10.4856  1.12118  76.9568  32.6556  -5.45544  -33.6503  -9.00745  0.141071  -11.8599  -1.66393  44.3121  0.733353  -3.97228  -1.06615  6.3001  0.104505  -0.657518  3.61032  14.0007  -0.763932  4.5734  
0.438735  -0.666503  1.88476  2.27582  9.07877  2.82872  66.2456  18.6851  -1.95159  -23.2198  -10.0258  0.265244  -14.5846  1.4158  -6.63734  0.377601  -5.67038  -3.55181  19.9956  4.19539  -0.176217  -3.52612  11.6095  0.894154  5.93849  
0.534309  0.78429  1.18265  1.48796  6.14976  5.95147  25.0405  4.5331  1.76917  1.24271  -3.15543  0.618365  -1.13869  0.881084  -36.9746  -0.218521  0.373731  -3.10067  17.7049  6.28518  0.38222  -6.85126  7.61259  2.69674  4.76972  
0.775591  3.34434  0.940327  0.591043  2.13286  8.68056  -8.86485  -2.60122  4.85061  27.0889  6.57062  1.07825  17.3352  -1.99436  -28.5163  -0.546291  9.19429  -0.467593  1.11172  3.8938  0.651153  -3.10758  -2.65776  2.66914  3.34106  
1.05957  5.64312  1.31083  0.694977  -2.59922  7.81605  -16.0598  -5.85325  6.92955  38.6182  13.7755  1.34144  23.5134  -2.51115  -1.69348  -0.182143  12.3352  2.00332  -12.1271  -4.09973  0.537442  3.31951  -17.5056  0.493257  3.12928  
1.14054  6.11832  1.71097  1.16306  -6.81006  3.8304  -13.6414  -11.9107  7.84803  31.1774  16.2617  1.18028  12.0292  1.86265  11.9558  0.704522  6.33182  3.25758  -7.6421  -14.2835  0.262943  5.45002  -26.4938  -2.18038  3.06324  
0.848591  4.48074  1.28281  0.671544  -8.4623  0.977602  -29.5585  -19.322  7.34438  14.7688  14.8012  0.640131  -5.94665  7.65118  4.47438  1.42026  -4.09228  3.96125  8.87412  -19.656  0.034843  1.5447  -20.578  -3.39418  1.22636  
0.236863  2.14139  -0.24997  -0.848806  -6.42612  1.87208  -64.8473  -18.7241  5.51005  3.28266  11.48  -0.0382293  -14.9906  8.40288  -6.51759  1.32777  -10.5547  4.54235  18.3638  -15.5173  -0.180973  -3.63435  -4.70281  -2.68374  -2.2479  
-0.466012  0.931346  -2.21046  -2.11636  -1.98883  4.13553  -86.0369  -5.72863  3.31978  1.49762  8.19262  -0.630092  -9.682  1.9484  -5.24775  0.383104  -8.40209  3.99046  11.2309  -4.72949  -0.544683  -4.94548  4.39249  -1.09172  -4.96015  
-1.00648  1.35922  -3.51992  -2.26267  1.83982  3.96376  -57.181  10.4477  2.02874  3.57647  5.06706  -1.01375  3.26724  -6.53123  2.47266  -0.841937  -0.329777  1.32355  -1.97008  4.1656  -1.03001  -2.47999  -3.7493  0.243509  -4.94501  
-1.21185  2.24811  -3.6807  -1.67542  2.74777  1.35327  19.9621  15.7503  1.82225  2.21217  0.276473  -1.10214  13.8156  -9.73153  0.472277  -1.60828  6.48042  -2.41974  -4.72135  4.70974  -1.38723  -0.386639  -19.5308  1.03848  -2.80553  
-1.03988  2.07216  -3.0779  -0.912032  0.825025  -0.538905  96.6862  7.40805  1.54034  -3.5088  -7.29657  -0.836217  17.3563  -5.82505  -14.0271  -1.56144  7.02024  -4.59184  4.89066  -1.62852  -1.40221  -1.24315  -22.3241  1.41649  -0.721556  
-0.626423  0.499201  -2.35949  0.208998  -1.98731  -0.647815  114.906  -3.41018  0.156644  -8.92198  -14.8078  -0.325546  16.0544  0.130359  -25.9556  -0.966876  2.75681  -3.54927  13.345  -7.70005  -1.18059  -3.13211  -3.60594  1.17714  0.084185  
-0.249462  -1.45012  -1.69972  1.77109  -3.78996  -1.56239  60.5768  -6.14749  -1.71716  -10.1905  -16.4694  0.0975482  14.3182  2.2269  -21.9662  -0.415533  -0.467934  -0.417164  10.0784  -8.29909  -1.07221  -2.48394  22.6703  0.116391  0.260436  
-0.124129  -2.48733  -0.843921  2.72922  -4.01012  -4.70805  -19.2558  -3.45816  -2.29471  -8.1185  -9.54175  0.11837  13.6779  -0.260647  -7.26299  -0.218605  1.18858  2.05378  0.197436  -4.80158  -1.26148  1.26808  35.4513  -1.13565  0.921089  
-0.174737  -2.1433  0.213341  1.87949  -3.30255  -6.55098  -57.4452  -5.40335  -0.608632  -6.46855  1.16409  -0.219192  11.321  -3.37003  1.87495  -0.0786739  5.53506  2.19061  -3.81218  -2.33594  -1.45389  4.90207  29.4585  -1.3894  2.07286  
-0.0857753  -0.918326  0.970018  -0.220982  -2.73994  -2.64439  -30.7957  -13.414  2.32841  -8.10296  6.73716  -0.488138  3.3711  -3.66565  -0.89012  0.496433  6.99669  0.742098  1.11681  -3.50209  -1.03044  5.22862  18.7234  -0.401461  2.7634  
0.340985  0.300193  1.01536  -1.33084  -3.09198  5.30851  20.1534  -16.7535  4.49613  -13.0381  2.72701  -0.268292  -10.0614  -1.54897  -4.68393  1.44337  2.63468  -0.369637  5.47686  -6.15626  0.333078  2.7778  17.5457  0.355549  2.23366  
0.911192  0.917157  0.707145  -0.0928497  -4.39298  9.85762  39.9611  -6.8922  4.70283  -19.5652  -6.40253  0.439057  -22.9686  0.543893  2.85379  1.98768  -4.98946  -0.20889  0.427387  -7.18506  2.1742  0.940779  23.3444  -0.787226  0.570564  
1.19916  0.960809  0.871873  2.09613  -5.81897  6.5729  20.0111  9.3341  3.34371  -25.9636  -11.8668  1.20898  -27.744  1.46951  17.3343  1.42587  -10.8651  0.445416  -10.2701  -6.60577  3.43222  1.59146  21.7968  -3.29636  -1.52726  
1.0018  0.975528  1.73832  2.4678  -6.00348  -0.00294166  1.79048  16.4555  1.63176  -30.4297  -8.98839  1.59311  -21.8034  1.90697  20.7705  0.0139632  -12.4139  0.242478  -14.4014  -6.38278  3.31927  2.67467  5.99392  -4.24183  -3.22894  
0.56376  1.49104  2.50628  0.0926256  -3.86939  -1.67502  18.0159  9.27086  0.481167  -29.5365  -0.760956  1.4917  -9.30437  2.46514  3.95542  -1.16332  -10.7825  -1.17241  -5.85458  -6.13493  2.07343  0.875041  -14.4691  -1.19069  -3.9136  
0.315258  2.40879  2.22485  -2.94851  0.362772  3.1392  46.1601  -0.389336  0.0244393  -18.4623  5.99183  1.1725  3.2652  2.58649  -19.1034  -1.29173  -8.00078  -2.84482  8.06726  -2.80276  0.781839  -3.85526  -24.4981  4.75033  -3.49171  
0.429801  2.93585  0.946605  -3.70972  4.8951  7.47171  35.1221  1.69628  -0.231225  4.20025  7.02441  0.973727  11.9458  1.64397  -23.887  -0.637691  -4.21995  -3.42642  14.5935  4.58938  0.361358  -7.62468  -19.7488  9.373  -2.47647  
0.703344  2.35915  -0.291521  -1.3721  7.32444  4.88902  -28.177  14.3691  -0.947603  30.9119  3.63434  1.01564  15.4764  0.212497  -2.9932  -0.109736  1.60529  -2.22406  9.18011  11.5981  0.734435  -6.82642  -8.8947  9.14504  -1.4311  
0.836794  0.94591  -0.636882  1.98688  6.39125  -2.07572  -96.8603  22.4272  -2.38947  47.2704  0.401931  1.14025  13.1444  -0.427346  23.1285  -0.108314  8.69104  0.424398  -0.200729  12.3367  1.07248  -2.25458  -1.37933  4.3694  -0.187331  
0.750296  -0.125902  -0.248765  3.46017  3.24692  -4.98563  -114.688  15.4542  -4.05634  43.6995  0.66952  1.0893  5.2943  0.106363  26.2861  -0.10565  13.4091  3.37374  -1.88907  6.80386  0.761246  1.77613  2.84124  -1.46382  1.94155  
0.586657  0.0287932  0.12885  1.98115  0.889906  -0.260057  -77.8915  0.624006  -4.91608  26.1003  3.64036  0.746567  -3.98851  0.774685  0.085674  0.549601  12.0043  5.15779  7.34383  1.83388  -0.0104443  2.15646  9.80256  -5.05418  4.89766  
0.477367  0.962918  0.172094  -0.723261  1.69383  5.91129  -32.6995  -5.70096  -4.19226  11.085  5.56223  0.242109  -7.91422  0.538243  -33.7245  1.65209  4.52543  4.67559  19.3166  3.1471  -0.688437  -0.111095  20.4928  -5.65423  7.05041  
0.373893  1.28972  0.172314  -1.7787  4.98698  4.72374  -17.2403  3.27614  -1.9878  8.05506  3.69774  -0.178786  -3.28683  -0.254913  -48.2999  2.20999  -4.53279  2.16895  22.8468  8.13042  -1.1102  -1.89433  27.3672  -4.48866  6.25781  
0.1192  0.178729  0.319537  -0.0382026  7.22468  -4.56871  -20.6202  18.232  0.87506  8.21644  -0.876504  -0.392593  4.821  -0.331283  -37.0635  1.51258  -10.1154  -0.421269  14.4002  8.71783  -1.60987  -1.85994  22.6938  -2.77139  1.97271  
-0.347492  -1.74077  0.304356  2.50326  5.17648  -13.0293  -5.32407  25.4889  3.43084  -3.90427  -4.77922  -0.498424  6.79302  0.953685  -14.7349  -0.058484  -10.7703  -0.764474  0.394931  1.27066  -2.33458  -1.44515  7.98932  -0.823883  -3.84681  
-0.8915  -3.10406  -0.194662  2.53815  -0.710385  -11.4246  39.6763  21.2633  4.99383  -27.9185  -6.35292  -0.679211  -1.80663  2.71017  2.34141  -1.39985  -8.64329  1.35856  -10.101  -8.67941  -2.7938  -2.24187  -7.01005  1.2658  -8.15668  
-1.27082  -3.34185  -0.839092  -0.780338  -6.2146  -0.162147  82.5952  12.1325  5.26821  -42.9477  -7.2106  -0.980875  -14.6916  3.18887  10.7749  -1.7719  -5.7557  3.07738  -14.1739  -12.5425  -2.29259  -3.61928  -14.3756  2.87961  -9.2011  
-1.31888  -3.16515  -0.836293  -4.49123  -7.03491  10.8937  84.4975  4.23121  4.47495  -30.3537  -9.20185  -1.2511  -20.2423  1.5003  15.7304  -1.38392  -1.83717  1.0441  -16.4288  -8.03918  -0.789976  -3.52626  -14.4314  3.13641  -7.42995  
-1.05151  -3.44452  0.156433  -4.83078  -2.8873  12.2016  42.6081  -3.17393  3.39934  1.3602  -11.0358  -1.2896  -12.9905  -1.33628  19.0947  -0.94245  3.32557  -4.48787  -22.0218  -0.846235  0.898622  -1.06425  -11.7187  1.76611  -4.37344  
-0.614271  -3.7854  1.5542  -1.50038  2.08252  3.59071  -6.73234  -12.6631  2.962  21.9874  -9.51344  -1.02062  0.649789  -3.08906  17.4558  -0.824647  7.01099  -8.89113  -29.4626  2.48678  1.88578  2.54891  -7.43818  -0.438438  -1.05453  
-0.125294  -2.65982  2.3909  2.1037  3.2019  -6.17646  -25.1836  -21.2463  3.36681  13.0559  -4.21654  -0.519721  8.78507  -2.04533  9.83407  -0.763252  5.62525  -7.57242  -31.0908  1.23988  2.06199  5.36248  0.926884  -2.04757  2.26739  
0.411335  0.808431  2.2231  2.85209  -0.164408  -8.1306  -6.14185  -22.0396  3.74177  -9.4295  0.89694  0.0715464  6.32536  1.53402  1.36546  -0.241876  0.0114152  -1.13468  -20.7758  -0.283772  2.0622  6.37089  12.9759  -1.97445  5.23321  
1.01308  5.31705  1.34881  1.21028  -3.99729  -1.256  23.096  -12.9561  2.9448  -12.3247  1.75186  0.609852  -0.102473  5.31066  -2.81597  0.91752  -3.77336  4.81752  -1.09021  1.4824  2.372  5.78079  21.3887  -0.337599  6.94084  
1.56224  8.08786  0.327088  0.0159243  -3.70424  7.36335  28.1179  -0.437568  0.811743  15.3262  -0.904622  0.967127  -0.257065  6.48937  -4.23517  2.31793  -1.29698  5.46484  17.3194  5.75384  2.7273  4.4026  17.4084  1.46804  6.67062  
1.78351  7.37342  -0.492021  0.737929  1.11148  9.64901  -1.79384  7.00619  -1.50559  47.9196  -2.3106  1.05965  7.77103  4.22269  -8.80333  3.15308  4.05173  1.71494  24.1288  8.78188  2.48514  3.13202  0.150633  1.78089  4.9177  
1.45527  4.21928  -0.940083  2.00334  6.12579  3.55165  -44.2083  7.39574  -2.55259  52.5719  0.625949  0.917133  15.4077  0.614558  -18.5603  2.67368  4.5555  -1.40752  17.9911  7.5144  1.52479  2.52611  -21.0645  0.124201  3.22953  
0.652599  1.47159  -0.826055  1.70168  6.63385  -6.06043  -62.1974  5.35237  -1.9583  27.3482  5.90744  0.664232  13.763  -0.952423  -27.7636  0.79656  -1.62998  -0.779539  6.98837  2.02505  0.488567  2.26954  -34.2284  -2.24424  2.70906  
-0.25013  0.944433  -0.0233809  -0.495138  2.19931  -12.1317  -40.1568  4.63309  -0.748994  2.72778  9.03894  0.387679  3.7319  0.748598  -27.3973  -1.55987  -7.0358  1.60362  0.365624  -4.58844  0.0643016  1.27311  -34.0011  -3.38721  2.7893  
-0.874497  1.74733  1.22289  -3.07457  -3.28711  -10.6791  -6.074  3.31319  -0.308862  4.61451  7.76494  0.012888  -5.83099  3.075  -13.1113  -2.93779  -4.09596  1.70064  0.00246819  -8.46834  0.170411  -1.10854  -24.1654  -2.365  1.84905  
-1.12733  1.5412  2.23797  -4.35631  -5.84673  -2.64562  -9.82568  -2.28289  -1.00103  23.907  3.46362  -0.600043  -8.65535  2.11989  10.2628  -2.49244  4.31076  -1.39539  0.593827  -7.93066  0.0566967  -3.91216  -12.7945  0.120599  -0.928517  
-1.19375  -0.74967  2.33959  -3.71525  -4.95291  7.42586  -69.4745  -11.0849  -1.80738  29.1321  -1.26824  -1.41303  -6.77282  -2.6878  30.5285  -0.811041  7.11632  -4.44029  -2.3442  -4.7505  -0.786794  -5.2018  -5.80113  2.55984  -4.45389  
-1.26202  -3.78156  1.38538  -1.62281  -2.72848  13.8654  -137.13  -17.066  -1.27236  5.17223  -4.77587  -2.10691  -5.42915  -7.13777  35.5467  0.590544  -1.52235  -3.96872  -6.09696  -2.10038  -2.03424  -4.25234  -3.94154  3.84715  -6.76485  
-1.29449  -5.32352  -0.134022  0.740407  -0.61488  12.6846  -134.741  -15.7469  1.12056  -28.7564  -6.40212  -2.29176  -6.04717  -6.37852  22.1535  0.751703  -14.2815  -0.194271  -3.76025  -1.00368  -2.90018  -2.46019  -3.63581  3.72628  -6.90953  
-1.08363  -4.55663  -1.46796  2.07143  1.84426  4.42366  -36.5624  -9.00614  4.45898  -42.0583  -6.02451  -1.84485  -6.65196  -0.538314  -0.133721  0.193547  -18.5737  3.38205  6.74637  0.355287  -2.99858  -1.66987  -0.66526  2.51927  -5.49191  
-0.51303  -2.57502  -2.06782  1.93827  4.93843  -5.08668  91.1253  -2.58208  7.02601  -27.37  -4.57563  -1.01956  -7.14334  4.79643  -15.8975  0.212934  -10.7467  3.75815  18.7327  3.39153  -2.61981  -2.00102  5.71959  0.822955  -3.42022  
0.241118  -0.814254  -1.83318  1.29012  7.14133  -8.54313  147.324  0.061099  7.39349  -6.27353  -4.00913  -0.218612  -9.80694  4.27913  -16.8333  1.26099  0.48595  1.31275  22.8832  6.26584  -2.25004  -2.07391  11.5151  -0.635938  -0.848613  
0.791175  0.430759  -1.05827  1.51855  6.91528  -3.76753  100.793  0.317229  5.07975  -2.61876  -5.30023  0.319306  -14.1484  -1.48832  -8.66393  2.28167  5.00377  -0.855382  16.6469  5.61642  -1.97319  -1.14966  11.5293  -1.28933  2.13187  
0.836774  1.7425  -0.257978  2.61182  5.43447  3.41684  21.2183  1.75565  0.707117  -16.834  -6.44623  0.604696  -15.1038  -6.50662  -4.57046  1.84022  2.49618  -0.145547  6.49517  0.927486  -1.50215  -0.0482145  5.49687  -0.996348  4.416  
0.436586  3.22006  0.117673  3.05786  5.71403  4.46445  -1.16763  6.17768  -4.19924  -29.3687  -3.85604  0.740202  -8.97863  -5.89955  -11.3494  -0.158658  0.684734  2.8749  1.1022  -4.24182  -0.657402  0.344973  0.208621  0.00943592  4.46631  
-0.0174581  3.97455  -0.0499539  1.77316  8.36548  -2.69911  45.1445  12.4575  -7.75151  -24.9954  3.53583  0.772862  0.661632  -1.01734  -22.8767  -2.14691  4.33655  4.89212  2.9803  -5.9807  0.336153  0.51344  3.57398  1.33308  2.19702  
-0.133954  3.13667  -0.46328  -0.270785  9.55676  -10.5237  90.3628  18.0239  -8.70051  -8.3497  11.9374  0.715933  6.25644  2.66949  -26.8379  -2.43082  9.66007  3.01218  6.81875  -3.95016  1.06385  1.36599  15.5039  2.40319  -0.471918  
0.116599  1.13053  -0.738464  -1.25386  4.88165  -9.2473  76.107  20.9445  -7.16996  4.35465  15.1366  0.636257  5.22271  1.81548  -17.064  -0.956417  9.81607  -2.16244  5.69178  -0.735081  1.31889  2.45257  26.0946  2.42462  -1.61093  
0.395803  -0.492344  -0.849038  -0.716873  -4.86916  2.21683  20.4778  21.0774  -4.29244  4.12461  9.52624  0.637733  2.75648  -1.42682  1.23636  0.63198  3.64701  -6.74935  -1.54604  1.85505  1.22534  2.40172  24.755  0.881512  -1.53391  
0.394754  -0.592155  -1.0339  0.145974  -13.1981  13.9673  -18.4564  19.8438  -1.04327  -2.8797  -2.96112  0.745201  4.60662  -2.30864  16.777  0.779392  -3.46416  -7.17838  -8.76612  4.10622  1.07483  1.3153  12.0096  -1.67355  -2.27757  
0.209251  0.30393  -1.20333  0.450811  -14.0271  14.7061  -21.4658  18.3775  2.30423  -4.17363  -15.8571  0.84617  9.48989  1.03476  21.673  -0.281862  -6.20125  -3.54318  -8.83711  5.98794  1.06824  1.30113  -0.101762  -3.66175  -4.63578  
0.239337  0.600763  -0.696431  0.815669  -7.79781  3.57223  -23.055  15.8358  5.38616  5.11341  -21.8727  0.787809  10.9322  5.6649  16.5297  -0.799595  -4.74141  0.893036  -1.99551  5.4563  1.19256  3.47765  -0.62836  -3.81195  -6.5515  
0.68088  -0.466107  0.962831  2.05527  -0.750638  -8.40182  -49.4851  9.91055  6.88955  17.2193  -17.172  0.508382  5.5117  7.31421  8.07208  0.533742  -2.95434  3.38784  2.93766  0.736757  1.26196  5.22177  7.856  -2.44012  -5.1994  
1.19544  -1.73764  3.06443  3.44507  1.58002  -9.31321  -77.9518  -0.208307  5.41918  19.6196  -4.17375  0.0657206  -3.26975  4.76651  2.34072  3.01189  -2.99207  4.10869  -2.02235  -6.20941  1.11084  2.37932  12.0939  -1.02761  -0.357825  
1.19222  -1.29408  3.89319  3.46532  -0.672606  1.31606  -73.9753  -11.9607  1.43466  7.64986  9.40862  -0.430307  -9.48998  0.53488  -0.438296  4.44445  -3.15526  4.58379  -13.2062  -10.2292  0.760424  -5.14035  3.63903  -0.431969  4.93646  
0.46428  1.19863  2.28608  2.0238  -3.11184  11.9917  -45.8711  -21.0301  -2.39049  -10.0325  16.0375  -0.858067  -10.3803  -2.17471  -4.68643  3.29816  -0.80794  4.8222  -17.1568  -7.78399  0.398686  -11.4276  -10.6447  0.100105  7.19767  
-0.55367  3.63603  -1.01514  0.816669  -2.33958  11.3318  -33.9009  -24.989  -3.50516  -18.7398  14.4836  -1.08889  -5.92305  -2.53701  -13.0481  0.2018  3.55033  3.24455  -6.19598  -0.654875  0.141326  -10.1167  -15.6184  1.82119  5.65565  
-1.21086  3.44603  -3.85871  0.943151  0.914601  0.0591524  -47.2919  -24.3005  -1.91939  -11.9471  10.7108  -1.03515  4.40021  -2.00444  -21.6847  -2.67562  6.07013  -0.599865  9.92369  5.62503  -0.177312  -1.86223  -4.18148  4.56837  2.43529  
-1.27203  0.454832  -4.62041  1.02403  3.41847  -10.0084  -45.9525  -19.9212  0.137883  2.21453  11.5512  -0.755503  20.2658  -1.96897  -23.303  -3.61774  3.427  -4.6281  12.5578  6.84648  -0.884909  5.58498  15.9658  6.39893  0.116453  
-1.05701  -2.63725  -3.50679  -0.988966  2.97329  -8.91492  1.18107  -11.23  0.879609  10.0472  17.161  -0.474611  35.9024  -2.35599  -15.4846  -2.71121  -3.48642  -6.2653  -3.76922  3.35509  -2.07329  5.55806  31.4635  5.4307  -0.481868  
-0.980271  -3.00576  -1.91213  -4.4561  0.0726423  0.89349  62.7065  2.29902  0.511651  7.61996  20.4261  -0.404884  40.6415  -2.25118  -4.50335  -1.38649  -9.80694  -5.12838  -21.7628  -1.14561  -3.34737  -0.193021  36.0848  2.02864  -0.346674  
-1.07379  -0.672854  -0.791608  -5.97565  -3.11454  8.19255  73.1092  17.7481  0.0691864  4.87447  14.3996  -0.5226  27.9239  -1.15217  0.910609  -0.881761  -10.6646  -2.88352  -18.5999  -3.36662  -4.07455  -3.79026  32.716  -1.01337  -0.749721  
-1.01566  1.68805  0.054067  -3.39229  -4.61066  6.17345  13.9992  28.6393  -0.38268  12.9228  -0.0181315  -0.573152  3.67961  0.574645  -0.545142  -1.18919  -5.22346  -0.895744  7.57574  -2.91248  -3.86974  -0.555801  25.2236  -0.769841  -1.92966  
-0.574053  1.9332  1.17264  0.994241  -3.68424  -0.443936  -60.0295  29.2908  -1.50338  29.303  -14.4688  -0.352659  -16.981  2.11066  -1.84686  -1.3689  2.61894  0.740768  33.0716  -1.53015  -2.82558  5.64514  13.4478  3.04518  -2.91493  
0.113033  0.736665  2.39483  2.74871  -0.843394  -2.24623  -80.6896  19.331  -3.03987  39.4856  -20.9861  0.0484957  -22.8166  2.64498  3.13526  -0.645671  7.61035  1.90542  32.87  -0.332537  -1.27978  7.34033  -2.71977  7.4375  -2.41602  
0.71196  0.241656  2.90678  0.579544  2.64599  3.22495  -35.3765  4.36159  -3.47108  33.1769  -18.8848  0.350173  -15.6304  1.74955  11.0612  0.824945  7.55873  1.67981  6.85136  1.47105  0.492333  2.52563  -17.8268  8.57729  -0.0400326  
1.05548  0.938504  2.31603  -1.95082  5.32407  9.18439  34.1236  -8.19562  -1.7991  15.8503  -13.8607  0.433926  -6.26248  -0.0913163  12.8076  2.12746  4.78652  -0.254149  -20.7973  4.6476  2.30379  -3.03947  -23.2101  5.32799  3.13502  
1.22478  0.88218  1.21408  -0.852161  6.1791  8.45246  89.4604  -14.2227  0.833284  1.87516  -11.3237  0.506315  -3.05285  -1.4695  4.97619  2.39156  2.82298  -2.17523  -26.8883  7.25321  3.83894  -2.89792  -14.951  0.317486  5.17305  
1.30607  -1.76049  0.488337  3.35763  5.11122  1.55085  128.476  -15.3469  2.04452  -1.80868  -11.1708  0.839943  -5.78822  -0.968476  -4.75858  1.44385  2.30625  -1.75557  -10.7367  5.4962  4.63336  2.52435  1.58835  -2.84555  4.69925  
1.20139  -6.0598  0.286667  6.25026  2.87453  -5.25063  162.713  -15.9767  0.833493  -1.55135  -8.81747  1.37713  -9.7767  1.24948  -6.04019  -0.113959  0.659537  0.997212  9.27051  -1.84304  4.35776  6.85276  15.8073  -3.37168  1.91858  
0.778951  -8.96035  -0.0251487  4.89065  0.471556  -7.73994  180.925  -17.7515  -1.16358  -6.76067  -0.588202  1.68961  -12.3105  2.99298  1.5052  -1.33202  -3.76696  3.30189  16.1037  -10.6691  3.11211  5.51382  19.7325  -3.71883  -1.63749  
0.144138  -8.3203  -0.846484  1.09329  -1.52345  -7.00246  153.779  -16.7533  -1.38052  -17.5857  12.0152  1.39575  -13.5281  1.88593  6.1474  -1.53908  -8.08163  2.66835  8.00351  -14.8993  1.35703  0.692618  13.1936  -6.01573  -4.32104  
-0.376063  -4.74086  -1.66878  -1.20017  -3.18941  -5.79144  74.9697  -7.80758  0.838183  -25.0985  22.7937  0.580808  -13.17  -1.99097  -3.66361  -0.815404  -6.67996  -0.207266  -4.9938  -12.8142  -0.374624  -1.98641  2.68529  -8.79401  -5.35614  
-0.569506  -0.382402  -1.70601  -0.571103  -4.89903  -4.88147  -18.8793  7.77165  3.4506  -22.1499  25.3423  -0.258785  -9.54612  -5.67445  -25.0762  0.0113589  2.42955  -2.30539  -12.9881  -8.53603  -1.69336  -0.262615  -3.92621  -8.3645  -4.82288  
-0.570653  3.21319  -1.02818  1.11069  -6.74213  -3.87314  -76.6067  20.3002  3.94086  -11.2234  17.6953  -0.695143  -2.28178  -5.8779  -40.234  -0.00325574  13.5834  -1.61048  -13.0505  -6.15591  -2.36396  2.63426  -3.56919  -3.47658  -3.1624  
-0.659929  5.70148  -0.56984  1.78848  -8.15343  -3.25013  -81.1939  20.3455  2.1467  -1.15932  3.71506  -0.750649  6.08096  -2.26049  -32.1623  -0.999302  17.516  1.16585  -7.85404  -3.91205  -2.29618  2.32299  -0.491057  2.56845  -0.931512  
-0.86959  6.99086  -0.853114  1.57142  -8.10981  -3.60126  -67.2053  9.23907  0.482109  2.43442  -9.68516  -0.773431  12.5747  2.08255  -2.82151  -2.02236  10.3898  3.98046  -1.85748  3.52352  -1.62693  -1.78703  -2.74455  5.32154  1.11525  
-0.893634  6.75394  -1.12302  1.49819  -5.87493  -3.96307  -83.684  -0.875806  1.13531  1.85983  -17.0723  -0.971391  16.7569  3.66833  25.2015  -1.81847  -1.64025  5.5707  1.00411  16.7754  -0.704999  -6.18995  -14.6072  4.11328  2.1943  
-0.444382  4.99432  -0.260739  1.3398  -1.79367  -2.94979  -137.891  0.866718  3.24393  3.06654  -17.409  -1.1464  19.8597  1.92167  28.4619  -0.0864353  -8.30225  5.84373  -0.962517  28.1764  0.164546  -6.79633  -31.8609  2.35425  2.15584  
0.349033  2.48878  1.51907  0.0647012  2.6217  -1.10861  -177.827  12.5331  3.49407  8.16748  -13.2984  -0.931329  21.7703  -0.682813  6.6463  2.05338  -5.97075  4.94713  -4.96688  28.2972  0.950297  -2.29651  -44.6169  2.86396  1.81577  
0.974003  0.239774  2.45722  -2.06127  5.7049  -0.226797  -140.286  21.1343  -0.215356  13.2779  -7.66545  -0.258237  20.5915  -1.40333  -13.7402  2.97852  -0.991484  2.86514  -4.57881  15.881  1.73197  5.02921  -45.2691  4.29233  2.15197  
0.976163  -1.21457  1.08988  -3.13432  6.90088  -0.204258  -22.6162  15.5941  -6.10289  13.7937  -1.39981  0.479374  15.4728  0.140737  -3.63139  1.98562  -1.34828  -0.108743  4.50173  -0.315492  2.32178  10.4187  -34.0459  3.2952  3.05174  
0.368917  -1.81365  -1.86911  -1.83296  6.99408  1.08921  101.267  -2.40743  -9.99235  10.2047  6.02847  0.776577  8.36554  2.15137  38.2882  -0.141225  -6.49221  -3.09019  18.6509  -9.69764  2.24353  9.16642  -17.7259  -0.474853  3.17166  
-0.384793  -1.63652  -3.89471  0.794351  6.99137  3.9952  146.231  -20.1994  -9.28918  6.93599  14.138  0.518663  1.95327  3.05193  79.6025  -1.93124  -8.0739  -5.1507  27.8889  -9.10824  1.25152  0.15887  -3.65099  -3.29098  1.44486  
-0.754215  -1.04893  -3.01276  2.42786  6.85735  5.13289  100.092  -25.5364  -4.99406  5.7245  20.431  0.106359  -3.08603  2.89874  81.8736  -2.46594  -1.01555  -5.87174  24.6828  -3.99641  -0.203803  -11.9757  4.76034  -1.87042  -1.36043  
-0.542227  -1.0196  0.340955  1.95071  5.55793  1.3003  30.542  -16.6365  0.101097  2.64561  21.8511  0.0612533  -7.19628  2.33143  35.7732  -1.91578  9.03201  -5.24563  10.9199  -1.88106  -1.23309  -19.4083  8.16979  2.32143  -3.12839  
0.0093445  -2.58282  3.80225  0.350606  2.42791  -5.65738  3.377  -3.09343  4.2026  -5.96195  17.1177  0.503083  -9.06039  1.14947  -29.4766  -1.07458  11.6545  -3.42478  -4.11666  -5.32809  -1.31238  -17.4161  8.87186  4.63836  -2.65267  
0.445089  -5.67789  5.20914  -0.724144  -1.59785  -10.0956  7.81334  2.36919  6.83001  -15.8921  7.4273  1.00452  -5.81989  -1.30449  -71.2172  -0.518309  3.93371  -0.891803  -12.4605  -10.6316  -0.735648  -8.56215  8.91853  2.78044  -1.00512  
0.458715  -8.78776  4.24265  -0.551854  -4.31953  -8.72581  -19.4006  -5.3495  7.27348  -17.3047  -4.338  0.969674  2.56892  -4.43944  -68.1887  -0.1907  -6.19723  1.20433  -13.7034  -12.3247  -0.18879  0.072303  9.61918  -0.741947  -0.309134  
0.104234  -10.0633  2.30621  0.454589  -4.01599  -3.81618  -97.7386  -18.7732  4.33739  -6.2484  -14.7138  0.186951  10.7104  -6.0944  -33.9654  0.336439  -9.42798  1.60353  -13.4106  -8.76644  -0.00752757  3.61856  11.7111  -2.18518  -1.30818  
-0.312728  -8.88116  1.07141  1.38569  -1.05842  0.150707  -158.581  -24.0174  -1.74035  8.59319  -20.614  -0.952929  11.7983  -4.62128  -0.42389  1.24791  -4.99814  0.204925  -16.3704  -3.37599  0.0433315  2.81779  14.7832  -1.336  -2.65316  
-0.552796  -6.30405  1.11442  1.3185  2.02837  1.29295  -116.808  -13.7001  -7.98761  14.3054  -20.687  -1.76278  4.40621  -1.11524  10.4783  2.08403  0.798566  -1.39829  -21.5563  -0.394313  0.275853  1.40042  16.7348  -1.26515  -2.76978  
-0.624823  -4.05431  1.64681  -0.255104  2.33645  0.705621  22.7643  5.14576  -10.5055  8.61699  -16.4864  -1.80117  -6.05573  1.32284  1.42023  2.05053  3.71649  -1.20745  -23.0476  0.259516  0.62688  1.65892  14.6374  -3.61744  -1.79071  
-0.649985  -2.99369  1.42661  -2.75759  -0.962249  -0.277287  157.301  17.2757  -7.87997  2.82265  -11.3211  -1.16936  -13.1253  0.941233  -8.56345  0.84815  5.33107  1.14581  -16.1501  2.8415  0.752843  3.26989  7.90094  -5.87273  -1.01183  
-0.616621  -2.28544  -0.0556559  -4.48902  -5.46437  -1.16911  195.13  14.3299  -2.36386  8.06002  -6.79696  -0.337692  -15.5358  -0.502624  -4.37441  -0.829918  7.75454  3.83  -3.22041  9.76271  0.486945  5.07372  0.416943  -4.34083  -0.840363  
-0.362634  -0.0665124  -2.13939  -3.82163  -7.1839  -1.35691  151.611  3.18843  2.45574  21.4364  -0.863519  0.28872  -16.8606  0.265546  11.9099  -1.80413  9.02003  4.63724  7.24235  16.5759  0.0367579  6.33615  -1.73837  0.939769  -0.17874  
0.183846  4.61252  -3.5768  -0.671837  -4.11224  -0.160335  114.671  -2.07481  4.76805  29.2835  9.0834  0.6546  -19.6992  4.02604  25.1159  -1.52856  6.27513  3.37654  8.55291  15.3112  -0.272844  6.3228  3.76109  5.70632  1.78617  
0.826636  10.1226  -3.50037  3.14583  1.65132  1.65446  124.877  4.90247  5.2156  23.0386  20.7689  0.968624  -21.6569  7.56512  22.4805  -0.614693  1.22182  2.01331  3.16021  4.07755  -0.340649  4.40547  12.1481  6.08216  4.0242  
1.25301  12.9638  -1.90459  5.2055  5.73614  2.10844  123.124  17.5238  5.11443  8.23058  26.5116  1.40877  -17.6193  6.87221  5.52335  -0.127188  -1.3033  2.21874  0.191616  -8.21079  -0.311957  1.39621  15.4556  2.68691  4.63197  
1.36367  10.9472  0.540843  4.29739  5.78833  0.767623  33.0307  24.9846  4.79111  -3.74395  20.0846  1.93988  -5.58155  1.89679  -12.262  -0.39964  -0.190709  3.14876  4.89843  -9.27965  -0.295335  -0.301657  10.4474  -0.46111  3.15289  
1.38209  5.7729  2.84362  1.33796  3.5649  -0.0806406  -126.413  23.7234  3.75798  -9.61987  4.21821  2.38135  10.2571  -2.80862  -18.0237  -0.695879  0.081509  2.4245  12.2222  3.72273  -0.155759  0.846676  1.5654  -0.467522  1.23171  
1.57855  1.69425  3.96783  -1.25438  2.3985  1.71787  -240.904  18.4611  1.96035  -16.545  -10.5199  2.57121  22.0282  -2.93541  -9.54729  -0.108818  -4.09163  -0.653492  13.103  20.1658  0.346127  3.09127  -4.58157  1.94213  0.768082  
1.90748  1.12279  3.31517  -1.4697  3.11577  4.83359  -220.897  14.3624  0.275156  -30.4255  -15.1748  2.41801  24.1364  0.559376  5.79421  1.37459  -9.4277  -3.61787  5.88843  25.8437  1.15176  2.66909  -6.76167  4.20021  1.86582  
1.95575  2.14314  1.28831  0.541908  3.3426  5.59104  -100.569  11.0777  -0.293514  -45.7093  -10.3502  1.83752  17.5831  2.20957  18.958  2.75628  -9.02075  -3.32779  -2.08969  16.3698  1.73021  -2.10548  -9.70633  4.94569  2.99077  
1.30635  1.06153  -0.767649  2.48498  0.92925  2.44516  -1.98471  5.57704  0.333351  -49.7455  -3.99838  0.755409  8.79953  -1.96226  25.308  2.97607  -1.056  0.292933  -4.29893  0.151751  1.44755  -8.61638  -17.3885  4.65143  2.8306  
-0.036952  -2.93379  -1.61115  2.03932  -2.88621  -2.17456  -7.47116  -1.77016  1.20773  -36.388  -2.28933  -0.753575  3.8491  -9.65722  24.2891  1.84697  8.35798  3.74968  -2.50478  -10.9818  0.213015  -12.2571  -27.3181  3.99362  1.53462  
-1.57599  -6.6721  -1.21259  -0.870235  -4.52741  -5.00807  -83.136  -6.13925  1.19017  -12.7109  -3.88326  -2.34352  3.2096  -14.1709  17.1006  0.103824  11.3763  3.45707  -1.81132  -12.3984  -1.30688  -10.7154  -32.4281  2.76599  0.300978  
-2.67749  -6.87201  -0.658407  -4.01377  -2.00635  -5.61823  -126.277  -3.25229  -0.205163  8.44682  -3.35475  -3.51506  2.74889  -11.1028  6.46378  -1.31546  5.95479  -0.637782  -1.79925  -8.24421  -2.21651  -5.7431  -28.1557  0.58651  0.21814  
-3.03007  -4.13  -0.885723  -5.12081  2.95857  -5.72633  -73.7235  6.087  -2.59289  20.476  1.53835  -3.93143  -0.199593  -2.54143  -2.09587  -1.95813  -3.79808  -5.26946  2.36634  -4.88119  -2.18769  -1.01916  -16.7749  -2.1165  1.46656  
-2.79272  -2.08317  -1.71761  -3.96439  6.74667  -5.95047  42.8543  16.1702  -5.04935  26.0559  7.30805  -3.64669  -3.13639  5.32148  -1.58565  -1.96398  -12.8897  -7.18575  10.5626  -4.58082  -1.63146  1.05651  -4.69548  -4.34402  3.20482  
-2.33726  -2.95753  -2.26709  -2.10687  7.08014  -4.85116  137.477  20.4015  -6.52744  29.6125  9.1077  -3.00195  -2.04572  7.87415  11.0668  -1.71568  -18.8188  -5.81113  15.0484  -5.04546  -1.03984  0.629425  3.40186  -5.39517  3.90405  
-1.86434  -5.11685  -1.97744  -0.777259  4.31605  -1.47134  150.322  15.5354  -6.19905  30.6023  6.31145  -2.2861  2.33032  5.2123  29.9703  -1.48537  -20.5955  -2.8163  9.88009  -3.27677  -0.338887  -0.556936  7.41079  -5.01497  2.25456  
-1.26324  -5.35948  -0.95778  0.246179  0.389398  2.46101  90.7599  3.73154  -3.83325  25.9126  3.2575  -1.52286  4.44914  0.768622  41.6147  -1.2557  -17.0742  0.0381904  -0.693986  1.01031  0.921139  -0.821002  9.39365  -2.99026  -1.50657  
-0.347087  -2.8482  0.531333  1.5556  -2.76275  4.12432  14.2699  -8.61868  -0.0950248  16.711  4.74333  -0.611019  1.09993  -1.84942  34.8215  -0.774265  -8.30079  2.25025  -7.50839  5.10567  2.73228  0.422243  9.90873  0.628382  -5.22173  
0.807149  0.183426  2.3856  2.62178  -4.01293  2.91545  -33.5894  -15.3363  3.58753  9.20685  10.9781  0.37794  -3.63023  -0.9628  12.3038  0.212777  2.30485  4.10823  -8.49139  5.58397  4.26109  2.47195  7.68914  4.70248  -6.42038  
1.77683  1.24021  4.22935  2.30664  -3.2931  1.08814  -49.8217  -14.9329  5.71433  8.11501  16.8597  1.13096  -3.02426  2.41184  -7.89852  1.57121  9.03051  5.50437  -10.2012  1.24982  4.50249  3.89905  2.58582  7.1569  -4.53496  
2.08026  0.170352  5.08481  0.577739  -1.43661  0.889921  -59.2905  -10.7648  5.47007  11.9041  16.4225  1.36253  3.44678  5.1577  -6.56984  2.58901  8.32353  5.46392  -16.8518  -5.21737  3.27359  3.73039  -2.78532  6.70538  -1.36222  
1.56779  -1.379  3.97599  -1.11184  0.518111  1.92064  -76.7593  -5.63575  3.07807  15.5576  8.51397  1.10238  8.8153  4.18477  17.129  2.3702  2.01218  2.90396  -22.7815  -8.70556  1.43417  2.55557  -5.31632  4.37068  0.869972  
0.568447  -2.26545  1.07357  -1.40406  2.12282  1.90813  -86.7599  2.45691  -0.399373  15.7503  -1.73032  0.652375  6.91131  -0.445283  40.6144  0.719278  -4.05065  -1.91916  -19.9553  -6.0881  0.0812072  2.15443  -4.53331  2.6674  1.45728  
-0.355412  -2.78289  -2.02993  -0.541432  3.49025  -0.390562  -61.0213  16.7314  -3.5894  10.8315  -7.68214  0.26109  -0.010393  -4.71098  37.0126  -1.37399  -5.04934  -6.72996  -10.0589  0.268482  -0.377688  3.45575  -1.67617  2.91571  1.06215  
-0.843526  -3.35973  -3.53014  0.0702622  4.39345  -3.98747  8.45258  33.6147  -5.39606  -2.32024  -7.58794  -0.0858666  -3.78807  -4.23346  2.73635  -2.43414  -1.19363  -8.53109  -3.6275  4.28166  -0.392603  4.88489  4.10703  3.66993  0.235674  
-0.967008  -3.38465  -2.98212  -0.376757  3.90218  -7.14172  96.0912  40.9968  -5.45932  -25.9755  -5.90173  -0.51373  0.0550863  0.841321  -34.9964  -1.90631  3.04459  -6.19654  -6.56308  2.23919  -0.611532  3.50884  16.5285  2.295  -1.1097  
-1.03945  -2.10238  -1.55823  -1.28461  1.448  -8.93593  158.798  28.9301  -4.23683  -54.3382  -7.84389  -0.963248  7.12224  5.2469  -42.3464  -0.735118  3.47988  -1.55015  -12.2826  -3.34925  -1.21864  -1.66871  36.6772  -1.82455  -2.73323  
-1.20132  -0.315917  -0.698824  -1.51943  -1.89486  -8.98001  164.687  2.48989  -2.56296  -73.2427  -13.178  -1.14973  9.09738  3.88621  -12.0659  -0.32721  0.176417  2.47588  -10.5489  -6.73727  -1.82682  -7.86371  57.7329  -5.9999  -3.51985  
-1.22354  -0.0753877  -0.616797  -0.85704  -3.84034  -6.39921  110.812  -19.4883  -0.962743  -71.8557  -16.2659  -0.848055  2.64156  -2.42061  29.0015  -0.94545  -2.919  4.48191  -1.08499  -5.43615  -1.91503  -10.6348  67.4619  -6.50538  -2.66036  
-0.772944  -2.12019  -0.319058  -0.0859883  -2.97463  -0.762896  22.6852  -22.1404  0.518958  -54.0418  -12.5004  -0.157107  -7.1638  -7.34853  46.3861  -1.47168  -1.9848  4.73375  6.2165  -2.70344  -1.28398  -8.07251  57.7313  -2.25914  -0.984838  
0.146329  -4.35419  0.900813  0.169183  -0.147044  5.93912  -59.3784  -9.82849  1.79304  -34.7363  -3.61197  0.584847  -11.5505  -5.63195  30.6829  -0.830835  2.73177  3.25424  4.70582  -3.26202  -0.210132  -2.61316  31.5406  3.83133  -0.254003  
1.09063  -3.99708  2.31225  0.335202  2.52983  9.70895  -99.0264  -0.729371  2.33599  -24.306  4.12313  1.12253  -5.78878  1.31569  2.82804  0.655389  7.02007  -0.399547  -0.13458  -7.5835  0.742295  1.43387  0.505781  7.2755  -1.0237  
1.56459  -1.22149  2.41506  1.13175  3.85678  8.03678  -82.3376  -5.91299  1.64993  -19.2733  6.50527  1.46185  6.6873  6.95054  -10.2398  1.67457  6.56126  -4.78489  2.01849  -11.3893  1.05556  1.81602  -23.5013  5.84593  -1.81501  
1.48109  0.574173  0.696808  2.23682  4.25834  2.6676  -22.9014  -17.81  0.0693005  -9.86533  5.09995  1.72173  16.8398  6.36475  -1.12765  1.54138  1.12636  -5.77578  12.6642  -10.4122  0.5949  -0.233007  -34.1382  1.1538  -0.839195  
1.18601  -1.04508  -1.61087  2.33573  4.41279  -1.96305  53.8077  -21.6843  -1.25562  6.00613  4.23632  1.88994  17.2929  0.899205  16.4582  0.970731  -4.57533  -0.59507  22.0371  -4.55222  -0.25044  -1.74733  -30.9935  -3.3513  1.71692  
1.05059  -3.83803  -2.70386  0.681673  3.89043  -3.22378  129.753  -15.0327  -1.4072  19.9039  5.63818  1.80001  8.32371  -3.77179  26.3523  1.11811  -4.62571  7.4127  20.4842  2.74741  -0.800492  -0.662471  -17.7342  -5.57454  3.73386  
1.11263  -2.97387  -1.94003  -1.85318  1.76764  -2.43704  195.757  -9.82385  -0.562266  23.083  7.15089  1.34629  -2.79574  -3.48419  25.0806  2.17826  2.92792  10.6096  9.04946  8.09043  -0.591795  2.80312  -0.969379  -5.88289  3.43206  
1.12329  2.73508  -0.262081  -3.60347  -1.56007  -2.14066  235.381  -14.7632  0.366329  16.092  6.25439  0.665222  -8.3876  0.794283  19.8143  3.18971  13.4391  5.38912  -2.77351  10.2694  0.199686  6.44502  11.1725  -5.49067  1.17383  
0.866347  8.12139  0.914653  -3.62354  -3.89585  -2.56436  219.043  -21.5242  0.720392  7.25597  3.35904  0.070371  -6.23115  4.4676  17.0607  3.07043  18.4762  -2.85636  -7.30009  9.55611  0.880134  7.4913  12.4398  -4.58863  -1.0331  
0.33568  6.70343  0.908097  -2.16998  -3.13783  -1.86173  127.099  -14.1818  0.538546  3.8909  0.854256  -0.203732  0.695895  3.72672  17.2311  1.52786  12.3351  -5.4039  -4.06079  6.48158  0.831562  4.44036  1.5644  -2.48239  -1.50499  
-0.337892  -1.74479  0.0375818  -0.0188576  0.410063  0.6399  -21.1704  9.48543  0.139594  6.28123  -0.243775  -0.198342  8.94319  -1.04907  18.2605  -0.910033  -2.77375  -0.532462  3.13303  1.90829  0.102226  -1.69313  -17.1001  0.849643  -0.348967  
