-0.161819  0.507123  -3.03986  -4.61853  2.08905  -2.43147  12.1042  -6.30632  0.00861023  0.340645  1639.26  -0.261868  7.29736  -2.13741  0.00298295  0.169753  12.8468  1.43672  -76.457  7.40764  3.86954  26.2265  0.0599119  -17.6623  -2.30554  
-0.10017  11.5169  -10.0166  8.87726  -53.7718  10.174  15.0617  0.104903  0.88275  0.959737  -2762.65  -0.0752981  -1.08462  -4.13059  -0.891806  -0.827278  -4.77035  -6.06644  32.7365  16.0862  -0.538674  -4.24041  3.56291  27.2069  -23.6229  
0.161627  16.4893  -11.6573  11.5675  -59.8608  15.9711  -16.9576  5.14939  1.07476  1.1939  -5532.92  0.208358  -10.9297  -1.78206  -0.937115  -0.592834  -11.3275  -8.00842  124.23  22.3015  -6.74088  -32.2825  6.29684  40.9205  -24.4948  
0.497994  15.1143  -8.03271  6.27085  -14.6953  12.2746  -80.6283  8.1419  0.51817  0.969115  -5761.85  0.455364  -19.8823  4.31753  0.0430547  0.64249  -3.31009  -4.83326  174.28  23.6321  -13.9148  -46.8608  7.74059  20.915  -5.47364  
0.605327  12.2233  -3.37646  4.80241  36.1877  2.45394  -128.646  9.43908  -0.273193  0.637443  -3819.42  0.451923  -23.013  9.21617  1.56356  1.51335  10.7295  -1.75775  165.341  17.2269  -18.8738  -35.1461  7.85333  -4.79254  13.8657  
0.418909  11.883  -0.631991  11.5858  46.8177  -6.41542  -111.071  10.1118  -0.74572  0.697248  -1190.51  0.238507  -17.811  8.89597  2.94248  1.12816  14.8951  -2.35235  105.647  1.94934  -18.632  0.878615  7.00349  -4.89677  17.0586  
0.227677  13.2057  0.979514  17.6682  12.7488  -9.18955  -29.3969  10.9901  -0.720682  1.30686  617.837  0.140357  -6.99113  4.34239  3.62069  -0.046307  0.187597  -4.91703  30.5314  -16.1758  -12.7515  38.7674  5.58032  23.9291  7.82832  
0.317807  12.2011  3.07337  12.8114  -31.6866  -6.72792  55.3618  11.7473  -0.344208  2.02555  1175.26  0.393227  3.51105  0.0462458  3.17318  -0.915839  -24.0717  -5.49366  -20.4022  -24.6935  -3.76418  52.1217  3.74636  53.0884  3.81259  
0.613081  6.84763  5.0935  -0.245434  -51.7647  -3.75581  74.1071  11.0774  0.151999  2.13268  1089.1  0.826225  8.77271  -0.804339  1.49789  -0.973928  -36.441  -2.84304  -30.3844  -17.35  4.1803  35.2022  1.73984  50.6931  15.1619  
0.770213  -0.473319  5.32051  -8.10256  -43.0116  -2.40897  14.7925  8.0837  0.533431  1.27968  928.912  1.02119  7.40388  0.983236  -0.747034  -0.559576  -24.6655  0.679302  -14.4707  -5.53455  7.68564  9.60689  0.235941  13.8709  32.3307  
0.595659  -5.4261  3.55454  -2.17927  -26.08  0.456086  -69.6172  3.63499  0.563524  -0.152205  528.037  0.771154  1.64981  2.46869  -2.1616  -0.144501  0.439832  2.49745  -5.29109  -8.59258  6.25595  2.86526  -0.0197904  -29.1018  35.5425  
0.256827  -5.783  1.06513  12.0858  -17.7647  7.72517  -115.999  -0.148104  0.139816  -1.3118  -468.068  0.293404  -4.10283  2.06618  -1.65079  0.219189  15.7472  2.52371  -23.1921  -28.5465  2.64824  19.5737  0.867908  -47.9238  15.2566  
0.0621626  -3.0408  -1.62963  22.0007  -12.7467  14.8195  -105.222  -1.9399  -0.517041  -1.46581  -1674.7  -0.028224  -5.94316  0.622927  0.26114  0.702448  10.6609  2.33493  -52.7143  -41.6907  0.490932  35.2517  1.73586  -37.7934  -17.0812  
0.115036  -0.591891  -4.74393  20.1913  5.20249  11.8654  -62.8522  -2.57126  -0.958248  -0.417868  -2074.97  -0.0394557  -3.63051  -0.436894  1.51933  1.24997  -2.45303  2.85076  -53.0462  -24.0737  0.936477  22.0358  1.47051  -17.5343  -39.662  
0.239164  -0.683246  -6.70479  8.7164  38.6216  -4.39698  -18.8704  -3.75642  -0.925833  1.45036  -1156.77  0.0880038  -1.4575  -0.917736  0.438153  1.52873  -4.63139  3.59929  -4.11846  16.4377  1.74389  -19.5207  0.258764  -5.82515  -40.9787  
0.204085  -2.87461  -4.20291  -6.23056  69.3936  -22.9177  19.7171  -5.61077  -0.660065  3.38018  382.757  0.0996064  -4.10055  -1.44057  -2.36638  1.27118  6.48027  3.79746  57.6182  43.5233  0.159975  -57.5105  -0.632986  -5.24587  -28.5188  
-0.0310284  -4.7683  3.56318  -19.2645  77.9466  -27.0108  58.8784  -6.27751  -0.678017  4.58229  1316.77  -0.0716672  -10.7214  -2.21541  -4.30653  0.568609  15.1583  3.31725  66.6019  31.477  -3.40873  -59.4596  -0.426891  -8.11858  -18.2575  
-0.28416  -4.14909  11.4679  -26.2243  64.9814  -12.5407  98.1812  -4.47679  -1.1804  4.67135  1168.56  -0.258877  -14.2096  -3.01759  -3.33056  -0.193272  8.85869  2.4454  1.21482  -6.68394  -5.40786  -25.6523  0.266407  -9.80744  -18.0894  
-0.308334  -0.640073  12.0106  -24.5744  48.4755  5.57266  130.724  -1.72069  -1.73289  3.93526  590.805  -0.213661  -8.16323  -3.81298  -0.04249  -0.662449  -5.27447  1.16088  -81.9307  -36.8571  -3.12784  10.5509  0.403199  -11.1104  -22.8782  
0.0197657  4.09047  3.32863  -15.8977  38.7365  8.756  151.285  -0.819577  -1.63603  3.10397  537.659  0.198678  5.32179  -4.41201  2.89641  -0.755137  -9.04819  -0.912624  -104.361  -42.9812  1.84487  15.9298  -0.00325599  -10.9442  -23.9456  
0.590681  7.44384  -7.8968  -6.12505  24.686  -3.95064  153.455  -2.26115  -0.650789  2.68336  1274.92  0.862372  16.3183  -3.72185  3.34089  -0.593096  4.58826  -3.84219  -52.7751  -37.4523  4.9743  -10.7921  0.00921213  -3.86148  -18.5325  
1.08242  7.47292  -13.0388  -0.313248  -8.58251  -14.405  121.488  -3.33952  0.671872  2.49902  2254.78  1.40122  16.5469  -0.611201  1.51736  -0.287969  23.1121  -6.68237  8.38721  -33.5138  3.3975  -40.6902  0.737211  12.145  -7.97015  
1.13624  4.04255  -10.5141  2.22333  -52.9699  -7.26082  44.0295  -1.7463  1.44365  1.95683  2744.51  1.37243  7.66023  3.94872  -0.55325  0.175418  28.716  -7.73597  16.3738  -21.606  -1.28676  -45.4053  1.01737  28.7885  8.22428  
0.621258  -1.02781  -6.50047  5.5333  -77.6633  10.4908  -56.5029  0.863211  1.22655  0.723971  2434.5  0.623378  -0.876773  6.51876  -1.0893  0.774891  16.9614  -5.90577  -17.8834  15.7047  -4.89139  -23.5282  -0.352067  32.6134  30.414  
-0.20717  -4.96191  -7.05912  10.2978  -60.6102  16.838  -122.668  0.458867  0.37007  -0.864908  1540.02  -0.470414  -1.73398  4.25614  0.08096  1.22184  -1.19376  -2.1036  -32.2  70.9624  -4.66559  2.9514  -2.69332  17.7927  50.892  
-0.837831  -5.7486  -11.3027  12.3325  -14.4638  1.37979  -108.048  -4.10631  -0.387482  -2.05739  499.917  -1.19805  3.29037  -1.47309  1.70745  1.1071  -12.728  0.979367  3.09097  107.135  -1.41031  13.9468  -3.77782  -8.09126  54.596  
-0.88163  -3.30397  -13.2237  8.43503  24.1953  -20.7295  -27.7699  -8.79885  -0.577057  -2.20708  -386.098  -1.08316  6.3572  -5.76253  2.26406  0.386166  -14.2635  1.28165  48.3414  92.9149  1.65125  9.35462  -2.38935  -31.0202  33.4088  
-0.415521  0.685008  -9.26687  0.977885  29.9343  -25.2558  44.1725  -8.48923  -0.279684  -1.21222  -1117.05  -0.339847  2.64787  -5.13321  1.02788  -0.45357  -11.0926  -0.443412  46.0029  37.105  1.59144  3.38046  -0.0287445  -41.0663  -0.283004  
0.0538587  3.94392  -2.03423  -5.06045  8.63734  -6.54696  34.7416  -2.68554  0.104213  0.321776  -1820.46  0.28264  -4.38877  -1.0359  -1.40113  -0.867481  -8.96421  -1.35419  -9.11216  -18.2704  -2.15092  5.76888  0.607201  -36.0509  -19.9033  
0.043807  4.95579  3.30636  -8.00433  -15.8878  16.5915  -63.2421  4.09217  0.259158  1.31566  -2418.54  0.193409  -6.86538  2.17811  -3.36112  -0.82371  -9.59173  0.263662  -66.2104  -38.0892  -7.54106  12.4878  -1.23668  -19.3028  -8.92344  
-0.432246  3.71122  4.60002  -9.94735  -28.419  23.222  -184.748  7.57226  0.180425  0.929945  -2519.45  -0.478849  -0.98503  2.21639  -3.23574  -0.715712  -11.997  3.08038  -77.2717  -22.9304  -11.2759  13.9233  -3.38206  1.97128  21.5578  
-0.852407  1.70634  3.49336  -11.8942  -31.9186  13.1312  -245.434  7.86149  0.121064  -0.59729  -1771.72  -1.03046  8.64209  0.52162  -0.814973  -0.700819  -14.6142  4.43623  -42.9626  0.246109  -10.7189  8.36495  -3.26815  17.8854  42.4215  
-0.688752  1.00671  1.67393  -11.1366  -35.6183  3.33064  -203.968  7.70853  0.329528  -1.90289  -388.454  -0.884848  13.3476  -0.713079  2.33664  -0.400573  -15.1304  3.61084  -0.351218  8.69886  -5.45644  3.91414  -0.967217  21.836  35.3666  
0.0603192  2.70573  -1.50538  -4.95974  -41.1378  4.76016  -83.87  7.90875  0.726248  -1.6566  812.881  -0.119858  9.01357  -1.61028  4.14956  0.512579  -10.7559  2.47574  19.6859  1.89847  2.37249  7.4896  0.996316  18.1628  10.0254  
0.868436  5.73867  -6.79897  4.42098  -42.8574  9.65506  53.7485  6.46154  0.836488  0.0443051  1059.05  0.696561  -0.0544728  -3.61922  3.86271  1.65364  -0.529051  2.64987  14.6719  -6.57697  9.19743  15.2578  0.690415  19.8495  -8.57211  
1.21146  7.47528  -11.8364  10.6066  -37.7404  4.49518  153.65  2.19284  0.220618  1.58093  367.389  1.1123  -5.93826  -6.37789  2.5243  2.18069  13.027  3.01248  -0.804921  -7.67944  12.2027  16.9106  -1.07396  32.6105  -7.83623  
1.04677  6.17135  -12.019  9.49343  -29.3354  -10.0515  192.805  -2.64666  -0.892234  1.37191  -428.147  1.14451  -5.2792  -7.3922  1.6477  1.72212  25.6114  0.957866  -14.5279  -4.8869  11.2718  8.96311  -1.91299  42.4961  0.170166  
0.736332  2.91774  -5.46655  3.90764  -20.5939  -18.7896  178.643  -4.81821  -1.55535  -0.491562  -466.041  1.06034  -1.83108  -5.13596  1.54579  0.77992  34.1101  -4.03359  -21.4193  -6.5987  9.08224  0.0826045  -0.537472  26.9897  -4.99185  
0.56874  0.730625  4.3167  0.733298  -7.03345  -11.3105  130.052  -4.25633  -0.986992  -2.2803  318.171  0.963014  -0.967598  -1.25801  1.18272  0.0726893  37.2153  -8.97517  -17.0283  -14.7052  8.90457  1.05022  2.26791  -17.1186  -27.7722  
0.47319  1.207  11.5224  3.27209  17.66  4.42074  61.6402  -4.05619  0.411825  -2.26973  1159.52  0.726732  -3.15964  1.09606  -0.376615  -0.322957  33.5836  -9.94729  3.03403  -22.3734  11.7391  11.1594  4.93816  -61.845  -52.5122  
0.225647  2.58218  13.3193  7.10114  48.2198  11.6449  -16.7576  -6.13153  1.14413  -0.262091  1234.68  0.302903  -4.04408  0.749803  -2.6556  -0.911803  21.3722  -5.85508  32.584  -22.0637  15.5453  18.0662  6.52477  -71.9289  -61.5255  
-0.165326  1.8313  11.4356  4.62332  64.5318  4.92912  -90.7302  -8.39401  0.000127831  2.37718  447.48  -0.0682061  -0.42901  -0.653811  -4.05323  -1.87127  1.29404  0.589973  48.5133  -13.5384  17.3029  11.8809  6.75978  -41.539  -51.758  
-0.393009  -1.36651  8.80473  -5.88618  48.7223  -4.53831  -136.822  -7.40124  -2.5963  3.93566  -513.858  -0.0612757  5.64885  -0.94835  -3.43058  -2.47727  -20.1528  5.24922  25.1898  -2.42063  15.6363  -3.32166  5.68727  -0.97145  -32.1283  
-0.189481  -3.7576  6.30661  -16.5679  8.53242  -4.15101  -134.292  -3.09081  -4.74673  3.655  -854.292  0.34651  9.51237  0.232627  -1.28549  -1.73936  -32.6305  5.70973  -38.4291  7.47421  11.0304  -14.4025  3.84594  15.9554  -9.59552  
0.339498  -2.34946  3.24835  -17.0834  -21.8258  4.29826  -84.3574  0.600817  -4.67921  2.21627  -402.438  0.77965  9.31909  1.70807  0.700286  0.383908  -29.269  2.58678  -106.857  17.371  4.113  -14.0264  2.24396  6.79466  15.3176  
0.765153  1.41362  0.0397503  -6.13859  -12.3754  7.8508  -14.4737  0.0961623  -2.23159  1.10362  298.734  0.78978  7.44832  2.77214  1.2363  2.60728  -12.3536  -1.31653  -132.529  28.1207  -4.8429  -7.45879  1.18758  -2.26891  40.8724  
0.716294  2.55925  -1.66493  5.84194  28.7403  -0.325181  37.6573  -3.79166  1.13741  1.27906  597.715  0.264098  6.50691  3.90769  0.497951  3.32522  8.13088  -2.91271  -98.3004  35.5139  -14.1325  -4.02851  -0.706312  9.27379  60.0488  
0.203343  -1.83028  -1.50935  7.48671  57.8994  -11.6439  50.2849  -6.92291  3.59249  2.18877  387.503  -0.478819  5.6025  5.39361  -0.351997  2.05892  21.5514  -0.904497  -34.1332  33.5364  -19.5536  -4.86896  -5.18895  32.6026  67.8055  
-0.406083  -8.7355  -1.15699  -0.633663  38.6224  -12.0751  29.7431  -6.37263  4.20853  2.26581  143.432  -0.974685  1.86859  6.15477  -0.534592  -0.0759679  22.6531  3.09706  12.9657  21.4823  -16.9931  -2.66686  -11.5183  42.3642  67.0211  
-0.727792  -11.8757  -1.68362  -6.59986  -18.9017  0.923295  1.05447  -3.00681  3.38011  0.655164  336.361  -1.00827  -4.60424  4.48579  -0.361238  -1.42332  12.3868  5.46232  25.4043  4.79278  -6.83576  7.22042  -15.8307  27.0395  61.7589  
-0.704537  -8.31301  -1.39029  -1.42856  -64.7855  14.6854  -14.0618  0.272135  2.27338  -1.69819  867.492  -0.782603  -8.86324  0.0589826  -0.586459  -1.3405  -4.00717  3.55105  28.1161  -10.7339  5.04719  19.186  -14.4937  0.60494  47.9624  
-0.612543  -1.46248  1.90241  10.4121  -58.6415  14.8628  -12.8028  1.86672  1.86241  -3.01468  1157.03  -0.704934  -5.59598  -5.06918  -1.32684  -0.631301  -17.8421  -1.49161  54.5078  -22.5287  11.5973  22.9061  -8.18252  -14.7044  17.8454  
-0.722895  2.94009  6.61717  17.2076  -10.2573  0.712631  -6.3555  2.48226  2.19177  -2.69937  776.551  -0.965606  4.20433  -7.83185  -1.86122  -0.486491  -18.7064  -5.17898  104.416  -28.0981  10.1357  14.5468  -1.56883  -11.8312  -24.7687  
-0.964492  3.15529  7.59443  13.7964  30.6718  -14.3881  -1.62095  3.47379  2.40883  -1.87193  -66.9119  -1.2993  12.2814  -6.93138  -1.44277  -1.13846  -1.04235  -3.80106  141.389  -22.6106  3.66281  -0.103233  1.30459  -3.56284  -59.8669  
-0.96184  2.65574  1.82961  5.16564  24.5981  -16.6836  11.2778  5.10327  1.60953  -1.6805  -742.201  -1.2057  10.3953  -3.9336  -0.0684094  -1.64612  27.873  1.53259  130.188  -4.75425  -2.73432  -12.6743  0.690612  -6.71328  -67.5821  
-0.438594  5.17881  -7.01011  -2.39253  -19.4485  -5.00386  48.5065  6.45281  -0.19105  -1.67474  -843.248  -0.461203  -0.820403  -1.45232  1.58056  -0.982769  48.5042  5.58769  69.7056  15.7618  -6.16612  -19.6929  -0.0717957  -24.3486  -48.0253  
0.453342  9.75041  -11.6166  -8.24456  -54.7964  9.50914  106.336  6.40415  -1.93357  -0.497487  -544.227  0.609515  -11.2652  -0.471781  2.74529  0.826369  43.2686  4.26327  -11.334  22.7039  -7.05213  -22.746  1.33317  -42.7021  -20.3465  
1.25464  11.534  -8.50275  -13.9068  -44.1067  14.5651  149.582  4.41942  -2.46729  1.94622  -306.502  1.42863  -10.9868  0.103311  3.04481  2.69146  13.1696  -1.02766  -83.8077  9.2175  -7.14653  -24.1961  4.18863  -43.7459  -1.73799  
1.62272  7.30718  -1.13757  -17.0415  5.41249  6.59318  134.572  0.87497  -1.61696  3.88924  -323.69  1.71651  -0.152298  1.07413  2.61165  3.38145  -21.1221  -4.84467  -137.147  -13.0346  -7.21455  -24.7227  6.41963  -21.5915  7.59775  
1.5679  -0.847448  4.64621  -13.4347  51.7616  -8.7842  50.6166  -2.80673  -0.255263  3.69441  -361.368  1.66427  11.4599  1.01354  2.04271  2.3927  -37.5044  -3.56916  -171.354  -24.5655  -6.38713  -23.7225  7.04616  11.0429  17.2622  
1.27789  -7.58124  6.97049  -3.68984  59.3796  -22.6085  -59.8109  -4.66685  0.597737  1.88135  -119.87  1.54568  14.9126  -1.96876  2.01758  0.202505  -31.9768  0.81478  -180.63  -17.9786  -3.42585  -19.8696  6.40916  32.3803  30.0487  
0.815385  -9.43871  8.20503  6.23754  29.1763  -27.7365  -131.211  -3.65717  0.596589  0.481215  344.886  1.28425  10.5321  -6.8373  2.55869  -2.04611  -19.3793  3.23274  -152.956  -4.4165  1.49747  -11.6664  4.89035  29.58  37.9663  
0.0834096  -7.48368  9.56278  11.6782  -9.61548  -21.0171  -132.181  -0.884676  0.0207643  0.541291  641.041  0.541159  5.33466  -9.50583  2.64731  -3.18024  -15.9632  1.22047  -88.1704  0.178437  6.17408  0.633001  2.51885  9.1441  33.8854  
-0.911271  -5.13645  8.1682  13.2362  -31.1387  -4.78992  -92.0565  1.05238  -0.75191  1.06991  458.233  -0.759952  3.76676  -7.2616  1.06822  -2.71367  -23.1541  -2.63341  -10.621  -8.06982  7.84664  13.5741  -0.177772  -10.2307  21.1761  
-1.85124  -4.26842  1.02496  12.8755  -32.1259  12.4234  -66.9929  0.494171  -1.42052  0.645434  -82.6059  -2.11218  3.50583  -2.67318  -2.05119  -1.23258  -28.6693  -3.98202  44.1889  -19.0728  5.60895  23.0451  -1.93343  -14.6813  8.12148  
-2.23827  -3.84957  -9.21582  9.29477  -22.773  19.8791  -74.9723  -1.65523  -1.54932  -0.690157  -509.082  -2.72608  0.396044  -1.03507  -4.81876  0.0419629  -21.0977  -1.51696  58.2351  -20.7767  1.32183  28.7243  -2.00476  -5.48898  -3.04905  
-1.77248  -2.00877  -15.0866  0.670104  -8.25729  13.3932  -75.2876  -3.13283  -0.667765  -1.71693  -413.813  -2.18641  -5.27217  -3.58325  -5.18114  0.354063  -1.63591  2.05249  45.4287  -10.4215  -2.15433  33.6681  -1.31669  6.32066  -15.8628  
-0.638133  1.32675  -11.5172  -9.97492  12.5257  0.786175  -17.9577  -3.00399  1.12905  -1.81477  196.688  -0.829536  -9.30048  -5.13225  -2.976  0.128065  17.607  3.33253  34.7974  4.34851  -3.27623  38.49  -1.65715  13.2275  -29.2075  
0.572927  4.26042  -1.26756  -16.0101  33.0495  -4.30018  87.237  -2.56949  2.85379  -1.55434  913.999  0.505509  -9.23025  -0.0742946  -0.0753831  0.438561  24.7872  1.77901  38.501  12.6041  -2.29557  38.1379  -3.6025  17.1471  -33.3106  
1.2477  4.97452  7.7642  -14.3073  36.7486  3.72015  166.458  -3.35863  3.22499  -1.47327  1268.98  1.11472  -7.02517  9.84434  1.53495  1.65571  17.6396  -0.258798  41.53  8.27829  -0.0687195  27.4153  -5.63364  22.7709  -20.4156  
1.15028  3.48642  10.223  -8.22775  17.0249  15.5604  155.704  -4.96621  1.71398  -1.13286  1095.46  0.899652  -5.71488  16.1587  1.4497  2.84028  4.38528  -0.299135  23.8172  -5.7449  2.69503  8.62231  -5.56683  27.5148  3.2045  
0.523052  1.36518  7.41784  -2.59425  -6.29658  16.2938  68.7042  -5.51194  -1.00097  -0.010693  657.316  0.306611  -5.12006  12.967  0.611996  2.69657  -2.69456  1.81408  -13.1897  -19.5775  4.90741  -9.76279  -2.91169  21.2443  20.0106  
-0.16703  0.21343  4.24809  1.50094  -2.62018  1.66998  -18.2956  -3.96204  -3.57914  1.13931  413.72  -0.138953  -2.34111  3.804  -0.0775027  1.02456  2.87671  3.99491  -46.6032  -23.5131  4.90153  -21.9469  0.514199  -2.15395  17.5774  
-0.574865  0.510559  3.57548  5.27261  32.4903  -16.3534  -50.4403  -1.1497  -4.87096  0.801406  584.565  -0.235419  3.88494  -2.35184  -0.381452  -1.01088  15.8398  4.00268  -55.429  -15.5678  1.72496  -28.7662  2.25234  -33.3101  0.35972  
-0.614999  1.44769  4.43894  8.51112  63.9216  -21.4134  -43.0372  1.54343  -4.38065  -1.24883  874.928  -0.106137  10.5902  -0.833771  -0.259012  -2.09168  23.3527  1.47427  -36.6206  -2.11003  -3.19461  -32.0264  1.45404  -50.4439  -16.5329  
-0.365345  1.41611  4.38179  10.164  50.9093  -9.32225  -43.711  3.58723  -2.29268  -3.16993  698.644  0.0832294  12.8353  4.52372  0.480143  -2.0122  16.5566  -1.77315  -2.0155  9.52004  -6.61347  -29.6313  -0.51275  -37.7271  -22.9154  
0.054035  -0.894669  2.14412  10.8471  -6.05386  8.0484  -65.7652  4.9152  0.613912  -2.89416  -204.464  0.305575  8.31583  7.02822  1.70374  -1.60309  -0.453493  -3.39231  31.749  18.4058  -6.14407  -20.4774  -1.52967  -1.63449  -20.0795  
0.502055  -4.97409  -1.41919  11.3606  -60.6133  14.9569  -79.4373  4.84998  3.17353  -0.433528  -1360.5  0.572174  -0.347646  4.86074  2.59273  -1.49407  -14.382  -2.54176  48.2074  28.086  -2.32351  -11.1432  -0.588372  32.8922  -13.9403  
0.822036  -7.97814  -3.89729  9.30388  -67.5032  7.00664  -63.5372  2.6408  4.4015  2.20259  -1871.12  0.773018  -7.65954  1.53143  2.27479  -1.28392  -15.8496  -0.394003  37.9539  37.3745  1.98364  -10.3612  1.68257  43.8482  -7.62857  
0.919084  -6.64924  -2.73499  1.13331  -29.7612  -5.59618  -33.9602  -0.966823  4.14812  3.24838  -1253.58  0.732767  -9.76903  0.0594344  0.850786  -0.143731  -8.00269  1.25097  12.4412  37.2196  3.98037  -14.936  3.88166  29.7028  -1.85074  
0.815909  -0.701635  2.52458  -11.1116  7.25339  -8.76701  -9.55874  -3.60951  3.12397  2.71925  23.4096  0.409636  -7.3553  -0.611854  -0.589324  1.9187  -1.73314  1.58497  2.94141  20.6338  2.72845  -8.08426  4.87773  6.61933  2.3412  
0.564721  6.03437  8.58302  -18.5566  7.25063  1.5709  20.5625  -3.51034  2.09817  1.71881  910.602  -0.0545099  -4.11644  -2.98923  -1.04891  3.63037  -3.81955  0.991389  30.3478  -5.04477  -0.576604  21.2331  4.30315  -8.83034  5.37789  
0.131657  8.67544  10.0481  -14.3121  -19.521  15.5783  70.8641  -1.31478  1.07844  0.915355  747.785  -0.497887  -2.41895  -6.63382  -0.551263  3.49617  -10.9696  -0.0452666  74.6345  -20.8209  -3.5077  58.9445  2.62296  -12.1252  12.4082  
-0.522025  5.85914  4.27749  -2.45021  -33.2054  19.0735  113.236  0.687418  -0.51217  0.205297  -144.208  -0.862658  -0.892819  -8.25192  0.101692  1.3105  -14.6166  -1.47393  90.9406  -14.442  -3.88336  73.7291  0.944865  -9.41307  28.4559  
-1.24379  0.851261  -5.47237  5.38109  -12.5774  7.55657  92.5697  1.0508  -2.78628  -0.525265  -838.214  -1.12523  3.26062  -6.02501  0.251395  -1.54218  -10.2631  -3.08432  62.6769  5.48237  -1.53708  49.0663  0.165744  -9.11399  47.6899  
-1.6936  -1.98623  -12.7259  3.26385  21.6507  -8.93125  1.55702  0.275103  -4.75015  -1.04827  -714.213  -1.20768  9.76419  -1.90642  -0.0723363  -3.31715  -1.3998  -3.97466  22.7445  16.5996  1.04209  3.96255  -0.257672  -15.5757  52.9494  
-1.64808  -1.35179  -13.8413  -2.02024  32.0578  -15.431  -93.1309  -0.443076  -5.00477  -1.18263  37.9414  -1.07279  14.2513  0.797116  -0.359402  -3.37623  4.68539  -3.2703  7.4504  4.59396  0.613317  -24.0683  -2.40941  -25.8715  31.897  
-1.26031  0.536089  -10.6941  -0.32891  5.38262  -7.00913  -121.301  -0.814267  -3.16929  -1.0232  753.386  -0.859763  12.5042  1.04499  -0.097451  -2.45792  3.54005  -1.20742  -0.625631  -23.2335  -3.32729  -17.0764  -7.82134  -30.1509  -6.80669  
-0.900495  0.948483  -7.17016  7.86086  -35.8637  6.46184  -92.9632  -1.51428  -0.480326  -0.627593  973.772  -0.775033  5.08047  0.61904  0.852294  -1.62821  -3.28388  1.08482  -57.0006  -45.4277  -7.44742  6.03104  -14.9015  -19.6717  -37.4947  
-0.740127  -0.752612  -4.08683  11.285  -58.4734  11.0722  -77.6119  -2.94674  1.20854  0.0966544  747.549  -0.815156  -3.2058  1.53654  2.08061  -1.21809  -9.7573  2.83801  -172.992  -45.2179  -7.93919  12.0655  -19.1392  0.583853  -40.4936  
-0.596434  -3.1414  1.16672  2.70615  -48.7834  3.35079  -100.111  -4.44974  1.07728  0.929044  366.707  -0.720804  -8.04818  3.69076  2.73049  -0.808143  -9.2867  4.15542  -273.312  -22.2122  -4.92987  -9.77106  -16.8822  10.4838  -19.9744  
-0.231506  -4.2424  9.8843  -10.5559  -18.297  -7.22444  -99.957  -4.79128  -0.0342337  1.17517  4.47954  -0.303021  -8.60958  5.20491  2.12102  -0.013152  0.904931  5.04565  -262.012  10.609  -2.51792  -37.6176  -9.15355  -5.89183  1.82926  
0.308323  -2.80267  18.2447  -14.7423  13.4996  -9.28756  -14.6874  -3.36423  -0.647167  0.475942  -345.85  0.268455  -5.87372  4.5507  0.423144  1.05078  16.7825  4.77965  -129.104  37.0395  -3.78539  -42.9653  -0.973643  -38.0454  6.8904  
0.756801  0.776933  19.831  -6.27613  35.2601  -0.740413  118.632  -1.03607  -0.165205  -0.40384  -694.124  0.638716  -0.116848  2.06426  -1.28585  2.01492  29.3417  2.9108  29.0784  45.7679  -6.63884  -22.5118  3.2759  -54.3811  -3.35925  
0.972872  4.14603  12.2141  4.60296  45.1107  11.3342  192.239  0.404735  0.657914  -0.233829  -954.658  0.720379  8.09486  -0.274413  -1.87973  2.59802  30.979  0.624878  105.501  34.7019  -5.67872  -0.794604  3.55539  -35.7081  -13.6583  
1.06432  4.3994  -0.0862975  7.48855  44.269  19.0332  156.703  -0.0295163  0.681015  1.07533  -1033.91  0.810863  15.1728  -0.46913  -1.16763  2.50333  20.9904  0.025757  84.5815  12.1738  1.56902  -1.8257  3.13459  1.9705  -12.0163  
1.1311  0.85526  -9.60193  3.96043  34.1998  19.0977  83.3075  -1.06478  -0.359898  2.05589  -919.398  1.16445  15.3646  1.89577  -0.0401847  1.29557  5.68998  1.63735  38.4675  -6.12782  11.4618  -22.447  4.50508  26.5837  -0.29197  
1.04488  -3.75563  -12.526  2.53351  18.5212  11.8371  72.4388  -0.287106  -1.5938  1.30718  -617.001  1.55754  6.30351  5.03301  0.42763  -0.993989  -7.12116  3.25582  33.9216  -6.26789  17.579  -36.9526  6.97919  28.8786  9.14419  
0.623961  -5.87057  -10.9031  4.84558  2.89373  -0.566804  120.725  2.7616  -1.8892  -0.748186  -66.277  1.45506  -6.84114  6.00457  0.0507074  -3.14251  -14.117  2.02837  64.955  13.0102  16.7691  -26.1447  8.13836  30.0009  5.52305  
-0.017546  -4.78863  -8.61881  3.32918  -9.0955  -12.9305  124.395  4.96772  -0.861253  -2.1606  761.845  0.64527  -14.6358  3.12688  -0.254415  -3.3  -17.9972  -2.35895  81.202  36.8664  11.2408  2.17994  6.77983  46.6037  -9.46979  
-0.467606  -2.84508  -6.67927  -6.03532  -17.9915  -17.8912  19.4721  2.6702  0.90254  -1.4964  1656.16  -0.423139  -11.8206  -2.25366  0.544793  -0.877166  -23.2712  -7.06664  59.3404  44.1895  5.39409  23.0854  3.97905  60.8234  -21.0311  
-0.458149  -1.72078  -3.41324  -14.7497  -25.2718  -12.3683  -118.653  -3.5307  2.39566  0.77624  2145.75  -1.05579  -2.10417  -6.65869  2.31248  2.2535  -30.0776  -8.8151  25.5906  24.6974  1.58289  21.7114  1.66371  39.5904  -13.9768  
-0.225805  -0.202186  1.38943  -11.0463  -29.5227  -2.67633  -148.39  -8.13414  2.88144  2.89936  1812.91  -1.03493  5.82413  -7.45496  3.51921  3.15111  -31.9051  -6.94096  13.0098  -10.2647  -0.75749  6.98381  0.779735  -17.9588  10.6241  
-0.281411  3.17939  4.67541  3.71364  -27.4984  0.476543  -32.6116  -6.33267  2.25751  3.41002  664.279  -0.807777  6.71405  -5.13888  2.69098  0.842339  -20.9647  -3.51854  18.8981  -34.6383  -2.94846  -1.12142  0.948271  -68.8633  31.5956  
-0.792504  6.39028  3.42605  14.281  -18.7096  -6.39101  98.3418  0.360489  1.05078  2.03585  -817.348  -0.911407  2.73667  -2.38793  0.257553  -2.39724  2.80394  -0.825183  15.6751  -29.2551  -4.85081  6.67628  1.40139  -71.3902  26.0946  
-1.29182  5.28013  -1.17895  9.77222  -6.79147  -15.3237  80.7792  5.3205  0.105656  -0.488204  -1987.85  -1.30393  -0.548379  -0.79766  -1.38868  -3.21691  28.8053  0.858249  -7.76263  -0.391313  -4.77561  21.172  1.87255  -32.713  -4.76862  
-1.12936  -0.770696  -4.44476  -2.27926  4.25786  -16.2367  -93.5807  3.92903  0.00318351  -2.92012  -2422.23  -1.40006  -0.735477  0.570633  -0.34527  -0.683053  43.3686  2.80203  -32.1562  24.5653  -1.18851  25.5876  2.56485  1.52824  -32.6625  
-0.240668  -6.50052  -3.16131  -5.27296  13.3318  -8.7428  -247.96  -1.62309  0.504593  -4.0171  -2054.56  -0.795248  -0.347071  3.22274  2.21171  2.69258  40.4585  5.50479  -37.0793  23.1241  5.17402  10.832  3.50068  2.9666  -29.6678  
0.634041  -6.00168  1.24011  5.01502  20.7347  -1.83463  -198.92  -5.30029  0.583188  -3.24164  -1066.97  0.15956  -2.80985  6.55481  2.52687  3.55437  24.493  7.38702  -28.6075  0.311654  10.7176  -18.1504  4.09225  -9.36903  1.12217  
0.606671  0.3076  4.77534  14.3075  24.6605  -2.09962  42.621  -3.91016  -0.710895  -1.29184  255.299  0.632105  -8.14157  7.90976  -1.86894  1.04844  3.89431  6.29374  -27.6589  -17.3781  11.0834  -45.5884  3.46991  -1.41547  26.9344  
-0.433191  5.66634  5.28904  7.55565  21.4653  -5.59704  266.122  0.196567  -3.20316  0.335948  1577.56  0.186816  -12.939  5.59594  -8.87841  -2.52929  -14.9571  2.32029  -38.7732  -11.7933  4.94797  -52.6989  1.32229  26.1281  20.4791  
-1.58971  4.31919  3.90739  -11.6141  10.0931  -3.05184  265.782  2.67238  -5.40461  0.684712  2534.18  -0.68517  -13.5164  1.34367  -13.008  -4.1887  -27.1271  -1.46562  -43.3544  6.57352  -4.19016  -27.9356  -1.58099  37.1457  -9.42814  
-1.72585  -2.66696  2.766  -23.6553  -5.06218  8.57429  46.4028  1.88287  -5.56547  0.203511  2809.41  -0.982838  -8.32289  -1.38477  -10.3875  -3.03234  -27.4749  -1.71669  -25.0766  11.7954  -10.4679  23.0962  -3.73454  9.40765  -27.0959  
-0.522304  -9.65963  2.47108  -14.8235  -17.0485  21.8458  -186.479  -0.268252  -3.12351  0.0602968  2272.35  -0.17623  1.85511  -1.46979  -2.48028  -0.67784  -15.3778  1.64151  8.33662  -5.79312  -10.4672  76.8074  -3.97623  -32.0356  -8.70302  
1.19928  -12.9913  2.0109  7.86318  -21.5239  26.083  -236.281  -0.938196  0.725633  0.701013  1073.33  1.23652  14.1147  -1.33363  5.2363  0.693691  -0.192871  5.15275  33.531  -27.0942  -5.58844  105.076  -2.31618  -42.3967  32.2178  
2.19263  -13.582  0.474979  24.8329  -18.5029  17.6756  -99.8408  1.08325  3.85898  1.43128  -396.696  2.14161  23.49  -3.56452  8.09697  0.435082  4.85688  5.40539  35.6253  -26.226  0.0641779  94.3893  0.0921949  -11.3355  58.9829  
1.84193  -13.4906  -1.38774  23.9758  -10.2572  2.95053  63.5121  4.83817  4.74917  1.42396  -1671.86  1.7823  24.5295  -6.98461  5.78045  -0.310096  -2.70495  2.56638  19.8472  -0.876967  3.66154  53.5309  1.71077  25.2097  48.3208  
0.578506  -12.0338  -1.4433  10.1578  0.811208  -7.98  124.005  7.80728  3.40949  0.753969  -2408.08  0.379064  15.3983  -7.36998  1.63401  -0.106716  -10.7535  -0.192894  4.13389  24.0268  5.19199  4.36387  1.58286  29.9891  10.4236  
-0.64174  -6.88974  1.55024  -3.2897  11.3354  -9.71757  108.376  7.29324  1.10734  0.142946  -2507.54  -1.12482  0.745275  -2.36508  -0.744391  1.17975  -7.76713  -0.581046  3.65426  23.1659  5.83016  -32.9924  0.0135927  8.51432  -23.8321  
-1.19161  1.54869  5.83551  -8.53438  15.5727  -5.11779  131.616  2.42895  -0.73987  -0.0279926  -2092.49  -1.87115  -11.0876  5.02172  -0.260146  2.25698  1.70433  0.288515  17.6318  -2.36746  5.78007  -48.8639  -1.55639  -2.41931  -30.9114  
-1.14366  8.63508  7.33304  -7.30772  8.08138  -1.41895  235.487  -4.31179  -1.49328  -0.0860232  -1365.32  -1.69964  -14.9473  8.89533  1.52662  1.81092  3.5715  -0.455856  27.5117  -26.7375  4.281  -44.7626  -1.6142  14.9021  -10.8896  
-0.949463  9.36206  3.64872  -4.67876  -10.1184  -2.8246  334.326  -8.47737  -1.34728  -0.455708  -467.142  -1.0984  -12.7147  6.49735  2.23589  -0.0774025  -5.56532  -3.79201  14.146  -26.0399  1.00812  -30.6681  0.0684371  34.8406  17.1864  
-0.886488  3.71756  -2.71515  -2.40813  -28.3274  -6.75048  324.82  -7.5199  -0.706057  -1.06606  542.673  -0.654566  -9.93468  1.0121  0.717619  -1.93022  -12.9547  -7.44483  -16.5206  -1.1957  -3.12756  -19.4759  2.11363  20.6919  32.1902  
-0.84292  -2.52572  -6.03856  1.01191  -32.1707  -7.73674  212.333  -3.45063  0.308022  -1.4858  1581.34  -0.555393  -9.48651  -2.15615  -2.10653  -2.27678  -7.75255  -8.08836  -32.0493  24.4115  -6.73737  -17.8836  2.81459  -27.179  25.4482  
-0.565925  -2.90493  -3.03282  5.96411  -16.3308  -4.36988  99.4053  -0.827263  1.66411  -1.37466  2421.04  -0.55455  -9.5846  -1.19478  -4.09387  -1.02645  3.39253  -4.56916  -9.00173  27.9649  -8.89715  -20.2657  1.76855  -66.5501  4.4904  
-0.0175667  3.61348  3.79413  10.0238  8.50116  -0.851388  57.1405  -1.99511  2.90228  -0.592792  2722.16  -0.329177  -7.46026  0.573226  -3.71982  0.531651  6.34815  0.997196  31.8014  8.38172  -9.32229  -15.3016  0.102687  -58.0637  -15.8532  
0.568445  11.6397  9.04157  10.6117  24.2399  -1.08396  42.6037  -4.72143  3.15152  0.897066  2239.74  0.198008  -3.04696  -0.917028  -1.3862  0.997133  0.880255  4.9427  42.4597  -12.8691  -7.94287  -0.436751  -0.931048  -8.00243  -26.6847  
0.969206  14.6449  10.0279  8.27205  23.5541  -3.12185  -38.2108  -4.85075  1.9319  2.81503  1053.47  0.87874  1.6255  -5.27147  1.04006  0.130528  1.20367  4.94496  7.61495  -12.1412  -4.89905  12.8556  -1.22195  37.9199  -30.2517  
1.23537  11.0995  8.31778  5.93007  17.8888  -1.61311  -199.252  -0.919343  -0.114039  4.22506  -384.104  1.57258  5.3141  -7.84191  2.00792  -1.00877  13.3869  1.78969  -28.6606  13.5029  -0.873098  11.9309  -1.40818  40.5262  -33.4124  
1.58644  5.25221  6.13265  4.96567  24.0177  4.73554  -336.471  4.39685  -1.57576  3.90097  -1468.88  2.23154  8.18542  -5.24134  1.55587  -1.11514  22.5381  -1.33945  -12.2784  42.6914  2.75433  -0.878938  -1.565  2.72806  -37.436  
2.03223  2.13778  3.38934  3.3984  42.501  10.5639  -332.154  7.06725  -1.53492  1.37603  -1777.73  2.72543  10.116  0.461878  0.788251  0.148606  10.9864  -1.65635  52.4691  49.8253  4.57671  -9.84142  -0.881424  -38.9396  -36.0306  
2.16717  2.51539  -1.02158  -1.54289  54.3963  9.81292  -183.233  5.44205  -0.450091  -2.38346  -1296.45  2.69706  10.2026  3.83703  0.413934  1.78263  -15.4224  0.713097  105.684  29.5502  4.25323  -4.39919  1.16729  -51.9202  -24.3992  
1.47499  2.9523  -6.46048  -9.53035  42.8977  2.84898  -13.0696  1.17377  0.277342  -5.52899  -385.937  1.77573  8.36989  1.88757  0.126363  2.31056  -29.7689  3.03466  102.631  0.788075  3.04727  8.36982  3.82954  -33.8653  -7.62929  
-0.105192  0.254097  -10.5989  -16.7847  15.4384  -4.18218  45.4455  -2.75344  -0.374217  -6.64376  456.275  0.0104435  6.16637  -2.969  -0.554311  1.11917  -15.6305  2.84084  58.7614  -13.6031  2.70548  13.1061  5.66503  -6.18491  2.861  
-1.94129  -4.97817  -11.5407  -19.123  -1.50302  -6.1593  -28.0553  -4.50833  -2.151  -5.62906  872.852  -1.95069  4.8311  -5.96993  -1.36084  -0.950083  12.0032  0.367604  14.9224  -9.40106  3.46147  5.05675  6.07956  11.1414  0.530391  
-3.12786  -9.17664  -8.89754  -14.7246  9.03956  -3.58072  -134.196  -4.3657  -3.82316  -3.57723  782.122  -3.23554  3.5108  -5.24492  -1.58644  -2.38809  24.1004  -2.09138  -18.3703  -1.70326  3.55648  -5.4615  5.68107  16.0425  -9.78666  
-3.20231  -9.33455  -3.32676  -4.74401  35.101  -0.45053  -161.038  -3.95365  -4.23572  -1.94659  337.125  -3.38725  0.641435  -2.72898  -1.15519  -2.4561  11.846  -2.83371  -56.6519  -5.43941  1.27612  -7.35035  5.01861  19.3775  -16.1891  
-2.4556  -5.44548  3.17904  7.39103  48.0411  0.698401  -90.0417  -4.72217  -3.11947  -1.53538  -224.967  -2.66146  -3.00291  -0.497418  -0.940974  -1.78065  -4.23196  -2.1512  -95.4008  -19.5186  -2.27131  -1.69076  3.53871  28.1604  -10.1177  
-1.55112  -0.133653  6.83401  16.615  31.6813  0.752448  1.72615  -6.47458  -1.07826  -1.83273  -700.393  -1.71233  -4.28747  1.95219  -1.66785  -1.46152  -0.693619  -1.12845  -104.204  -31.109  -3.27192  1.81272  0.410341  35.5006  7.58131  
-0.891957  3.36491  4.55911  18.1112  -4.03159  1.70785  33.9302  -7.05027  1.02147  -1.30633  -924.47  -1.01507  -1.41678  5.79355  -2.72257  -1.7498  20.0116  0.0836947  -75.4531  -31.6676  1.15952  -1.98487  -3.86418  27.2603  28.3362  
-0.391647  3.25319  -1.62336  11.3735  -36.0081  3.65207  6.96253  -3.91283  2.65362  1.14246  -741.832  -0.594333  3.19969  9.58837  -2.49199  -1.78898  32.6016  2.03066  -48.5082  -24.6005  9.32384  -8.18823  -7.35523  -1.59264  41.0387  
0.201465  0.097672  -4.39531  2.49583  -49.3653  4.51198  -13.4765  2.95637  3.77876  4.70808  -60.9254  -0.225367  5.01188  10.0215  -0.183134  -0.728862  18.9016  4.44553  -61.1359  -17.8105  15.5116  -9.17512  -8.4914  -37.4316  37.8532  
0.896955  -3.71013  1.77034  -0.123423  -44.7014  2.2793  15.712  9.55335  4.48958  6.9445  977.308  0.221417  2.17386  6.19109  2.89515  1.22534  -10.9858  5.88616  -91.8919  -13.7536  14.7887  -3.91473  -7.34021  -56.2477  19.5922  
1.42007  -5.7527  13.1741  5.69149  -29.843  -2.57714  60.9628  10.0774  4.57073  6.06283  1935.45  0.669356  -2.71446  1.46613  4.22877  2.91177  -30.086  5.12079  -81.5882  -9.52518  7.15089  1.33344  -4.69773  -44.2042  -3.17815  
1.49585  -5.287  18.8574  12.6978  -10.6256  -7.07802  56.6001  1.91169  3.50465  3.01726  2292.69  0.967673  -5.85345  -0.0069756  2.54313  3.23602  -24.0595  2.32932  -12.8281  -4.10972  -2.9127  -0.537395  -0.72321  -11.2479  -16.6867  
1.07095  -3.36643  11.6635  11.9567  9.80448  -8.48819  -5.92601  -11.1689  1.03893  0.75228  1844.77  1.01311  -6.37612  1.6481  -0.664555  1.95911  -5.11548  -1.38127  59.3542  -0.646357  -10.5677  -11.9666  4.36193  16.8005  -15.7689  
0.286691  -1.58532  -3.45322  2.70397  26.965  -7.13675  -54.891  -21.1324  -2.20876  0.987255  896.19  0.744307  -6.39701  2.18392  -2.31948  -0.257872  3.66661  -5.14557  72.345  -0.901255  -13.9338  -29.3469  8.39783  21.62  -9.04907  
-0.637073  -1.06474  -13.7692  -7.60232  34.2876  -5.83691  -16.4191  -21.7981  -4.85384  2.09525  6.40352  0.147563  -7.3628  -1.63498  -0.786408  -2.27633  -5.99051  -8.36261  33.2737  -1.02311  -13.9371  -44.9311  7.96512  8.56585  -10.3714  
-1.43182  -2.21133  -11.5468  -12.6193  26.946  -5.95403  97.4052  -13.3718  -5.64723  0.738216  -485.203  -0.622266  -7.58662  -8.09158  2.31613  -3.09467  -20.4516  -9.97481  7.13113  4.38697  -12.1815  -50.7835  2.33697  -1.01587  -23.8899  
-1.79661  -4.71168  -1.16288  -13.1361  6.40217  -4.72071  192.13  -1.41562  -4.41215  -4.26689  -690.256  -1.17613  -4.35339  -12.2353  3.51877  -2.51724  -21.6159  -8.65454  34.1831  14.5566  -9.6933  -43.7894  -4.19585  6.48917  -37.8096  
-1.54824  -7.25968  6.77715  -12.5523  -18.1834  2.11754  184.351  7.98722  -2.10851  -10.2548  -925.553  -1.11641  1.96599  -11.0213  0.949309  -1.35577  -7.02525  -4.29221  84.4757  21.281  -7.0384  -27.2364  -6.03688  22.0219  -35.0572  
-0.828348  -8.1049  6.80603  -10.0819  -33.1398  14.4573  80.6829  12.0791  -0.0350204  -13.1282  -1280.65  -0.444296  7.32169  -5.93323  -3.65853  -0.698898  9.71267  1.06216  102.324  17.0466  -4.40268  -6.12188  -2.95028  23.5908  -10.3139  
-0.0762201  -6.65782  2.96714  -2.26245  -28.0513  26.0289  -43.0828  11.6824  1.07131  -11.2036  -1465.26  0.321652  8.21447  -0.720953  -6.53285  -0.751998  15.7196  4.40042  74.3305  3.74936  -1.35068  18.4123  -1.13977  0.166183  24.4368  
0.293956  -4.47231  2.17016  9.16976  -3.69093  29.093  -123.813  9.38702  1.3077  -6.4225  -1130.73  0.568162  6.0019  2.45087  -5.45153  -0.695271  11.0976  4.10949  33.7122  -8.2174  2.5602  46.9774  -6.03987  -35.3328  49.8336  
0.234658  -3.79802  5.2897  15.1961  26.9932  21.3529  -156.249  7.77806  1.2018  -2.0339  -297.94  0.187497  5.733  4.06539  -1.70894  0.155606  4.85151  1.28389  7.91512  -9.86244  6.3676  73.8017  -14.6673  -57.1285  53.7049  
0.076869  -4.9208  6.47407  8.3521  47.8558  7.64558  -164.744  8.15823  1.15683  0.343003  589.989  -0.300038  10.1886  5.24814  1.37617  1.36409  3.00477  -1.06388  -11.4878  -1.93073  7.65935  84.7371  -17.6779  -49.4457  38.179  
0.207034  -5.59161  1.03704  -7.46071  51.0489  -4.47475  -155.039  9.52685  1.23603  1.28414  1064.44  -0.274134  15.5764  5.85742  1.62386  2.0095  3.90782  -0.151453  -38.7468  6.45631  4.88543  69.1283  -9.72134  -18.5549  15.2673  
0.722953  -3.65922  -8.07769  -19.2093  39.9838  -10.3425  -109.498  9.1736  1.32644  1.87719  1032.6  0.365372  14.4352  4.8374  -0.358233  2.0599  3.74323  4.47136  -56.523  6.51907  -0.140379  33.4467  3.85471  15.9296  -3.26604  
1.35397  0.135283  -13.1279  -18.2717  21.7373  -10.2786  -24.5592  5.69316  1.39019  2.18081  765.096  1.13848  3.40314  2.08299  -2.22235  2.35298  2.23689  10.1063  -31.9021  -3.21413  -3.17509  -2.33102  12.1397  39.3015  -12.9876  
1.67582  2.61655  -10.2125  -9.6854  -0.895646  -7.65898  66.9239  1.52763  1.51719  1.47991  538.131  1.48912  -12.4407  -0.751193  -2.16864  3.09217  1.42571  12.3148  33.9656  -17.2725  -1.48783  -22.8042  9.86794  50.8513  -17.5047  
1.43943  1.52536  -3.18337  -5.67429  -27.4223  -5.73721  119.296  1.0999  1.76135  -0.427236  379.948  1.27065  -23.5943  -1.66306  -0.270457  3.18554  1.23617  8.31108  93.8062  -28.5047  3.44044  -28.611  1.81048  57.2624  -22.8939  
0.770736  -2.09588  1.50127  -10.8022  -51.4554  -5.3029  112.935  5.37147  1.9631  -2.57684  194.164  0.748248  -24.3239  -0.337453  1.92154  1.71684  -0.241074  0.0473313  101.873  -32.1934  7.55923  -28.404  -3.70577  60.5688  -29.4632  
0.078747  -4.93582  1.74359  -16.5252  -59.1164  -4.87344  67.524  9.36438  1.78021  -3.51679  -6.135  0.248506  -16.5623  1.38282  2.72293  -0.403361  -3.04616  -6.45385  61.4193  -27.0044  8.08035  -24.3738  -3.40224  54.7239  -29.7219  
-0.280361  -4.50865  0.240648  -11.3004  -39.861  -2.63726  16.8984  6.83737  0.979368  -2.49798  -92.4691  -0.0979828  -6.20991  1.26891  1.43799  -1.26442  -4.85491  -6.02605  11.695  -14.2482  5.12071  -11.4861  0.0858274  33.4223  -16.1127  
-0.304264  -1.27811  -0.623059  5.55  0.682536  1.45685  -24.3376  -2.4555  -0.298557  -0.0355041  -33.2938  -0.338257  3.31125  -0.862002  -1.32853  -0.411362  -4.67766  0.688948  -24.3813  2.83943  0.407435  10.6944  3.7561  -0.37457  9.52323  
