-0.0388095  1.33739  3.57294  61.5132  2.47015  -25.9004  6.85113  6.01066  1.16964  -1.31017  4.24423  -0.167036  -6.74101  -0.260629  -3.70111  5.54869  0.501966  -0.372548  2.91754  1.17102  -7.0165  0.431283  -2.58939  -31.3037  0.0426658  
-0.425989  -10.0179  -17.2677  345.239  1.72732  -16.9999  2.18028  10.2499  -10.4828  -8.74705  -18.8579  1.49046  -4.59353  -0.888212  0.684773  2.50369  -0.428685  -10.1596  -8.84756  0.745986  25.3666  -1.33109  7.89437  -39.5503  -0.903213  
-0.613605  -15.7632  -26.7609  539.695  0.418996  -2.38022  1.0315  11.2048  -17.7578  -15.8009  42.0133  2.77147  0.969281  -1.36887  4.22194  -0.742006  -3.56626  -11.2335  -16.9901  -0.0349704  46.5733  -2.74504  13.8221  -9.88495  -1.23684  
-0.486049  -15.2332  -23.9471  577.854  -0.978708  20.4252  3.07276  8.99765  -19.2697  -20.4613  140.473  2.99665  9.44687  -1.35942  6.13215  -3.20027  -8.60871  -3.14145  -20.4649  -0.393246  54.8194  -1.65421  14.0704  46.021  -0.913649  
-0.0497335  -12.3277  -17.1271  461.304  -1.23514  41.8551  4.91597  6.5903  -17.0339  -20.5704  146.564  1.97031  16.2961  -0.598757  6.23258  -3.40131  -11.6688  6.13578  -20.5147  0.84334  55.5341  4.62915  11.1002  76.9465  -0.434299  
0.538839  -10.6879  -13.5101  289.661  0.233257  41.6651  4.05573  6.12458  -14.1074  -16.5822  22.5367  0.772296  16.3467  0.604497  5.23727  -1.05533  -8.0243  8.1157  -18.1642  3.46497  51.6793  15.578  8.07743  50.0499  -0.324009  
0.952552  -10.2202  -12.2067  202.774  2.36273  11.5429  1.12548  6.59598  -11.8876  -11.6324  -105.443  0.806874  8.01857  1.41078  4.11279  2.51363  2.16647  1.67481  -13.0836  5.48655  40.2174  25.5035  6.05881  -10.832  -0.704947  
0.812091  -8.76086  -7.92968  252.868  3.14154  -25.5425  -1.58353  5.64529  -9.71691  -8.12577  -77.0999  1.85372  -4.94308  1.18286  3.13571  5.59593  11.6689  -7.02235  -5.44873  4.92474  19.4287  26.6981  4.01723  -51.3352  -1.31365  
-0.00271766  -5.9397  0.55723  333.654  1.49345  -33.8726  -2.96629  2.88756  -7.13835  -5.05157  110.034  1.93248  -15.2517  0.1504  1.94505  7.26865  12.389  -11.4478  2.02027  1.82091  -3.74688  16.3678  1.06903  -46.5385  -1.80464  
-1.08928  -3.95095  8.01869  284.853  -1.56566  -8.90573  -3.43451  0.695777  -5.52833  0.0160899  287.409  -0.170191  -16.591  -0.774344  0.568021  7.33007  4.49232  -10.676  5.42818  -1.79073  -17.5602  0.425426  -2.02267  -23.5597  -1.98568  
-1.69162  -4.12732  8.71118  85.82  -3.85202  11.0015  -3.20593  1.45618  -6.63903  6.62369  300.559  -2.79267  -7.93872  -0.868688  -0.196273  5.79152  -2.96241  -8.2038  3.47299  -3.80025  -16.7463  -10.4933  -3.68921  -23.9383  -1.8388  
-1.32235  -4.18515  2.74575  -90.3032  -4.1261  -9.81169  -1.75089  4.85224  -9.83499  10.5253  172.097  -2.89428  5.81671  -0.242104  0.135626  3.01654  -2.14516  -6.41112  -0.930539  -3.64067  -7.76661  -10.0671  -3.51495  -53.7339  -1.43899  
-0.279211  -0.47638  -4.55924  -60.7313  -3.16221  -53.5909  0.985047  8.19556  -12.0152  8.04096  61.0495  0.159679  17.4315  0.372963  0.652012  0.161493  4.41172  -4.00699  -3.62918  -2.1384  -1.84156  -2.29961  -2.61577  -80.6142  -0.884544  
0.568209  6.96401  -8.39156  142.344  -2.64562  -62.7726  3.62534  9.18275  -11.0885  0.600821  72.3194  3.31607  22.5517  0.376237  -0.147377  -1.33256  7.22386  0.790707  -3.39986  -0.363465  -3.68538  1.75723  -1.99595  -75.8062  -0.230492  
0.607734  13.0066  -8.13421  288.57  -3.23768  -9.83156  4.69555  7.79683  -8.65734  -6.26  139.357  3.10936  22.3471  -0.190656  -2.31305  -0.978735  1.81195  6.52695  -2.58529  1.01353  -8.20587  -5.37409  -1.11749  -45.6677  0.535443  
0.0606067  12.01  -5.79768  210.134  -4.00745  61.5137  4.81865  5.78328  -7.78654  -8.61161  108.476  -0.255428  21.1547  -0.798814  -3.94762  0.328531  -5.83824  9.78243  -3.67852  1.5686  -7.98014  -19.3525  1.28846  -16.4527  1.3705  
-0.337039  3.56523  -2.68248  2.88349  -3.73567  80.587  6.23754  4.94651  -8.36794  -7.82311  -73.7636  -2.98542  21.2567  -0.984822  -3.32795  1.3214  -7.02759  9.4492  -6.18235  1.02856  -2.15898  -27.1122  4.91175  0.991632  1.99896  
-0.191287  -6.95352  1.11771  -84.7615  -2.45895  31.3231  9.65856  5.86915  -6.8762  -8.04981  -282.154  -1.98322  20.3592  -0.762854  -1.16685  1.65289  -1.11377  7.77617  -7.26104  -0.348716  3.02064  -19.7168  7.29362  18.0133  1.98721  
0.148146  -13.4279  4.65652  61.0949  -1.4226  -26.9036  12.3765  7.55544  -1.77052  -10.7122  -328.06  1.74788  14.5992  -0.573507  0.0673485  1.99395  4.2078  6.57741  -5.06993  -1.53118  1.88648  -2.4526  6.09281  42.0359  1.16221  
0.0918827  -13.9039  5.65745  288.429  -1.56482  -26.0773  10.5299  7.7553  2.90335  -12.6624  -157.627  4.42742  3.88607  -0.811743  -0.877746  3.0287  2.83779  4.29782  -0.84389  -1.3918  -3.71512  9.60481  1.77349  57.431  -0.0447763  
-0.442845  -10.9284  3.07826  352.333  -2.31344  33.137  3.72244  4.44881  1.81716  -9.8902  86.5945  3.64509  -6.99222  -1.34453  -2.52422  4.77197  -2.23578  -1.62406  2.21814  0.181955  -5.94146  6.96362  -2.4825  43.1797  -0.906628  
-0.961176  -8.07631  -0.752506  177.785  -2.06398  82.8515  -3.44013  -1.95628  -4.20401  -2.22085  199.998  0.464279  -12.5591  -1.5352  -2.57331  6.78186  -2.69927  -9.96218  1.75315  2.03951  0.467602  -3.86933  -3.83625  4.12542  -1.17153  
-1.00811  -6.67771  -2.0831  -72.4664  0.184956  64.9894  -5.48549  -7.89598  -8.14335  6.31754  111.198  -2.34641  -11.0583  -0.862109  -0.769037  8.41668  5.08203  -15.178  -1.68748  2.87467  11.9328  -7.0563  -2.21187  -27.4567  -1.35079  
-0.646356  -5.32362  0.0869122  -171.082  3.77136  -4.97204  -1.47912  -9.1603  -5.15858  11.3767  -59.401  -3.20924  -4.93384  0.43635  0.940963  8.59776  15.5443  -12.6973  -4.71553  2.51531  18.9522  5.36624  0.361028  -26.0019  -1.99665  
-0.250791  -1.72944  2.7221  -39.1227  6.86235  -57.3418  4.09915  -4.84648  1.84557  11.8168  -127.429  -2.50449  1.59309  1.41816  0.910331  5.8639  19.3758  -3.97939  -3.33358  1.91973  15.449  24.3697  2.17832  -2.45178  -2.76691  
0.00572445  4.83478  2.19747  200.228  7.95594  -45.2021  5.92453  1.59559  7.02807  9.65715  -21.2737  -1.24363  4.58959  1.27306  -0.329238  -0.142468  12.5752  4.27394  3.72618  1.94633  4.62874  32.9945  2.86336  6.7503  -2.55729  
0.257872  12.2768  -1.60962  347.216  6.88898  7.75705  2.89546  5.78611  9.15819  7.22208  162.046  0.0198829  2.10752  0.134885  -1.01656  -6.83784  0.188011  5.97424  12.9208  2.35188  -4.62888  23.4324  2.27293  -18.7291  -0.786112  
0.574519  16.7069  -5.43488  295.547  4.74656  38.83  -1.59341  6.56822  10.227  5.02386  267.551  1.01067  -4.11716  -1.02965  -0.404874  -9.35612  -8.30332  0.748545  17.6859  2.17122  -6.40418  3.74362  -0.115303  -58.9104  1.61686  
0.725246  15.3951  -6.31909  102.137  2.97426  17.7373  -3.8867  5.9714  7.87906  2.30098  229.727  1.34463  -8.82578  -1.35609  0.574462  -4.54897  -7.34777  -5.89082  13.7686  1.04822  -2.61604  -11.2385  -3.80145  -75.4959  2.83967  
0.471091  9.27976  -4.11925  -82.4145  2.39617  -23.3621  -3.50318  5.582  -3.54369  -1.44739  114.516  0.875967  -7.25672  -0.827693  0.736754  5.25806  -0.29784  -7.45875  3.47859  -0.178055  0.610986  -13.3688  -6.08186  -55.3168  1.94885  
-0.0400352  2.55804  -0.498843  -148.934  2.61618  -31.8835  -2.43263  4.3928  -21.5581  -5.61627  34.5632  0.106646  0.0251298  -0.120671  0.0164683  13.4358  3.56054  -2.31187  -5.88888  -0.332706  -0.0840651  -5.47618  -4.02623  -25.7433  -0.125244  
-0.387637  -0.759591  3.10954  -110.925  2.23096  2.32561  -2.11596  0.987291  -30.8892  -9.10791  40.4467  -0.241214  7.28958  0.122605  -0.822936  14.709  -2.14038  4.56864  -8.26146  0.742447  -2.87148  4.24331  1.78425  -21.5325  -1.52991  
-0.391581  -0.15316  5.73506  -64.438  0.0434245  36.8904  -2.07236  -3.46049  -17.8893  -11.2332  95.0084  -0.0899297  9.47399  -0.211329  -1.2938  9.59288  -14.1227  5.96791  -3.95569  1.95869  -4.4652  8.93497  6.70044  -39.8887  -1.33621  
-0.325594  1.54599  6.17911  -80.4099  -3.51753  29.3065  -1.36174  -5.93093  10.2622  -11.5705  127.454  -0.100391  7.14827  -0.780835  -1.46893  2.83889  -21.7424  -0.393601  1.20858  2.09336  -4.65794  5.74085  6.33028  -38.6736  -0.274049  
-0.518686  1.46147  3.59916  -136.057  -6.27921  -12.2725  -0.175929  -5.31984  28.3057  -8.9773  100.23  -0.820354  4.3783  -1.12415  -1.36254  -1.66097  -17.0926  -9.04784  1.70792  0.991029  -6.10199  -3.92406  1.34674  13.379  0.297182  
-0.85689  -0.504547  -0.91093  -148.029  -6.09515  -40.0247  0.581945  -3.81216  19.2537  -1.82581  29.9626  -1.97458  2.72443  -0.902617  -0.673536  -3.48299  -3.31019  -11.8224  -2.51552  -0.4034  -9.73928  -14.6966  -3.0157  90.3391  -0.113701  
-0.875762  -2.11349  -4.50412  -66.2425  -2.97518  -23.6036  0.692809  -3.72399  -6.01415  9.64588  -34.8238  -2.78553  -0.286054  -0.058698  0.621116  -3.7466  8.18025  -5.96359  -6.4925  -1.04911  -11.6483  -19.7209  -2.44337  125.292  -0.828557  
-0.370934  -1.62027  -5.14134  68.5664  0.812259  15.3484  0.79822  -4.14389  -21.2542  21.083  -55.1272  -2.90699  -6.02045  1.05942  1.80975  -2.46235  9.33833  3.1086  -5.50441  -0.716698  -6.3445  -15.7086  2.27993  79.967  -1.00018  
0.249939  0.323554  -3.57492  160.462  2.90681  30.7369  1.19934  -2.2769  -14.7098  25.7395  -26.8542  -2.79918  -10.9271  1.7866  2.01279  0.752089  3.50056  7.21584  0.0994645  0.0222066  6.18317  -6.12195  6.74283  -8.64208  -0.561727  
0.385035  1.60255  -2.21759  144.447  2.91617  6.26877  1.20462  2.01548  0.507357  19.862  17.9134  -3.08078  -10.0735  1.60703  1.14611  4.33094  0.594287  2.9897  5.33324  0.422913  17.7895  2.04142  7.7309  -62.4957  -0.0363453  
-0.0389349  0.99883  -2.44436  40.402  2.17345  -28.6219  0.204168  4.84212  6.45488  6.77466  37.0879  -3.63414  -3.45511  0.63991  0.000117858  5.29445  5.01999  -5.87517  5.84449  0.157427  18.5251  4.88883  5.7139  -43.2209  0.346235  
-0.420095  -0.684892  -3.52066  -71.0351  1.84653  -36.4896  -1.06759  2.61019  2.99076  -5.35651  11.522  -3.51763  3.627  -0.406516  -0.655361  2.93092  10.5828  -12.4045  2.51188  -0.554287  6.59395  4.91982  3.04828  10.7486  0.959103  
-0.139063  -1.68593  -3.90618  -126.403  1.85065  -13.5442  -1.07755  -3.10376  3.85462  -10.7542  -38.992  -1.88143  6.62647  -0.84423  -0.772354  0.610814  8.55094  -11.6959  0.309999  -1.20628  -8.80746  7.38519  1.15251  33.1761  2.06666  
0.702002  -1.21778  -2.7148  -129.692  1.56507  12.7552  0.737633  -6.48007  14.3298  -10.7759  -74.5483  0.985953  5.82068  -0.589485  -0.750104  2.40779  -1.23051  -3.925  2.41615  -1.35702  -15.8581  14.2597  -0.0970779  6.42451  3.06422  
1.3256  -0.116991  0.0297716  -129.56  0.840885  21.195  2.89647  -3.64522  22.2331  -11.2602  -73.0838  3.61533  3.94431  -0.131001  -0.776168  7.93917  -9.97036  5.99512  6.25261  -0.828331  -11.5029  21.8493  -1.19901  -24.1866  2.83432  
1.08604  0.234351  3.48093  -150.76  -0.0643688  18.8044  3.22806  2.94453  14.2188  -15.3004  -47.6976  4.53836  2.24481  0.0173108  -0.692138  12.0065  -10.4311  11.53  6.28888  0.259859  -3.515  24.057  -2.37606  -11.6478  0.985215  
0.146299  -0.620981  5.82367  -161.632  -1.04742  23.1468  1.22762  7.04025  -5.41159  -19.398  -28.5815  3.57793  0.993482  -0.20562  -0.429913  9.94566  -4.42083  9.3452  0.646066  1.50116  -1.03976  17.6792  -3.83307  33.0811  -1.49403  
-0.72845  -1.87969  5.00323  -115.319  -1.95224  34.5097  -1.47012  5.11021  -18.5814  -16.8228  -29.2204  1.92645  2.08157  -0.459921  -0.211951  2.60047  1.5836  2.38569  -6.26831  2.28562  -4.2726  5.14094  -5.5506  54.5373  -3.10141  
-0.97463  -2.46752  0.900929  -19.2052  -2.13506  35.6623  -2.91705  -0.439782  -14.4202  -4.81401  -37.1466  0.893685  7.34815  -0.42092  -0.211637  -4.71015  5.45196  -2.2238  -8.43159  2.14412  -5.405  -7.39744  -6.68164  20.3288  -3.26262  
-0.728308  -2.11717  -3.42772  57.7386  -1.07678  16.0594  -2.95562  -4.22831  -0.253497  11.2691  -30.9373  0.665904  13.8723  -0.10983  -0.293834  -7.82999  10.1602  0.115466  -4.83168  1.15891  0.762944  -14.7679  -5.97335  -40.6334  -2.67907  
-0.532781  -1.40789  -4.09865  55.0464  0.457923  -14.4729  -2.88167  -3.18274  9.39038  21.347  5.24639  0.415095  14.3086  0.119226  -0.298289  -7.42223  15.9983  6.56152  -0.343475  0.0431921  9.30552  -16.328  -3.41514  -73.5867  -2.24428  
-0.684112  -0.918655  -0.64299  -12.9961  0.791783  -39.4654  -3.41461  1.38231  9.66484  18.9158  78.3252  -0.458669  4.62874  -0.109806  -0.367137  -6.8209  16.6145  9.1865  0.0870629  -0.443596  10.4064  -15.3145  -0.904088  -59.9079  -1.96245  
-0.944501  -0.578336  2.89034  -74.4229  -0.45673  -53.2049  -3.79304  6.04686  7.43186  7.34265  178.355  -1.5097  -9.36104  -0.798995  -0.676051  -7.11772  6.2331  2.77838  -3.16056  -0.261705  1.41819  -14.9685  -0.416508  -30.4584  -1.1793  
-0.869352  0.0342467  2.251  -83.2272  -1.23786  -56.8025  -2.99373  8.54296  8.93536  -2.17332  261.178  -1.76795  -16.3689  -1.46776  -0.973811  -5.75152  -10.79  -9.3927  -5.39462  -0.130587  -9.14427  -15.2844  -1.72892  -19.4742  0.303826  
-0.300907  0.771323  -1.77346  -61.4965  0.79518  -43.7078  -1.38918  8.7449  11.5209  -0.718183  262.474  -0.901851  -11.3356  -1.49733  -0.793798  -0.200748  -21.718  -17.7769  -3.2038  -0.564832  -11.2507  -13.7373  -2.42593  -20.9762  1.75771  
0.51499  0.685541  -3.62694  -57.996  5.01175  -4.47993  -0.331204  7.51848  8.8246  9.08529  156.542  0.402973  -0.809048  -0.679929  -0.20415  7.85388  -17.8806  -14.9971  2.06063  -0.985846  -4.83322  -8.84815  -0.505398  -0.968309  2.3335  
1.21323  -0.970021  0.773421  -83.5269  7.77887  49.4084  -0.284668  5.52817  0.160705  14.9703  2.89804  1.2139  4.78024  0.548672  0.0584557  13.2705  -3.08918  -2.91882  6.25739  -0.182811  0.980103  -2.54916  3.48176  52.5118  2.05245  
1.61561  -3.6739  8.72326  -100.859  6.44459  80.0655  -0.277119  3.08207  -8.93409  7.56061  -97.6781  1.3221  2.86744  1.47019  -0.439209  12.5781  11.5055  8.58951  6.94227  2.11607  0.350269  1.19296  7.02344  105.553  1.69968  
1.7564  -6.00247  12.8834  -73.5781  2.58485  57.0409  0.52505  0.336311  -13.7292  -9.18702  -105.924  1.33498  0.451881  1.68806  -0.990974  7.44734  18.907  10.8199  5.30106  4.43539  -0.928213  -0.039936  8.01258  110.526  1.80546  
1.69346  -7.16627  8.9602  2.54232  0.349443  -3.12869  1.10366  -2.69192  -14.2115  -21.472  -85.0112  1.87528  4.16496  1.35841  -0.423727  2.76857  20.4898  4.60084  4.0799  4.70744  7.28002  -4.76751  6.29938  57.1813  2.01918  
1.37522  -7.60941  0.46051  100.392  1.65076  -44.8532  -0.372143  -5.93093  -11.6749  -19.5155  -117.347  2.76866  11.4121  0.856068  1.25411  1.66648  20.0435  -0.763346  4.53702  2.34977  24.5513  -8.60176  3.29637  -14.7221  1.62013  
0.717787  -7.57083  -4.8284  174.925  4.04293  -29.8085  -3.67315  -8.55918  -4.95914  -6.89239  -193.152  3.05444  13.3181  0.354044  2.37225  3.02051  17.5852  2.57121  5.49429  -1.02771  36.5972  -7.60898  0.689844  -54.9067  0.43561  
-0.204313  -5.55142  -2.70686  167.178  3.7321  20.9593  -5.61257  -8.88988  6.673  4.15128  -216.889  1.87458  5.80712  -0.195662  1.2261  3.72619  10.8762  12.3923  4.94459  -3.10099  29.3111  -1.74221  -0.688129  -50.304  -0.933172  
-1.09567  0.423333  3.65459  47.8606  -0.0346077  48.6112  -2.99848  -5.60821  18.4106  5.2873  -125.848  -0.541833  -4.87877  -0.800442  -1.90202  2.63822  0.773414  18.7161  2.25873  -2.86023  4.95553  4.51153  -1.36157  -30.3091  -1.75156  
-1.59951  9.57765  7.56585  -124.837  -4.40541  19.684  3.13154  0.466839  21.5872  -1.25925  32.3061  -2.75037  -8.79357  -1.311  -4.72437  1.72914  -7.89011  14.5908  -1.09278  -1.21097  -18.5268  5.54072  -2.70882  -26.7229  -1.80296  
-1.55849  17.3477  5.47625  -216.624  -6.33886  -40.2895  7.63715  6.39306  12.8111  -6.97205  155.251  -3.14091  -3.49296  -1.60027  -5.10575  3.36027  -11.0872  3.27441  -2.88499  0.14723  -24.5956  0.020591  -5.35429  -36.4193  -1.38454  
-1.10923  19.0137  -0.332031  -139.088  -5.55925  -76.011  6.56731  9.36279  -0.566514  -5.99847  189.571  -1.4035  3.20519  -1.68235  -3.07867  6.87559  -9.21307  -5.86876  -2.15834  0.223533  -12.9083  -6.75519  -7.6881  -29.4617  -0.814953  
-0.562483  14.4693  -4.85322  43.7541  -4.02025  -58.3262  1.95005  8.9573  -6.84123  0.299543  163.751  1.00432  2.21896  -1.60971  -0.605995  8.61532  -5.49729  -7.29695  0.0569863  -0.729787  3.24671  -6.85403  -6.73727  8.11303  -0.186734  
-0.198857  8.29551  -5.19306  166.082  -3.27894  -8.97968  0.318918  6.93547  -1.81487  5.70979  134.324  2.04661  -6.40131  -1.35436  0.429941  5.65984  -2.39649  -3.6562  1.89381  -1.79656  11.6487  2.68162  -1.44585  50.2556  0.430913  
-0.166812  4.75537  -2.40847  136.86  -3.23288  25.4855  5.21097  5.18451  7.27393  5.04716  132.257  0.944549  -13.069  -0.922874  -0.234416  -0.719161  -0.725182  -1.1538  2.25309  -2.32642  10.9156  15.8099  5.17179  57.2304  0.735457  
-0.462187  3.59543  0.388284  33.1976  -3.11051  18.4189  12.4685  4.24958  10.2522  -1.0436  156.664  -1.16715  -8.93784  -0.516508  -1.49191  -5.92377  -1.24907  -2.75179  1.349  -2.33911  7.0501  21.9741  8.15646  22.8928  0.387865  
-0.916113  1.62833  1.06985  -9.51022  -2.71998  -15.4533  14.1509  3.78357  4.93701  -6.08545  182.755  -2.46538  4.43739  -0.406449  -2.18429  -6.68852  -4.70796  -6.59879  0.141135  -2.22987  4.17799  15.795  5.27146  -16.1237  -0.498218  
-1.22075  -2.4108  -0.0520375  32.1619  -2.31078  -36.1428  7.38103  3.55732  -1.71567  -3.20839  167.19  -2.27223  16.4811  -0.578207  -1.95824  -4.42616  -9.41188  -9.36327  -0.481475  -2.19043  0.909949  2.95924  -0.927899  -22.1016  -1.23162  
-1.13236  -6.09753  -1.01008  55.396  -1.81248  -16.0718  -2.01273  3.52875  -2.52723  7.85269  78.7615  -1.51347  18.2157  -0.686754  -1.12538  -3.27104  -10.7342  -9.17477  -0.114629  -1.97574  -4.74979  -4.30732  -6.13491  1.59355  -1.16832  
-0.71966  -6.56947  -0.189122  -15.4414  -0.897298  32.6867  -5.88113  3.26566  2.06648  19.074  -49.6421  -1.40816  10.696  -0.434337  -0.13287  -5.0485  -4.96187  -5.89687  0.966357  -1.25199  -10.5828  0.771619  -8.52926  18.2669  -0.498655  
-0.346342  -4.09328  2.07235  -125.255  0.256378  65.9375  -2.50674  2.11594  5.54043  20.8371  -121.901  -1.97436  2.72289  0.0621794  0.67051  -7.19506  6.10571  -0.658295  1.83713  -0.0780735  -11.965  11.8714  -9.40562  3.3806  -0.184718  
-0.28988  -1.37869  3.72465  -163.046  0.901733  47.0748  2.24353  0.0117225  3.21307  11.2393  -66.7882  -2.06848  1.00391  0.415361  1.02047  -6.11707  15.4409  4.04301  1.55347  1.0455  -8.25317  15.3199  -10.0068  -29.5418  -0.888899  
-0.358518  -0.0766901  3.03837  -102.602  0.807888  -14.5336  2.3659  -2.30214  -2.90031  -1.71066  75.3891  -0.81417  3.62023  0.500888  0.866345  -1.73367  16.5751  5.25078  0.251759  1.63697  -4.84562  4.87772  -9.31176  -48.7195  -2.02325  
0.0054909  0.683975  0.648178  -27.833  0.93851  -67.1267  -1.54911  -4.025  -6.75433  -7.87256  181.62  1.30479  3.50348  0.729301  0.575387  2.45823  9.31246  2.38214  -0.564307  1.63797  -7.30223  -10.4913  -5.64606  -39.0062  -2.14585  
1.11703  2.1656  -0.851063  -18.6127  2.45614  -64.2155  -4.32233  -4.7985  -4.8211  -4.64109  168.434  2.91191  -2.84542  1.62408  0.773458  3.65416  -0.216498  -0.968087  0.466267  1.25478  -13.6199  -15.6203  0.426137  -10.96  -0.491319  
2.5399  3.71631  0.361268  -70.6418  4.93033  -10.0613  -3.09961  -4.4162  0.493332  1.53757  64.3602  3.12367  -11.4832  3.07253  1.7191  2.58742  -5.00592  0.418954  2.77586  0.547619  -14.8715  -5.84705  6.07099  16.6226  2.02944  
3.30044  3.57652  3.10674  -120.225  6.26254  44.294  -0.325351  -2.613  3.4037  3.068  -41.6472  2.25356  -15.9338  4.13447  2.83863  1.71685  -2.72771  7.62093  3.95307  -0.629361  -5.12852  7.56615  9.1569  31.9512  3.56195  
2.73441  1.47847  4.20534  -121.313  4.85814  51.3506  0.42173  0.158996  0.618063  -0.478611  -96.7569  1.22322  -14.4076  3.79394  3.12489  1.82985  3.09962  14.7391  2.2077  -2.15908  9.9461  10.0344  10.2254  31.6581  3.06922  
1.15151  -0.587377  1.90846  -75.1012  1.76623  11.519  -0.687935  2.21135  -4.73881  -2.62443  -107.453  0.566552  -10.667  1.99556  2.17582  1.6339  6.66491  13.5789  -1.30018  -3.30261  16.9752  -0.384153  11.1074  18.8399  1.21029  
-0.384172  -0.481128  -1.96436  -20.0639  -0.0678625  -31.9057  -1.01235  1.67354  -5.64038  1.59967  -89.1326  0.170667  -8.32794  -0.131736  0.763101  0.129594  4.85431  2.30387  -3.09044  -3.21796  8.47696  -12.0541  12.247  3.47458  -0.493087  
-1.00501  1.57494  -3.91984  -13.1315  1.01145  -37.7707  -0.201294  -1.49424  1.26662  8.99048  -39.757  -0.216687  -6.74065  -1.26283  0.0999435  -2.09493  -0.452034  -11.4089  -0.668362  -1.98979  -8.34287  -13.9178  12.1744  -2.10821  -1.12226  
-0.766346  2.95587  -2.60933  -101.03  3.37556  -3.19503  -1.28943  -5.1105  10.4924  11.11  25.9672  -0.531769  -3.26922  -1.09957  0.48204  -3.98988  -4.42062  -17.3154  4.80022  -0.905217  -18.0333  -6.96171  9.64006  6.31104  -0.886545  
-0.432818  1.08779  -0.188066  -266.877  3.78584  39.5646  -6.17866  -6.77461  12.0948  4.04018  55.8142  -0.52314  2.0321  -0.537211  0.854681  -5.30633  -3.76944  -12.9366  9.35825  -1.2321  -11.8027  -0.485801  5.48133  20.8155  -0.483146  
-0.585814  -3.88377  0.440482  -411.284  1.08639  55.0139  -11.3746  -6.10898  2.77558  -6.2246  5.29537  -0.161554  6.19074  -0.597158  -0.0231279  -6.10514  0.456259  -5.49494  9.95996  -2.60217  5.06062  -0.206836  1.92809  30.447  -0.291838  
-1.03108  -8.52075  -0.951204  -419.276  -2.43045  33.4928  -11.2316  -4.67978  -9.1417  -9.76539  -93.7179  0.219108  7.69297  -1.31073  -2.02644  -5.779  4.19715  -2.87422  7.17555  -2.96046  19.3367  -3.25546  0.311159  30.6718  -0.253132  
-1.11608  -8.57742  -2.1111  -269.239  -3.51791  -6.07591  -4.85259  -3.87958  -11.7209  -3.77089  -139.275  0.18304  8.42121  -1.78216  -3.54944  -3.51006  4.18182  -4.30041  4.2488  -0.669716  21.6318  -3.90646  -0.0779031  22.3555  -0.211115  
-0.563302  -3.02055  -1.52933  -62.3265  -1.45782  -35.2341  1.92136  -3.21379  -2.26616  4.10779  -58.6514  -0.435086  10.262  -1.30669  -3.11444  0.347921  0.575085  -2.40887  3.43529  3.20636  11.9542  -0.604912  -0.925952  6.35208  -0.134019  
0.159968  3.98549  -0.242104  75.866  1.25377  -37.4653  2.90336  -1.01038  9.81765  4.27516  102.098  -1.36768  11.5058  -0.201425  -0.950632  4.12345  -3.66445  6.02787  3.67569  5.3334  -2.68522  4.04557  -2.91532  -14.3872  -0.0623534  
0.344108  6.04134  0.0586556  111.131  1.54696  -17.2445  -0.844824  3.24627  13.604  -4.09841  207.492  -2.0492  8.85642  0.556084  1.21834  6.09411  -5.55204  14.8817  2.35373  3.42598  -12.6965  7.50113  -5.2067  -31.3363  -0.0588566  
-0.161753  0.522933  -0.278246  106.798  -1.2556  6.6349  -2.18928  7.25566  7.96391  -12.5574  159.074  -2.00024  2.51013  0.424332  1.92484  5.41337  -3.90795  15.9654  -1.09196  -0.941541  -10.7045  9.07562  -6.54132  -37.7443  -0.214264  
-0.75275  -8.13745  0.718186  117.33  -5.01897  15.0254  3.68171  7.15705  0.699198  -12.7831  -7.24703  -1.22455  -3.00468  -0.144049  1.24595  2.10855  0.6719  9.31388  -4.06757  -3.43828  3.08798  8.7748  -6.52114  -37.6801  -0.532433  
-0.685929  -11.9022  3.70266  115.474  -6.92662  1.48708  13.6426  1.18927  -1.42933  -4.63713  -158.318  -0.239602  -3.87288  -0.232227  0.369622  -2.83869  6.38755  2.7377  -3.61025  -1.31824  17.931  6.50909  -5.50169  -39.3999  -0.801007  
0.162014  -6.46831  6.6751  39.5416  -5.84695  -22.4857  20.594  -7.43802  0.931078  5.22302  -192.587  0.376112  -1.33286  0.556853  0.172033  -7.20597  10.6139  1.41365  0.261495  3.70794  18.7383  2.66135  -3.78677  -38.378  -0.741329  
1.16309  4.74479  7.19235  -104.131  -2.99251  -35.2052  21.0777  -12.1725  2.81732  10.4152  -125.81  0.507153  0.344167  1.65973  0.519953  -8.32969  10.8706  1.67371  4.27939  7.26871  0.632723  -1.93378  -1.45665  -18.3973  -0.36168  
1.51873  13.831  5.23283  -219.474  -0.656264  -23.6186  17.1834  -8.94131  0.843082  9.62184  -45.9339  0.517741  -1.08073  2.03284  0.855286  -5.43907  6.72963  -2.83028  5.08531  6.78355  -22.2317  -6.64246  0.92858  24.6219  -0.0248295  
0.96659  15.2922  3.02589  -222.969  -0.226948  1.7369  12.4061  -0.697205  -4.90823  5.89166  -5.47964  0.762647  -4.27768  1.09922  1.0624  -1.14971  0.892554  -11.412  2.49956  3.62673  -27.813  -10.7054  2.08033  68.574  -0.0360538  
-0.0150077  9.98696  2.32487  -138.409  -1.12026  12.8037  8.37268  4.73953  -12.0227  3.39891  18.238  1.1777  -7.1352  -0.628529  1.50295  0.512296  -2.55327  -16.4057  -0.509865  0.904545  -9.86747  -12.3393  1.08882  85.5902  -0.254475  
-0.648039  3.22885  2.52876  -73.737  -1.70578  -8.20969  6.03105  2.28356  -16.1425  4.25774  61.3389  1.39965  -8.97655  -1.86297  2.4448  -1.71673  -1.91871  -12.4787  -1.05207  0.0062166  12.1874  -9.45274  -1.31861  74.5115  -0.285241  
-0.535062  -0.144097  1.76634  -98.4813  -1.30892  -45.8035  6.32165  -5.33187  -12.3634  6.78968  99.9249  1.15638  -9.40504  -1.63813  3.77307  -4.61328  0.0583825  -2.60345  0.563551  -0.076891  12.2111  -2.01607  -3.19647  59.821  -0.0404954  
0.0241218  0.675952  -0.858162  -157.916  -1.08969  -62.6277  7.43697  -10.7968  -0.302258  6.50535  69.4892  0.427298  -6.95088  -0.224316  5.26313  -3.74256  -1.26156  6.24437  1.09984  -0.54657  -12.7743  7.00915  -3.34394  55.2654  0.0950265  
0.36143  2.48084  -4.45308  -126.991  -2.46835  -38.1371  3.7876  -10.2558  12.0077  0.625862  -46.0137  -0.607927  -0.854451  1.07743  6.70617  1.42728  -7.2374  10.4433  -1.76675  -0.970391  -36.3384  13.4228  -2.42762  43.2544  -0.26189  
0.106983  1.311  -7.08144  42.1141  -4.73576  8.52873  -8.67964  -6.76093  13.5526  -7.58577  -165.682  -1.55887  6.21309  1.17376  7.51812  6.36963  -13.2453  10.9987  -6.22006  -0.128829  -30.4834  14.0726  -1.76939  1.55164  -0.992118  
-0.460103  -3.41312  -6.80342  236.145  -4.98123  37.9133  -25.757  -5.39595  2.44394  -10.6601  -174.553  -1.8758  8.7746  0.223319  6.55817  5.81284  -12.0534  9.57513  -7.94726  1.95041  2.57203  7.65107  -1.44339  -56.5216  -1.57474  
-0.734801  -7.60143  -2.48779  264.003  -1.05966  30.7146  -36.2673  -6.41095  -9.40665  -4.65513  -42.7628  -1.29121  3.18771  -0.602163  2.9858  -0.76837  -1.19516  6.83275  -5.49458  3.59362  31.5173  -4.40528  -0.380925  -86.2912  -1.64255  
-0.42004  -5.8976  5.21241  50.8641  5.55022  3.57189  -32.6321  -5.18898  -7.49702  5.69123  125.608  -0.34015  -8.29281  -0.346486  -2.46982  -8.33902  12.6267  4.16247  -2.72708  3.33876  29.3067  -16.0492  1.5449  -61.251  -1.30522  
0.194148  2.70474  13.2165  -252.227  10.607  -14.5474  -18.5328  1.03052  9.28022  11.5809  176.391  -0.0721134  -18.3993  0.793516  -7.46465  -11.0103  18.0205  3.49449  -4.02912  1.58685  1.66377  -17.884  2.50989  -6.23918  -0.909853  
0.567561  12.8104  17.1594  -386.377  11.1046  -12.4223  -5.20678  8.41342  26.2158  9.72319  55.911  -0.914276  -20.1103  1.74392  -9.74726  -7.44493  9.83236  3.64851  -7.44105  0.0050672  -21.1057  -4.7824  0.627177  29.1291  -0.621524  
0.473712  17.1006  14.3513  -245.46  7.96719  0.409367  -0.829737  10.3015  27.5329  5.27119  -122.952  -1.97601  -12.134  1.66771  -8.99683  -1.51831  -4.42659  -0.165837  -5.10063  -0.396851  -17.5611  16.3719  -3.28377  24.7064  -0.307058  
0.178853  13.1871  6.23207  -16.8457  4.51863  11.6512  -3.93002  5.32553  11.9458  4.9269  -181.078  -1.8988  0.0686326  0.723046  -6.84966  1.88423  -10.9677  -10.0434  7.57047  -0.10315  4.49001  29.3354  -5.95954  4.86049  0.230051  
0.0998587  5.63283  -2.22642  -9.2082  2.69981  17.9955  -6.7341  -0.212906  -7.58941  9.01544  -59.942  -0.448318  8.62776  -0.201669  -5.15708  1.44277  -4.05753  -19.75  24.286  -0.0702631  20.4031  22.7564  -5.10333  -0.883708  0.980457  
0.377608  1.24402  -6.1369  -314.593  1.49368  19.6219  -2.7531  1.06205  -17.8626  12.2402  105.639  1.13828  9.6835  -0.362197  -4.52035  -0.20884  7.06765  -19.1657  32.145  -0.424545  16.1575  2.29042  -1.99762  4.08156  1.70147  
0.78295  2.44767  -4.40285  -648.735  -0.992619  13.8209  7.65641  9.29141  -15.9602  10.6857  120.482  1.58335  6.19478  0.229908  -4.37566  -0.0903971  8.09036  -6.00747  24.2065  -0.626014  -0.409568  -14.3625  0.0809345  -3.49654  2.08073  
0.963134  5.2609  -0.269791  -589.644  -4.69065  -1.56746  16.9782  17.0784  -7.09791  5.7708  -59.9983  0.983778  4.19653  0.908734  -4.01161  1.71815  -3.51741  9.55173  6.53978  -0.599623  -12.6142  -15.138  -0.260125  -23.9382  1.97399  
0.728949  3.49671  1.60643  -2.738  -7.50518  -22.0545  15.772  17.3078  3.76563  1.35141  -278.367  0.406511  6.14165  0.957695  -3.09797  2.57565  -14.5197  14.7131  -8.07576  -1.06377  -13.0106  -4.76391  -1.16361  -26.3324  1.56489  
0.183305  -4.66581  -0.901632  785.865  -7.76277  -37.2091  1.27529  9.99212  14.7687  -0.671526  -338.819  0.324108  8.40116  0.209491  -1.59115  0.641474  -11.0363  7.77575  -11.8519  -2.37573  -6.80182  2.14971  -0.46902  9.62443  1.28312  
-0.334179  -13.964  -5.83324  1265.46  -5.84879  -37.5581  -17.816  1.00059  23.1906  -1.11234  -204.013  0.0713387  5.78154  -0.783475  0.229383  -2.95539  4.57237  -0.756882  -7.01785  -3.50569  -2.2614  -2.68305  1.05731  57.8361  1.44165  
-0.455283  -16.1744  -8.98433  1182.23  -3.33004  -21.5274  -27.3585  -4.74224  23.2955  -1.35402  -8.33372  -1.01568  -2.15935  -1.15355  1.56551  -5.51054  15.8858  -0.915734  -0.914555  -2.88937  -2.28128  -13.8256  0.59682  70.5757  1.90202  
-0.0717891  -8.29168  -7.65818  695.194  -1.17217  1.58686  -20.9552  -7.0695  11.4749  -2.12391  101.829  -2.4278  -10.1425  -0.468163  1.45866  -5.71352  11.8023  5.48708  1.50024  -0.461758  -4.68709  -19.8305  -2.68842  38.1057  2.18143  
0.50659  3.16837  -2.97937  143.273  0.648965  15.349  -6.45726  -8.14521  -7.40749  -3.9032  96.089  -2.93453  -12.4494  0.793844  -0.365504  -4.76051  -0.599087  8.31134  0.409192  1.71586  -6.74305  -15.6562  -5.89904  4.62106  1.96279  
0.758976  7.53509  1.26237  -255.456  2.1675  8.03673  2.81021  -8.37471  -21.4704  -6.89457  36.516  -2.03552  -8.23358  1.56232  -3.12984  -4.60325  -5.58887  2.40712  -1.30285  1.491  -6.87603  -6.27935  -5.53489  14.3483  1.43584  
0.425768  1.11721  2.1883  -471.788  2.89821  -15.0267  2.10145  -6.52848  -21.7115  -10.0295  -19.2155  -0.49029  -1.50682  1.10955  -5.65034  -5.68884  1.52076  -5.8031  -1.4975  -0.773209  -4.06309  0.179134  -1.80408  54.8697  1.02889  
-0.201737  -7.83999  0.430409  -540.587  2.49108  -33.2699  -1.84228  -3.07355  -10.08  -11.0072  -50.1341  0.582598  3.0037  -0.234117  -7.06985  -6.68896  9.55053  -6.1873  -0.374396  -2.26306  1.31711  0.680542  1.40275  69.3718  0.878646  
-0.497252  -7.41468  -0.908303  -486.401  1.38575  -31.3235  -1.18834  -1.66763  2.79555  -8.11767  -39.9427  0.791367  3.36979  -1.27512  -6.8135  -6.17293  6.88814  2.45424  0.294229  -0.660982  5.75963  -1.4988  0.974086  23.3791  0.732188  
-0.0511072  4.42444  0.198402  -363.891  0.338064  -16.082  3.45842  -5.84284  7.6063  -1.68107  28.0673  0.536878  0.841951  -0.94574  -4.57435  -3.97931  -3.57408  10.3196  -0.699876  3.2814  4.50978  -1.49752  -1.92612  -56.0657  0.409853  
0.97088  17.0119  2.58854  -265.6  -0.46024  -9.09187  5.73231  -14.4683  3.7657  6.45523  127.451  0.385476  -1.94935  0.755095  -1.08924  -1.16408  -9.11853  7.42699  -2.44052  6.52014  -3.07588  2.71627  -3.53557  -111.603  0.174075  
1.97169  18.7806  3.56795  -224.93  -1.36241  -22.2866  2.96264  -21.1805  -2.12219  14.2218  180.709  0.668821  -2.88647  2.70681  1.49208  0.898632  -4.40348  -5.02276  -2.75277  6.8249  -11.0121  9.87127  -2.03202  -113.514  0.42636  
2.41597  10.0948  2.24096  -159.475  -2.41958  -44.9497  -0.909651  -19.0653  -3.1874  19.4136  132.182  1.44201  -1.48008  3.56989  1.47396  1.25492  1.93647  -15.6693  -0.866791  4.68858  -12.1428  16.9228  0.557936  -77.4273  1.13838  
2.23216  1.92987  0.451777  23.7899  -3.05356  -55.0222  -1.55173  -6.38758  2.74537  19.5646  15.1746  2.42514  0.913388  2.84654  0.411102  -0.139615  -0.782413  -14.9232  1.46681  2.23402  -6.03665  20.3259  1.10867  -33.0105  1.86369  
1.79616  2.41419  0.274008  269.386  -2.67174  -38.8459  0.473466  11.501  13.151  13.4881  -76.6926  2.9546  2.20322  1.18748  2.51848  -2.18147  -11.0438  -4.50191  2.15323  0.86175  0.566077  16.9059  -0.903637  7.37323  2.35931  
1.52352  8.03771  1.31765  389.68  -1.26798  0.70214  1.81951  25.4768  23.2397  3.54599  -87.5564  2.36632  1.00661  -0.268214  9.50539  -3.22225  -17.2886  5.34273  1.47529  0.314516  1.69094  6.2337  -3.06764  46.6834  2.88758  
1.42995  9.54328  1.11469  266.183  0.729894  47.6266  1.77267  28.4975  27.9562  -4.38172  -48.1187  0.681723  -2.71789  -0.885145  16.3755  -2.8648  -12.9674  6.94915  1.50762  -0.341893  -1.54855  -6.99785  -3.02664  84.2003  3.67002  
1.07004  3.91969  -1.88031  8.98351  2.79512  79.7402  2.4997  19.5958  24.3106  -4.93854  -31.9254  -1.25333  -8.07746  -0.970551  14.9561  -2.9287  -4.36106  1.89454  2.90254  -1.49953  -4.37962  -14.9699  -1.07539  108.877  4.18469  
0.00848158  -2.49572  -6.24639  -143.816  4.25542  79.1266  4.50749  4.07572  13.324  1.83799  -76.1904  -2.50901  -13.6003  -1.27729  3.14849  -5.61272  -1.88902  -2.879  3.73163  -2.79963  -6.19157  -12.5492  0.382338  108.185  3.44036  
-1.58735  -2.49816  -8.8537  -86.9188  4.25734  46.3281  4.79449  -9.82748  -0.0729017  9.71132  -154.044  -2.87188  -17.1111  -2.10054  -10.5784  -10.1885  -7.15536  -3.49448  2.03063  -3.63996  -11.2585  -2.12931  -0.598441  78.2505  1.10707  
-2.88381  3.49031  -7.82215  35.7901  2.49131  4.80319  0.667529  -15.7318  -10.6181  11.1318  -204.783  -2.72347  -16.3149  -2.89736  -14.3947  -12.5873  -12.3898  -2.02458  -1.26081  -3.57498  -20.7243  7.85396  -3.70439  28.0356  -1.83938  
-3.05823  8.57339  -4.10536  7.63488  0.000277897  -18.6372  -5.87365  -12.8657  -16.5954  3.75704  -186.752  -2.27418  -10.8755  -2.84554  -5.39443  -9.40465  -11.7667  -1.94935  -3.19605  -2.56699  -27.7543  9.81872  -6.71592  -22.1329  -3.83304  
-2.09371  7.65885  -0.271323  -189.227  -1.47259  -21.101  -9.39755  -6.61165  -19.3802  -7.00957  -110.639  -1.29853  -3.90128  -1.77856  6.92304  -2.08958  -8.98118  -2.97216  -2.12767  -1.1899  -23.9795  2.81722  -7.3133  -50.0013  -4.03865  
-0.815446  2.37652  1.93884  -330.57  -1.26404  -23.0207  -6.8675  -4.56801  -19.3019  -12.0912  -33.259  0.276261  0.0224285  -0.45  10.4905  4.06723  -11.1682  -2.06847  0.811862  -0.400969  -10.0342  -7.66399  -4.57806  -48.3542  -2.86969  
-0.0810297  -2.01021  2.83877  -205.95  -0.497951  -37.5773  -1.07982  -9.96572  -13.9969  -6.15139  -8.22889  1.85446  -0.659473  0.210071  3.04549  5.36163  -17.6887  1.49561  3.38248  -0.621051  3.85059  -14.5633  0.575687  -33.7964  -1.36469  
0.0235915  -2.71849  3.93785  118.014  -0.586713  -49.4152  2.08813  -17.8773  -2.50353  8.22837  -28.6946  2.60975  -2.12182  0.0823558  -6.65412  3.13678  -18.9446  4.36153  4.21968  -1.0342  8.74139  -13.8811  5.92698  -31.4961  -0.295122  
0.11633  -1.42966  6.08251  345.337  -1.35872  -34.48  -0.320438  -19.0989  9.97945  22.7894  -27.8485  2.37564  1.38371  -0.0126566  -9.3605  1.20229  -7.79059  2.88652  3.00346  -0.257565  5.98115  -6.59254  8.91973  -47.0147  0.153341  
0.707922  -1.15956  8.51456  273.233  -1.33127  4.00367  -5.12587  -9.1041  14.5612  29.7515  44.1118  1.74906  10.9796  0.772153  -4.96731  0.858192  10.1885  -2.25088  -0.0495981  2.00307  3.2872  1.90121  7.88337  -58.7201  0.195427  
1.57902  -2.49154  9.4812  8.52303  0.17085  32.2418  -5.99661  6.47951  7.36065  26.2885  142.947  1.23203  20.7667  2.32652  -0.884446  0.0838407  20.6669  -6.39772  -3.8907  4.26463  3.76805  4.86036  3.10656  -42.2558  0.164242  
1.99756  -3.31707  7.63768  -170.514  1.94273  24.3165  0.121645  16.5838  -5.56855  14.7214  157.565  0.557178  22.7324  3.59087  -2.72254  -2.38472  15.4156  -5.81821  -6.49302  4.63041  2.76384  -0.233944  -2.80702  1.62842  0.275501  
1.47619  -1.44731  3.1414  -138.615  2.32761  -6.63508  9.80444  15.3131  -13.5929  0.132624  32.7801  -0.831022  14.3756  3.53462  -8.57302  -4.29687  1.52738  -1.33404  -6.2555  2.82545  -4.09226  -7.54254  -6.21272  48.0348  0.423183  
0.240733  2.93672  -2.11305  -35.1001  1.20545  -25.5981  16.3599  7.44844  -11.5395  -11.5168  -149.113  -2.75936  1.31311  2.08265  -12.3266  -2.84633  -5.88563  3.24121  -3.65798  0.512251  -13.1306  -6.28351  -4.94745  73.0831  0.219032  
-0.998697  7.48899  -5.15731  -48.7613  -0.112553  -17.4879  16.1258  2.84886  -3.27338  -15.043  -235.955  -4.1727  -7.94637  0.0946731  -10.5464  0.549638  0.227298  5.41258  -0.780296  -0.545448  -15.9343  8.47167  -0.229385  71.7439  -0.531387  
-1.6615  9.69283  -3.65944  -170.872  -0.732113  -0.138731  11.1199  5.8194  4.15864  -8.85228  -163.049  -4.16611  -9.66267  -1.43759  -5.03649  0.817543  11.6894  5.92152  0.917837  -0.302038  -9.79065  28.0078  4.17117  53.4886  -1.4174  
-1.66751  8.32586  1.78641  -233.54  -1.09359  6.4234  5.78734  10.7613  7.93866  2.20818  -23.171  -2.98632  -6.9055  -2.03242  0.162279  -4.46891  14.8251  6.47172  1.59776  -0.20488  -1.68684  35.2647  5.11283  29.5103  -1.71697  
-1.30927  3.69348  7.03341  -148.548  -1.81968  8.69662  2.13005  8.74437  9.96335  8.92739  32.6457  -1.7426  -4.73047  -1.73759  2.79552  -11.0817  5.56732  6.77845  1.74896  -1.35665  -0.526979  20.7567  2.6902  8.59413  -1.19531  
-0.868295  -2.67371  7.35577  -6.28586  -2.41956  25.3284  -1.01327  -2.05534  11.8675  5.50809  -43.9591  -1.13679  -4.70724  -0.858924  3.54171  -12.4273  -7.12689  5.03692  1.01641  -3.28674  -6.9379  -6.73079  -0.541619  -2.32119  -0.376166  
-0.397502  -8.1562  2.33339  82.5276  -1.85811  50.5966  -4.60755  -13.3913  12.4023  -4.34936  -152.68  -0.736844  -4.92841  0.155704  4.50827  -7.46035  -12.2698  1.10142  -0.813964  -4.63632  -12.7446  -26.7932  -2.61363  -3.64467  0.132211  
0.159282  -10.1133  -2.78968  139.143  -0.163847  51.863  -7.14619  -15.0769  9.75191  -11.0075  -159.354  0.357764  -4.20833  0.77088  7.16014  -2.0974  -8.56884  -1.94336  -2.40946  -4.79444  -10.3168  -25.6009  -3.80856  -6.97054  0.377348  
0.698323  -8.34369  -2.08506  229.47  1.25575  12.9879  -6.6993  -6.34418  4.67575  -9.76901  -48.7928  2.26938  -4.22271  0.643125  11.0691  -1.59827  -3.56471  -0.589525  -2.03092  -4.59226  -0.668835  -8.14558  -5.25441  -23.2376  0.805591  
0.907476  -6.24856  4.4993  283.4  1.17333  -31.4871  -4.34488  1.93547  -0.197032  -6.77885  53.5891  3.99036  -6.8884  -0.0207633  13.9868  -3.40285  -3.0413  4.95628  -0.109921  -5.31806  8.33206  7.5207  -6.50419  -45.832  1.37356  
0.557252  -7.99762  10.7584  132.573  -0.0963387  -25.5124  -3.55805  -2.07242  -3.12813  -11.8083  15.4965  4.33101  -11.1076  -0.557974  13.4698  -0.20755  -4.83612  10.3818  0.654839  -7.18404  10.1687  7.59395  -5.74543  -53.3247  1.39762  
-0.166495  -13.2603  11.0777  -231.372  -1.2248  39.4199  -5.7805  -17.7027  -4.02087  -24.6676  -152.542  3.11101  -13.5706  -0.502357  9.2083  9.59143  -3.83151  11.5395  -1.29587  -8.78784  4.98567  -5.42591  -2.52931  -34.4516  0.510763  
-0.690637  -15.8615  6.36796  -534.407  -1.40347  100.809  -7.83803  -30.3453  -2.95987  -31.8039  -292.357  1.31398  -12.2106  -0.0551441  3.71673  17.3329  0.298831  8.21006  -3.7728  -8.10487  -2.17131  -16.6259  0.743656  -5.28592  -0.565543  
-0.527989  -9.44944  1.83888  -462.059  -0.868202  84.9753  -5.15756  -25.2754  0.460242  -19.1797  -250.975  0.0814941  -7.67491  0.217124  0.0877376  12.5219  3.30353  3.22588  -3.04233  -4.10798  -6.81934  -13.4373  1.00119  7.01107  -0.691913  
0.24743  5.2484  -0.0261735  -22.2941  -0.146633  -9.81294  2.53756  -3.30772  5.81692  11.5934  -37.9611  -0.374528  -1.74612  0.112346  -1.12093  -4.65486  3.19497  -1.36325  1.43164  2.29169  -8.5495  3.03857  -1.95791  -3.45948  0.296288  
