0.278637  -5.32756  -0.368734  3.97738  0.244782  57.7446  -1.46221  0.956314  1.45208  2.59805  -2.83056  0.0235661  0.0888107  -4.96318  1.58304  -2.82374  1.50868  3.33336  -1.46611  6.2086  -3.6865  -7.6514  -1.24341  0.957981  3.41897  
-1.24604  -7.07592  -1.01936  -12.2446  -1.34123  163.495  -0.0446424  7.62789  0.459844  0.673726  -5.99375  1.17633  -1.05207  14.0484  -16.0036  17.4541  -0.218154  26.337  -9.37362  9.94734  -4.48761  16.7364  -1.45243  -1.35294  4.39706  
-1.56689  -9.17622  -2.3485  -16.3653  -1.63534  -100.131  -0.670372  15.9096  -0.355304  -2.72005  -4.42563  3.17323  1.44937  24.4442  -28.2269  24.5033  -4.82425  27.7196  -10.3999  3.84169  -8.24199  18.6909  -1.67921  -2.06702  9.33914  
-0.573814  -11.4991  -5.27337  -9.84608  -0.478167  -607.722  -2.77444  23.8116  -0.805383  -6.11696  1.67249  5.65764  6.77153  22.9269  -33.0574  17.1939  -12.4835  4.77905  -5.54879  -8.90434  -12.8416  -1.70854  -1.87079  -0.510825  12.9254  
0.70778  -13.3877  -9.79754  -4.37902  1.04849  -852.923  -3.96753  26.8637  -0.796566  -6.43488  6.92232  7.52121  10.1217  13.6251  -31.6172  5.34214  -18.7745  -23.2105  -1.69539  -17.8027  -13.1565  -26  -1.95626  2.25326  7.56261  
1.12826  -14.492  -13.9428  -6.74339  1.62524  -537.895  -2.99938  22.8275  -0.454027  -3.02321  5.6414  8.27579  7.69299  5.02151  -25.3627  -1.67217  -16.9505  -31.1153  -3.04218  -20.0703  -7.65832  -40.2953  -1.94348  3.80724  -2.87109  
0.443981  -15.7434  -14.8914  -11.6536  0.85876  68.5811  -1.06428  14.5267  -0.0805131  0.957389  -2.39055  8.37573  0.74291  3.24293  -14.3763  -2.44859  -5.04248  -10.2351  -7.05479  -21.1538  -1.44006  -46.952  -1.98399  2.49802  -5.72296  
-0.590881  -18.4933  -11.7047  -10.3746  -0.453721  415.146  -0.115038  7.95704  0.0565336  1.59816  -11.1928  8.19588  -5.4777  7.19302  0.853848  -0.937692  9.38118  23.7384  -8.85014  -21.3226  -0.867359  -52.3566  -2.3136  -0.646585  2.73486  
-1.04037  -21.7931  -6.52219  -2.41101  -1.14531  247.89  -0.591072  7.33603  -0.0852403  -1.64532  -13.813  7.28482  -6.59924  10.3469  16.527  -0.10384  14.6716  45.0159  -6.97883  -12.2499  -6.16757  -51.4604  -3.09445  -2.83013  10.2067  
-0.613251  -21.3126  -2.56428  4.77965  -0.725432  -176.995  -1.31629  11.8676  -0.330801  -5.4807  -8.69307  5.02714  -2.79665  7.52881  25.5663  -0.053732  7.26713  40.6799  -3.75595  7.25597  -11.0939  -33.6551  -4.19125  -2.60194  4.62324  
0.226579  -13.5125  -1.05021  5.67437  0.304772  -436.281  -1.20838  16.4566  -0.406868  -6.31254  -0.697788  1.69615  2.23443  -0.0025977  21.9191  -0.40714  -3.58645  19.9863  -1.81521  20.7114  -10.615  -1.8649  -5.06991  -1.33125  -8.47326  
0.80028  -1.32225  -0.502468  2.16566  1.04085  -385.07  -0.325314  15.7841  -0.0784783  -3.7189  3.93584  -1.58425  5.19905  -6.09923  5.95641  -1.4322  -5.80274  1.38284  -2.1216  10.9252  -7.04995  22.6109  -5.06832  -0.966366  -12.6955  
0.784078  6.072  0.887028  -1.03598  0.992783  -206.398  0.568435  8.58335  0.709175  -0.45633  3.37768  -3.78916  5.57197  -5.86401  -14.1162  -2.77852  1.72352  -7.48174  -4.27253  -13.5196  -6.53921  21.0059  -3.97848  -1.07586  -2.54018  
0.327345  1.64344  3.09495  -2.3552  0.356381  -92.6113  0.841304  -1.13989  1.7028  0.80812  0.86058  -4.5642  4.51565  -0.0187705  -26.9724  -3.38302  8.23407  -14.4337  -6.6271  -21.0379  -10.0467  -0.963088  -2.40766  0.60207  9.46611  
-0.200053  -11.2065  4.84678  -2.46861  -0.340482  -9.70839  0.163931  -7.33819  2.44045  0.220888  0.27606  -3.97916  2.60158  6.31927  -26.0923  -3.12225  4.71664  -28.0454  -6.54881  6.33739  -10.8164  -18.3421  -1.34663  4.61217  9.95644  
-0.474448  -21.0374  5.47161  -0.521988  -0.696079  173.448  -1.5965  -6.96582  2.62752  -0.0214642  2.15683  -2.21119  -0.460332  8.29567  -14.327  -2.9999  -4.70966  -43.0059  -2.62354  45.7605  -2.64873  -14.528  -1.24029  8.14441  2.69443  
-0.357318  -19.6673  5.47752  4.69419  -0.610246  408.249  -3.95015  -2.10185  2.40733  1.45908  3.90452  0.227754  -4.13812  5.18022  -0.946022  -3.37083  -8.08378  -44.1852  3.02699  53.8126  10.8768  1.04272  -1.59268  8.00684  2.28319  
0.0398132  -10.196  5.35912  10.2334  -0.228548  454.723  -5.55652  2.61422  2.10509  3.68388  3.26009  2.30958  -6.45346  0.684433  6.50114  -2.93501  -0.853998  -24.4988  6.38358  15.1066  18.4935  6.54358  -1.64007  4.64326  12.4834  
0.386793  -2.75425  4.7062  10.1172  0.159526  194.3  -5.16265  4.38299  1.64426  4.60173  0.635862  3.06119  -5.92695  -0.675687  8.00545  -0.241643  8.16074  5.91356  6.12731  -37.0683  13.028  -4.63411  -1.27617  1.9603  19.7775  
0.315962  -3.12128  3.21362  2.82657  0.211172  -137.236  -2.94417  3.86004  0.468598  3.29303  -1.69799  2.48162  -3.54222  1.77364  9.27718  4.13552  7.41477  30.5554  4.91774  -53.4162  -0.382833  -15.6723  -1.00786  2.84588  11.2087  
-0.266082  -7.45329  1.8378  -5.01304  -0.251492  -166.345  -0.520823  3.46491  -1.67013  0.468531  -2.17015  1.70315  -1.74098  3.7193  14.5414  7.54469  -3.42005  42.9768  4.89439  -19.0349  -9.25302  -7.1563  -0.980369  5.66859  -7.37184  
-0.998195  -8.33377  2.0232  -5.53382  -0.988919  154.723  0.650005  4.96143  -3.93066  -2.58159  -1.23878  2.04269  -1.42936  0.576785  21.466  7.72741  -12.9031  47.394  3.70238  33.2626  -5.68103  18.3617  -0.544514  5.94952  -17.3372  
-1.29271  -3.81328  3.74735  0.917741  -1.41253  422.193  0.588283  8.31819  -4.78094  -4.76037  -0.432383  3.80153  -0.921406  -6.54291  23.171  4.68547  -10.6063  45.5287  -2.39523  58.0927  7.2271  37.5364  0.851187  1.22428  -10.6407  
-0.834996  1.4779  5.30219  6.13091  -1.05599  231.472  0.239804  11.6626  -3.44671  -4.76168  -0.657809  5.89163  1.41281  -10.9443  15.0986  0.539465  1.93388  31.1466  -11.6652  40.5885  19.8748  30.8271  2.51678  -6.229  0.211994  
0.138129  3.43034  5.08789  4.00296  -0.0174276  -298.804  0.121492  12.0156  -0.825392  -1.34255  -1.52234  6.5721  4.28323  -7.30567  0.132867  -1.69624  13.7128  1.88735  -16.278  4.31598  24.647  2.14442  2.89514  -11.3442  -0.818572  
1.073  3.51163  2.98173  -2.59866  1.12088  -606.143  -0.024001  7.30365  1.28369  4.77747  -2.24207  4.77097  4.55344  1.91017  -13.0006  -0.408526  15.7848  -28.3724  -10.406  -17.6298  20.6949  -26.6135  1.33819  -10.4419  -11.556  
1.56856  5.24849  -0.236123  -6.28632  1.79875  -341.455  -0.404341  -1.35881  1.82289  9.73275  -2.57681  1.09737  1.30515  8.54329  -16.6383  2.50646  8.89516  -38.0358  2.40018  -13.2741  12.056  -36.9691  -0.879684  -3.79211  -15.0758  
1.5891  7.79352  -4.22659  -3.90799  1.85252  184.154  -0.642945  -9.74002  1.25937  8.85438  -2.78329  -2.26687  -2.32485  7.50141  -10.4545  2.69933  0.752825  -21.1504  11.917  3.82587  3.70942  -27.1978  -1.79486  4.79371  -3.48703  
1.29554  6.21295  -8.7689  1.39394  1.43673  355.339  -0.356197  -13.7666  0.880128  1.36056  -2.64288  -3.03542  -2.21464  1.45393  -1.44924  -1.86689  -2.18648  2.76731  11.2982  13.4903  -1.84248  -7.62084  -0.918228  10.373  10.078  
0.804908  -0.888914  -12.2239  5.43159  0.73871  2.21365  0.083695  -12.5865  1.55765  -8.12128  -1.39132  -0.739759  2.09039  -3.48201  2.28271  -7.34683  0.367773  7.35966  3.04152  7.68833  -5.31438  10.7364  0.309056  9.92104  7.71829  
0.169426  -7.3344  -11.8122  7.2225  -0.113177  -396.704  -0.138535  -8.09868  3.11104  -13.4412  1.06789  2.47314  6.58012  -4.79193  -1.50203  -7.08535  4.0713  -11.988  -4.87945  -6.79681  -8.7116  21.3208  0.379859  4.51661  -10.0665  
-0.506475  -5.50305  -6.3602  7.52511  -0.937321  -325.73  -1.15864  -2.19496  4.43528  -12.1267  3.23729  3.2965  6.73393  -4.52472  -7.85466  0.571514  4.77378  -33.0851  -7.01735  -18.3553  -12.2605  20.5013  -0.457121  -1.21517  -24.9326  
-1.05647  3.33276  1.44073  5.8992  -1.48181  121.047  -2.10242  4.19217  4.1825  -6.55623  3.10876  0.138052  1.98899  -4.62997  -9.96389  8.9586  1.84048  -31.6917  -3.95716  -20.3726  -13.2082  7.92221  -0.685955  -2.90511  -23.2145  
-1.38477  8.37574  6.70941  1.46505  -1.62191  387.329  -2.11204  9.5295  1.80882  -0.673381  0.430753  -5.07881  -3.75796  -4.33291  -5.51398  9.81027  -2.16267  -8.29792  0.345064  -13.2428  -9.01383  -10.6186  0.331657  -0.519858  -11.0763  
-1.53739  1.25695  6.90953  -4.14985  -1.50909  188.771  -1.49289  11.1888  -1.5962  3.28401  -2.64121  -8.18705  -5.90201  -2.42398  1.88106  2.65622  -4.35312  13.2274  2.59315  -1.15055  -1.15454  -24.2383  1.40248  1.61953  -3.76354  
-1.60916  -13.1415  4.29541  -6.97401  -1.42388  -139.392  -1.45865  8.03148  -3.86821  5.29504  -3.6684  -6.37573  -3.30023  -0.107043  6.94424  -4.74002  -4.31817  13.0856  1.83413  10.5506  5.13488  -24.5941  0.933251  -0.413739  -5.51654  
-1.61184  -20.7837  3.1872  -4.71766  -1.46375  -125.109  -2.62491  2.63097  -3.77555  6.3715  -2.49294  -0.929526  1.04582  0.286896  7.5961  -5.43904  -4.30557  -2.48763  -0.961594  15.8159  6.10429  -12.9506  -1.09584  -5.51734  -7.30094  
-1.43952  -14.1717  4.83448  0.161002  -1.40145  194.819  -4.0572  -0.921907  -2.41882  7.39615  -1.04492  3.71531  3.23943  -1.52026  5.76957  -0.612282  -6.38412  -8.89677  -3.77208  10.2635  3.46772  1.24825  -3.05096  -8.49057  -1.85846  
-0.923025  -1.00758  5.96175  2.72369  -0.869522  335.66  -4.08697  -1.38405  -1.92359  8.23969  -0.65909  4.00501  2.42875  -3.4252  4.49662  3.22054  -9.4679  8.59485  -4.61335  -3.2836  2.12991  8.45041  -3.43272  -5.74341  7.14866  
0.0489098  5.16575  3.19368  0.785752  0.265678  37.5295  -2.05658  -1.08245  -2.49381  7.31329  -0.375298  0.553676  1.31131  -3.42814  5.03038  2.52197  -9.69444  37.9901  -2.73547  -13.2344  4.03337  5.75409  -2.26229  0.721669  13.1243  
1.35384  1.23276  -2.16385  -2.63534  1.65493  -364.108  0.871067  -1.91225  -1.60081  2.91466  1.47186  -2.69624  2.62248  -1.21286  6.40841  0.134041  -4.34572  52.4946  0.81521  -8.0368  5.57255  -2.51568  -0.617298  5.70216  16.4364  
2.49731  -2.28679  -5.02942  -2.76059  2.56338  -369.002  2.77826  -2.30317  2.89027  -4.0112  4.52221  -2.47141  5.54822  2.38735  6.76961  0.636642  4.71637  37.9568  3.96796  10.8989  1.95105  -8.77316  0.704079  6.53277  21.0663  
2.77616  4.49715  -2.81132  1.36884  2.34684  25.8984  2.81732  0.292027  9.0634  -9.21058  6.3815  0.793571  6.37404  5.80072  4.73055  4.28415  12.0489  6.41769  5.09897  27.2389  -6.81628  -7.14205  1.64749  5.14109  24.6473  
1.86603  16.8522  0.929743  5.40244  1.06684  305.865  1.83632  4.74575  11.759  -8.71186  5.33263  3.92746  2.72404  6.78449  0.163229  7.18061  13.2338  -17.3643  4.0294  24.6066  -14.5407  2.42831  2.24277  4.37466  20.0444  
0.345905  19.3762  0.591465  4.48894  -0.325711  89.1987  1.27816  6.02923  7.84245  -3.31608  2.49796  4.5785  -3.48468  3.8137  -5.49542  6.31886  8.26542  -20.4191  1.93906  4.25477  -14.0501  13.4148  2.07668  3.88674  6.48046  
-0.587056  4.06029  -3.92562  -0.703548  -0.653237  -379.556  1.57494  0.546903  0.0374756  1.99784  0.505733  3.31464  -7.76686  -1.83077  -9.85155  2.5667  0.428815  -10.3257  0.580509  -15.7753  -3.50875  17.3889  0.692842  1.13067  -7.4999  
-0.214938  -19.0227  -6.13003  -4.17621  0.375725  -510.883  1.92101  -9.35852  -5.48625  3.58835  0.60746  2.20897  -7.40921  -6.30422  -11.126  -1.08447  -6.9587  -2.92768  0.888216  -20.0135  11.1357  11.3496  -1.72949  -4.15633  -14.9559  
0.869301  -31.164  -1.06421  -1.61632  1.71368  -76.0165  1.4227  -16.9548  -5.23006  2.46104  1.58374  2.05437  -3.6277  -6.35429  -9.55767  -2.82118  -11.8295  -5.68569  1.78373  -11.2041  20.5616  0.77917  -4.35468  -8.41384  -19.2478  
1.25305  -24.004  7.32015  3.76419  1.86236  506.455  0.101899  -17.185  -1.36317  1.32735  1.61179  1.72717  0.198143  -2.51685  -7.11309  -3.36835  -12.4096  -14.1799  0.605887  -3.8367  18.8027  -5.60534  -6.25342  -8.0668  -26.9977  
0.180604  -6.79581  9.48505  4.46959  0.367183  618.872  -1.28249  -10.7749  1.42277  0.0219436  0.341639  0.155331  1.68222  1.84781  -5.54144  -4.52412  -7.27056  -19.9695  -4.24402  -5.31702  7.24668  -4.40797  -6.79309  -3.70909  -35.5023  
-1.52709  4.459  1.52187  -1.64317  -1.60943  106.672  -2.11705  -2.80686  1.0725  -3.44217  -1.18318  -1.98826  0.969596  4.35857  -4.69666  -6.85218  2.24336  -17.56  -10.5154  -8.79737  -7.59324  -0.164986  -5.59915  0.822092  -32.9409  
-2.23624  3.06489  -9.27184  -7.79481  -2.35769  -558.677  -2.29382  2.01548  -0.512291  -7.88273  -2.04206  -3.19514  -0.0616411  5.29588  -3.04273  -9.10488  10.54  -7.12328  -12.7258  -4.87974  -19.2503  0.914904  -2.67135  3.10494  -13.5951  
-1.22589  -4.28784  -12.1127  -6.27989  -1.31314  -745.508  -1.92918  2.66595  -0.612858  -8.32132  -2.08205  -3.30239  0.263401  5.58815  0.258485  -9.43414  11.1198  5.16439  -6.97778  4.93387  -23.735  -1.39499  1.20845  4.24592  11.8487  
0.492104  -6.79808  -4.91526  1.77389  0.373012  -257.916  -1.1613  1.31102  1.01349  -2.04878  -1.20519  -3.675  1.8449  4.93026  4.261  -6.7179  2.71914  9.15372  4.42204  10.4785  -19.0033  -1.02589  4.40577  6.02883  25.3714  
1.21146  -0.604647  3.73352  7.9964  1.00473  500.349  -0.26432  0.625716  2.29248  6.52077  0.951451  -4.73716  2.89204  2.86786  7.38545  -1.22588  -8.53928  -0.928578  13.7883  6.03923  -4.36207  7.01589  5.38492  7.53522  19.9567  
0.326482  8.82948  5.11721  7.33466  0.0492318  893.829  0.324882  1.60124  1.47109  9.85481  3.92053  -4.15505  1.95518  0.501364  9.31841  5.33651  -14.1131  -16.8828  14.3285  -3.42556  16.7199  20.0591  3.99272  6.21403  5.34044  
-1.07075  13.461  0.307626  3.44407  -1.38415  593.993  0.437079  3.39446  -1.07272  5.92466  5.76292  1.12109  0.00916292  -0.185516  11.0314  10.1742  -10.5504  -20.6342  5.88218  -9.33238  35.4017  29.4815  1.71528  1.82243  -4.73255  
-1.40673  10.6724  -2.17262  2.19867  -1.73416  -168.773  0.422253  4.46691  -3.44377  0.430639  4.59188  10.5693  -0.31857  1.0851  12.8441  10.3939  -1.86281  -3.35175  -5.23891  -8.51652  41.4492  29.1592  0.373886  -2.55237  -6.39445  
-0.271697  5.41756  2.659  3.50062  -0.557145  -813.695  0.690523  3.92419  -4.04073  -0.326889  1.05597  18.8175  1.91542  2.2605  13.278  5.35634  5.18628  20.8816  -11.8891  -3.6854  31.322  21.4906  0.509943  -4.05063  -5.73702  
1.26586  5.01361  10.3454  2.60032  1.12621  -871.763  1.04813  2.08248  -2.72306  3.08063  -1.65149  19.9245  4.16378  1.73573  10.6044  -1.3272  7.31907  27.4434  -11.5188  1.8656  11.1133  14.4953  1.13171  -3.42592  -8.54541  
1.8756  11.49  12.6207  -1.9347  1.9456  -323.271  0.766023  0.370385  -0.698533  4.69421  -0.934403  13.1504  3.09843  0.841372  5.32155  -3.8452  6.08918  9.13177  -6.85617  7.04626  -8.68011  12.8897  1.00464  -3.59409  -13.7962  
1.2676  18.9833  7.07416  -5.78826  1.48302  425.508  -0.420188  0.564892  0.467949  0.998854  2.33589  3.88878  -1.10188  2.36644  0.0724138  0.106357  4.41916  -13.1532  -2.30626  11.616  -21.1879  12.9694  -0.0340704  -5.32035  -17.0461  
0.243157  19.0391  -0.84678  -4.89362  0.450308  863.491  -1.5707  3.28774  0.0910005  -4.98048  4.79458  -1.66371  -4.57169  6.69197  -3.37778  5.96261  3.44869  -13.6047  -0.152664  14.6286  -25.4574  7.21563  -1.13097  -5.85971  -16.7181  
-0.316076  9.08416  -4.51022  -0.905307  -0.22745  731.789  -1.22227  6.7386  -1.01831  -7.4358  4.21087  -2.20695  -4.26279  10.356  -6.2657  6.20819  2.67353  7.497  0.241613  15.0576  -22.3701  -6.42494  -1.5356  -2.47295  -13.5764  
-0.259392  -4.80098  -2.86195  1.31878  -0.281683  179.858  1.03625  7.39029  -1.27238  -3.88812  1.71283  -1.37218  -1.30536  9.65784  -10.8345  -1.42545  1.64463  22.9968  0.634841  12.7593  -11.7904  -21.6108  -1.35015  3.63023  -7.17144  
-0.00897456  -13.2503  -0.0254049  0.00599465  -0.0643956  -352.462  3.71928  3.22077  0.00011228  3.11395  -0.00282047  -2.83014  1.12667  5.42838  -16.3444  -10.4986  0.445627  11.3045  1.95965  8.32784  5.04959  -30.1999  -1.09786  7.92184  3.3191  
0.101415  -11.5939  -0.0427014  -2.33724  0.0842121  -451.668  4.58491  -3.75618  1.65692  8.77367  0.18773  -6.47778  2.05241  2.52149  -18.295  -12.1662  -0.892335  -17.1045  3.70711  3.07156  21.8804  -30.3866  -0.904595  7.07444  14.5029  
0.0916534  -2.42402  -3.34186  -3.01675  0.154574  -58.5731  2.74238  -8.8201  1.85898  9.18749  0.970159  -9.48427  3.03186  4.05112  -12.5916  -4.83054  -2.28881  -30.1555  4.70444  -1.44117  29.8471  -27.0404  -0.401428  2.21337  18.7258  
0.0300565  7.79661  -7.36034  -1.97059  0.185575  445.109  -0.396875  -9.36893  0.0969642  3.14358  0.685028  -9.81585  4.5328  6.92648  -0.249491  3.64651  -2.80122  -10.4673  4.24547  -4.90742  24.3629  -24.9668  0.579962  -2.4536  12.318  
-0.205132  13.3894  -9.34058  -0.399448  0.000453039  535.744  -2.41999  -7.64067  -2.14166  -7.04773  -0.646154  -7.81111  4.17771  4.8234  12.8224  4.59046  -0.940753  23.7243  2.70474  -8.77679  9.80961  -23.6633  1.52234  -3.76157  2.15893  
-0.670862  11.9246  -8.08623  1.04754  -0.510679  44.6426  -2.27425  -7.92659  -2.8975  -16.0088  -1.93825  -4.84826  -0.00374689  -4.31552  20.6991  -1.77618  3.19615  36.0097  1.30203  -13.2236  -3.84181  -18.8746  1.67291  -2.10488  0.702463  
-1.05724  4.97632  -4.34327  1.59943  -1.00211  -616.407  -1.02638  -11.1384  -1.76828  -18.2773  -2.79077  -1.8849  -5.82944  -15.3167  21.6155  -6.80013  6.48123  8.81573  0.917782  -14.3807  -8.73797  -7.39315  0.879899  -0.146425  11.6094  
-0.915103  -2.52462  -0.242309  0.25524  -0.910365  -800.341  -0.35305  -13.5062  -0.111035  -12.4294  -3.72481  0.357454  -8.39631  -20.8239  17.3871  -3.48437  5.2096  -36.8746  1.03551  -7.95873  -4.2768  9.51999  -0.14462  0.333914  23.7866  
-0.252491  -5.45468  2.12158  -2.15325  -0.20011  -270.955  -0.597615  -11.1508  0.638066  -2.34236  -4.66784  0.883626  -5.46174  -18.3137  10.1239  5.50579  -0.491952  -59.8399  0.210564  3.28379  4.26972  25.9757  -0.525538  0.0465055  23.8941  
0.303414  -2.91818  2.43273  -2.41114  0.378024  514.169  -0.703085  -5.03389  0.526227  6.07132  -4.22152  -0.75424  -0.0327532  -11.5433  0.74143  10.8596  -5.91209  -37.1613  -2.00191  8.80463  11.0903  34.4736  -0.0726249  0.859841  13.141  
0.143572  0.756828  2.26579  1.05707  0.064589  826.971  0.0749254  0.0185806  0.739373  9.43371  -1.11659  -3.24546  3.10399  -5.73422  -9.32698  6.84874  -6.25885  13.5858  -3.7687  0.875866  13.333  31.6456  0.613132  3.26652  6.5731  
-0.57171  1.01715  2.77331  4.86809  -0.931194  393.969  1.19449  0.933799  1.9038  8.22169  3.89706  -4.10205  2.5626  -2.82757  -16.6606  -2.4239  -1.92763  50.1519  -2.38754  -14.4927  10.8587  22.6279  0.947216  5.4188  13.7534  
-0.999642  -1.44436  2.99222  3.90619  -1.5126  -336.415  1.68007  -0.282686  3.09457  4.51846  8.13008  -1.99521  1.02521  -1.73519  -17.5932  -7.57225  1.98632  45.0606  2.65286  -20.85  4.02924  17.5908  1.05156  4.71553  25.0777  
-0.543486  -1.91303  1.57905  -1.72942  -0.897086  -662.151  1.45552  0.522263  2.74601  -0.0115696  9.19775  1.68034  1.17805  -1.2178  -11.7451  -4.1082  1.52927  9.50594  8.30985  -8.07016  -6.33424  20.7519  1.49783  0.438895  21.5099  
0.42365  1.66826  -0.0228812  -5.95176  0.43321  -330.957  1.11041  4.31453  0.464737  -3.78331  6.9307  3.96485  2.30087  -1.11861  -2.96993  3.12964  -1.80339  -21.5692  10.4552  15.4245  -17.6584  23.4846  2.35578  -5.13176  -2.8108  
0.924809  5.25494  1.9871  -4.06922  1.20117  248.712  0.589012  7.98469  -2.27493  -4.6572  3.24562  3.06213  1.48084  -1.59152  3.81133  5.6968  -3.27089  -26.5844  7.91346  29.5379  -25.406  12.0255  2.84998  -8.21329  -32.0666  
0.466838  3.501  8.76574  0.915907  0.735561  467.784  -0.840192  8.17274  -3.35682  -1.63309  0.399458  -0.115839  -2.44119  -2.24065  6.70752  1.13726  -0.513942  -15.5612  3.46939  22.1982  -26.1171  -16.1131  2.23107  -6.46328  -45.4742  
-0.384736  -3.53154  15.2652  1.98425  -0.29848  137.087  -2.97493  4.60553  -1.96298  2.83442  -0.498172  -3.00262  -7.20166  -2.31674  7.52296  -4.18694  4.07059  -11.7547  0.577702  1.29042  -20.7013  -45.8094  0.868052  -0.887815  -38.529  
-0.606518  -10.1866  14.0256  -2.74711  -0.651195  -360.235  -3.84473  -0.78289  0.731539  4.09809  0.200955  -3.69454  -9.45187  -1.62083  8.64099  -2.63736  6.33608  -20.9329  -0.306048  -13.4567  -13.8434  -56.5796  0.0550745  4.88418  -23.7164  
0.180496  -11.4536  3.32733  -7.22791  0.150915  -495.315  -1.53013  -6.16797  2.77365  0.128503  1.42727  -2.30842  -7.95004  -0.58277  9.7814  5.76164  4.91461  -26.0242  -1.34567  -9.95397  -9.05818  -41.1215  0.543247  7.43185  -13.9317  
1.30004  -7.48402  -9.67284  -4.93327  1.32785  -133.819  3.03327  -9.92636  3.17368  -5.40877  2.12565  -0.375963  -4.03278  -0.0191013  8.31855  13.0221  2.12653  -11.1486  -3.82031  5.26745  -4.87241  -10.4827  1.57099  6.06891  -9.72624  
1.69569  -1.7776  -15.5157  2.59233  1.68942  351.301  6.02796  -9.45411  2.40246  -6.23029  1.83647  0.841918  0.353543  -0.79816  2.52747  11.533  0.910568  17.0729  -6.21815  15.2955  3.06795  16.9422  1.64937  2.85351  -3.52402  
0.92714  3.51508  -12.0163  7.49059  0.79405  483.286  4.25972  -2.73217  1.38131  -0.145059  0.835846  1.288  4.20358  -2.76065  -5.86778  2.05164  1.89871  37.5056  -6.38388  10.8603  15.9587  29.0289  0.235567  0.265148  7.50015  
-0.489418  8.87489  -5.89839  5.101  -0.72542  168.98  -1.29359  7.72003  0.434039  8.05231  -0.175078  1.45896  6.96274  -4.20872  -12.6017  -7.45325  3.46537  38.5611  -4.67934  -0.836446  28.8337  24.9581  -1.71214  -0.919886  17.3464  
-1.59304  15.2712  -4.54401  -0.907133  -1.81081  -236.595  -5.92195  14.4937  -0.584746  11.1459  -0.620288  1.22029  7.62396  -3.54046  -14.1155  -9.86571  3.66861  27.5306  -3.77895  -6.02313  34.7957  12.5156  -2.79931  -1.4662  18.6462  
-1.7521  22.1146  -7.14262  -4.07083  -1.83865  -333.489  -5.55678  11.6597  -1.53787  6.80145  -0.49992  -0.194041  5.41889  -1.41278  -10.1334  -4.98166  1.46735  16.5969  -5.09248  -1.30094  31.7077  2.68503  -2.3538  -1.86516  11.2403  
-1.02581  27.0585  -5.74981  -3.22013  -0.950081  -82.3507  -0.606966  1.98519  -1.94473  -0.348187  -0.132383  -2.82378  1.23631  -0.327725  -3.46353  2.0564  -3.14447  7.62505  -6.69471  2.28823  24.092  2.73057  -0.465054  -1.41185  1.79301  
0.0576498  26.8525  4.5648  -2.22388  0.250058  221.886  4.43949  -4.45527  -1.67862  -4.1452  0.309818  -5.05837  -2.48489  -1.48794  2.16366  6.16857  -8.98232  -4.17019  -5.45588  -6.03999  18.0321  9.98626  2.55343  0.600575  -3.18023  
0.960601  19.0724  18.2555  -2.86558  1.19387  312.339  5.29334  -0.66258  -1.31838  -3.48846  0.952075  -4.80387  -3.71695  -2.92809  4.60315  5.63625  -13.6536  -17.1488  -0.92005  -21.016  15.3079  13.9373  6.01296  3.39286  -2.84411  
1.42391  4.83111  23.8449  -1.79499  1.62231  190.894  1.69779  8.95927  -1.43421  -2.4276  1.91587  -1.80721  -2.42006  -1.92149  4.1202  1.85289  -14.4084  -21.1584  4.03789  -25.4368  12.5544  8.19779  8.39223  5.18685  -2.03142  
1.45333  -9.75757  15.8932  3.65352  1.54524  12.9108  -2.77153  12.9877  -1.74167  -4.06086  3.04885  1.65423  -0.00364436  1.09648  2.36028  -2.19006  -9.54017  -11.0304  6.53019  -10.5556  5.97381  -0.613787  7.92053  5.1239  -5.98232  
1.15192  -17.0364  1.09766  9.74312  1.07325  -137.854  -4.34587  5.67574  -1.35163  -6.01594  3.75346  2.953  2.2091  2.35918  0.344106  -3.1353  0.193157  3.66771  6.57506  12.5203  -4.27813  -0.239871  4.30608  3.97831  -14.2003  
0.612046  -14.6373  -8.21059  9.77269  0.338809  -262.306  -2.45281  -6.20646  0.0329108  -3.34835  3.28271  1.92174  3.48446  -0.614196  -2.36943  0.169112  11.2648  7.43197  6.00998  25.0216  -13.6791  10.5145  -0.442817  2.6657  -19.4087  
-0.0636764  -8.02466  -6.16265  3.06496  -0.474621  -309.725  0.490591  -10.8458  1.49385  4.62087  1.44468  0.944787  3.35521  -5.34617  -6.34524  4.18767  18.7432  -3.35132  5.28092  20.6737  -17.3152  17.5011  -3.50906  0.796528  -14.8776  
-0.71405  -4.38078  1.88849  -3.18685  -1.13081  -188.102  2.02373  -4.79796  1.75989  11.9655  -0.998052  2.05275  1.87491  -6.87535  -10.1293  3.04381  19.2527  -14.961  2.85864  8.99353  -14.0099  7.95944  -3.77292  -2.42095  -3.37878  
-1.17478  -4.44774  6.2127  -2.51451  -1.46534  64.7366  1.83164  3.11483  0.591026  11.6062  -2.70204  4.33595  0.180822  -3.65251  -10.2123  -4.85273  13.4783  -11.7172  -1.80938  0.493429  -7.43501  -11.4791  -2.56584  -6.03825  4.16089  
-1.40737  -2.54287  2.523  2.65492  -1.52363  245.168  1.05215  1.3217  -0.923133  2.59074  -2.87961  4.84038  -0.297945  0.592562  -3.97625  -13.3407  5.65324  5.62839  -6.07216  -4.73931  -3.12288  -19.9002  -1.9238  -7.36794  0.563318  
-1.52176  4.79796  -5.46008  4.40868  -1.50612  206.516  0.161238  -11.873  -1.53395  -8.8676  -1.86711  2.01107  0.202802  1.25865  6.92085  -13.8723  -0.238455  19.794  -6.22867  -10.9858  -3.91683  -6.82642  -2.44957  -4.91909  -8.18298  
-1.5978  12.988  -11.3571  -0.120338  -1.49855  42.9817  -1.39201  -26.4355  -1.20253  -15.3118  -0.482253  -2.34198  -0.478431  -1.71566  16.706  -5.0272  -3.89572  15.7971  -1.79341  -15.4682  -7.70781  13.176  -3.11804  -0.772253  -9.22861  
-1.49651  14.5169  -11.8027  -5.07657  -1.29258  -45.4553  -3.40564  -30.3367  -1.13117  -14.1247  1.1591  -4.91205  -3.63117  -4.08073  19.7984  5.6607  -7.89503  -3.31301  3.40946  -10.0451  -9.74197  14.8615  -2.85041  1.1436  1.57008  
-0.959209  8.68499  -7.33877  -4.08765  -0.589111  -18.6031  -3.96701  -20.5477  -2.35732  -7.72856  3.63806  -4.37036  -7.0609  -3.10988  15.469  9.976  -13.5362  -21.4496  5.16285  5.94967  -7.80403  -8.10449  -1.69656  -0.643812  14.5307  
0.0449776  3.096  -0.407689  0.864448  0.568296  0.312404  -1.30948  -4.43034  -4.34764  0.481683  6.88699  -2.42514  -6.65823  -1.05946  8.0489  7.24774  -18.0326  -28.0778  3.4333  21.0629  -4.34194  -31.8456  -0.372212  -3.4165  17.4864  
1.13252  4.6199  5.77793  2.43889  1.64054  -31.004  3.46919  7.66385  -5.19018  8.52367  9.12198  -1.457  -1.03038  -1.5499  2.43769  3.42094  -16.3684  -27.2257  2.04718  23.2475  -2.91842  -23.8544  0.864501  -3.52028  9.11944  
1.77791  11.0514  7.84418  -1.62654  2.0174  8.46169  6.69005  10.505  -3.43223  14.4598  7.92231  -1.81316  6.30479  -4.02363  -0.69395  3.02142  -6.22969  -26.7692  3.85213  13.2831  -2.95868  22.6217  2.32433  -0.794553  -0.638615  
1.7833  14.3648  4.27001  -4.88187  1.60605  164.076  5.66356  5.84037  0.297361  15.2568  2.75951  -1.95958  10.1311  -3.93472  -5.07021  4.87239  8.75827  -24.142  7.051  2.57277  0.0671895  75.8588  3.92924  1.30705  -2.38222  
1.39226  10.6218  -2.46396  -0.80266  0.900013  229.797  1.5086  -1.03303  3.73066  9.0214  -3.74898  -0.934819  8.47765  1.05503  -14.2589  5.30803  20.555  -9.67795  7.0604  -0.841315  8.73791  89.5931  4.70085  0.131276  3.71153  
0.934117  3.59538  -7.19994  7.97528  0.426329  -18.3496  -2.17979  -5.36251  5.12375  -1.72633  -7.58518  0.291237  3.76966  6.54495  -26.778  3.08092  22.1987  16.367  1.61152  -0.407705  19.3092  43.5057  3.62394  -2.73867  9.89545  
0.471545  -2.03402  -6.7487  12.0535  0.217702  -453.78  -3.21787  -5.02994  4.73792  -10.5621  -6.66809  0.250107  -0.334162  5.49956  -35.6818  -0.203868  13.2851  36.9825  -6.41651  -4.28996  24.845  -36.8053  1.00016  -3.34204  8.37477  
-0.0999054  -7.03627  -2.62691  6.38368  -0.0728202  -647.581  -2.49431  -0.872041  3.95571  -11.9997  -2.48245  -0.81596  -2.17486  -2.84488  -33.0793  -2.78629  1.09463  33.1617  -11.2984  -14.0059  22.2779  -99.9494  -1.44122  -0.0635679  -2.91894  
-0.686099  -14.291  1.51006  -4.07064  -0.594476  -348.239  -1.82795  4.12723  3.34212  -5.84721  1.49024  -0.921174  -2.39008  -10.5322  -16.3302  -4.1189  -4.73224  5.17785  -9.35844  -22.4359  14.7786  -110.891  -2.03024  4.71512  -18.5508  
-0.929405  -20.7754  4.24574  -10.6679  -1.01024  197.675  -1.32412  6.98133  2.21884  2.92615  2.89037  1.39679  -2.38244  -8.96839  9.0724  -4.26453  -0.793555  -25.5845  -2.02642  -21.8306  7.20437  -76.1316  -0.750767  7.74262  -28.3721  
-0.58421  -18.5032  7.10405  -10.3694  -0.861093  494.814  0.126253  6.8618  0.262494  8.22882  1.99796  5.20037  -3.24468  1.34923  32.1864  -3.61298  6.45309  -35.2879  5.29495  -11.9146  0.746646  -30.3275  0.817059  8.30848  -24.8293  
0.1436  -5.40919  11.188  -6.82671  -0.125953  318.494  2.21833  5.53046  -1.28363  7.02646  0.762591  7.77302  -5.27122  11.062  42.9406  -3.31339  7.3665  -17.7643  7.58871  -0.188669  -5.97599  -2.02191  1.12229  7.52574  -10.3786  
0.740986  8.4462  14.4881  -3.82247  0.691194  -100.109  2.65863  4.88553  -0.765105  1.06955  0.643099  6.92553  -7.31918  11.7937  37.9063  -4.40024  0.0352667  12.1551  4.3451  5.38098  -12.4736  6.19884  0.105206  5.25266  3.12003  
0.835646  10.5934  13.4149  -1.06064  1.00815  -368.815  -0.058287  4.12601  1.62276  -4.54897  1.52511  2.68872  -7.11409  4.60209  21.83  -5.43299  -7.38931  31.4677  -0.170224  4.13291  -14.8448  9.11986  -0.996469  -0.101198  6.02334  
0.42564  1.75154  6.74865  2.83697  0.624659  -304.093  -4.06773  0.389183  3.53038  -5.27602  2.45477  -2.83817  -3.47744  -2.27224  4.27817  -3.04963  -6.80683  25.9723  -1.18787  3.22628  -10.2074  18.0726  -1.08833  -8.05293  1.62944  
-0.248975  -3.53496  -2.44809  6.05771  -0.204808  -13.3386  -5.51243  -7.4593  2.88184  -1.14241  2.76842  -6.95739  1.60131  -2.99855  -6.35677  3.85091  -0.389993  0.856332  1.77009  9.44425  -1.0007  31.6112  -0.2853  -14.0079  0.682402  
-0.891409  5.09057  -8.75159  5.14702  -0.99882  270.12  -2.71797  -15.9128  0.2049  2.81649  2.35219  -8.09781  4.31667  0.206964  -7.74616  11.3541  2.43099  -22.0477  4.64103  20.4618  6.56318  41.9571  0.417487  -12.8655  6.05956  
-1.20573  18.5838  -8.60779  0.335572  -1.31685  369.838  1.83981  -19.2764  -2.04624  1.41123  1.28822  -6.85216  3.07526  1.26831  -4.24038  13.6442  -2.42313  -21.6699  3.70181  25.5689  8.50724  43.8898  0.282657  -4.90613  8.29824  
-0.995786  17.3268  -3.34289  -3.20244  -0.985958  260.587  4.24387  -15.1345  -2.3136  -4.79143  -0.229562  -5.49934  0.283709  -2.2879  -2.83315  9.09146  -8.34497  1.6141  -0.0521086  16.3206  6.66559  36.4362  -0.502474  3.39531  0.288355  
-0.375858  -4.33228  1.66499  -0.982349  -0.235203  79.8667  3.30527  -6.90165  -1.4706  -9.55608  -1.48151  -5.8694  -0.715341  -7.26027  -7.22766  2.01394  -7.30354  23.2774  -2.24718  -3.39027  5.73289  21.8178  -1.13994  5.4797  -9.73489  
0.211674  -27.924  1.80439  5.00705  0.42857  32.7328  1.38756  -0.155002  -1.35794  -8.05987  -1.50885  -7.20045  0.292605  -9.16009  -14.4879  -1.98994  -0.992528  18.1028  -0.586535  -19.2465  7.55779  5.72997  -1.03705  1.27442  -7.04205  
0.392387  -29.6415  -1.91157  8.01785  0.638572  203.943  1.20314  2.71841  -2.3408  -2.78666  -0.138877  -6.32011  0.721245  -7.24509  -17.2906  -1.64563  1.65787  -11.6826  2.26396  -19.5041  8.72516  -3.9385  -0.32381  -3.14124  9.16206  
0.29137  -6.99333  -3.41836  4.16285  0.512983  446.661  2.66027  3.58786  -2.94227  -0.506557  1.38588  -0.645153  -0.550312  -4.23616  -10.408  -0.444407  -2.69794  -36.0518  1.93363  -6.00858  4.15301  -3.66826  0.302806  -2.17556  21.7756  
0.405271  18.8758  1.75452  -2.77382  0.489729  506.159  3.37712  4.69208  -1.80136  -3.52544  1.46782  8.67075  -1.0341  -1.93529  3.75728  -1.86953  -6.56729  -28.6376  -2.57132  8.13551  -7.10896  0.0409135  0.260192  3.81294  15.623  
0.954413  27.2384  10.7597  -5.48768  0.774087  278.931  1.93199  5.98789  0.51665  -6.50698  0.00430213  16.8303  2.09957  1.07074  15.9592  -5.61097  -1.64025  4.32748  -7.93397  11.4706  -19.3771  -4.01068  -0.262863  9.64251  -3.92599  
1.51256  19.0368  15.5298  -1.2926  1.0572  -78.9707  -0.326567  6.68275  2.06893  -3.30981  -1.33759  19.0424  7.59607  6.56664  17.4542  -8.12747  9.25352  31.3696  -10.0655  3.82198  -23.9792  -18.0217  -0.331134  10.8301  -17.9128  
1.44668  11.2287  10.8282  5.02889  0.891788  -317.87  -0.943357  7.59529  1.72985  4.79901  -1.01518  14.3095  10.4733  12.8837  7.83383  -6.561  14.4438  30.502  -7.48427  -6.10726  -16.0064  -29.1855  0.872035  7.28759  -16.2909  
0.68415  14.3599  -0.79352  6.9184  0.285998  -336.275  0.717318  9.35014  0.398913  10.2545  0.358647  5.83197  7.08644  15.157  -4.03307  -1.5512  7.58628  10.2539  -1.65974  -10.493  1.38048  -21.6565  3.03409  2.20835  -5.60925  
-0.143336  21.6724  -12.1495  3.13593  -0.230958  -235.703  2.80555  8.57398  -0.173051  8.41095  0.571362  -2.00706  -1.02694  9.86954  -7.49593  3.67378  -4.50111  -3.64323  4.30385  -8.4401  18.941  4.87935  4.71453  -1.5199  4.81777  
-0.383888  20.6621  -18.0356  -1.73581  -0.181305  -171.427  3.12593  -0.595418  0.465473  2.87079  -1.38878  -6.90369  -8.67891  -0.724619  0.2957  6.39152  -10.1738  2.02794  7.16235  -3.57236  27.7095  31.5612  4.58295  -3.49354  14.9494  
-0.0460962  9.59421  -17.6498  -3.17623  0.339516  -200.598  1.45179  -18.3609  0.967286  0.343739  -3.61329  -9.27452  -11.7439  -9.76329  11.7066  6.46139  -6.45168  17.5185  5.52406  1.20905  24.7034  37.7498  2.76947  -5.10779  27.3308  
0.291035  -1.44378  -12.4779  -1.62308  0.777656  -266.42  -0.518321  -33.9856  -0.0404549  1.88576  -3.1217  -10.4046  -10.0293  -11.7784  15.1832  5.68202  -1.22563  25.2838  1.64986  5.36358  13.6665  21.1061  0.830444  -7.36287  34.4955  
0.15085  -3.77596  -4.683  -0.97101  0.68587  -278.78  -1.20668  -33.3236  -2.09185  2.09245  0.540769  -10.611  -6.22496  -7.52089  5.33106  5.51603  -2.49196  18.9147  0.0496007  8.76304  0.960762  -0.923112  0.22712  -9.36751  23.8273  
-0.405106  0.395344  2.34947  -3.20862  0.0864956  -184.394  -0.678284  -14.4427  -3.36517  -3.22646  4.16604  -9.2872  -3.003  -2.44942  -12.6474  5.99881  -8.56167  4.38895  2.55617  10.0916  -9.00292  -9.24006  0.845516  -8.85725  -3.47132  
-0.971278  2.40743  5.14349  -6.09138  -0.650861  16.6969  -0.221273  6.72179  -3.04559  -11.1581  3.8436  -6.27096  -1.21451  -0.766443  -27.3866  6.01395  -10.7115  -11.7312  5.40322  8.25971  -15.28  -1.24354  1.1928  -4.45305  -28.3899  
-1.23418  -2.13881  3.88208  -6.19463  -1.14144  265.526  -0.797469  10.5125  -2.52369  -14.9511  -0.931412  -2.64635  -0.060836  -1.81276  -30.0294  4.59916  -4.17449  -29.0154  3.37964  5.13298  -18.3683  9.4461  0.132995  2.30696  -34.6266  
-1.136  -9.21124  3.6279  -2.9255  -1.18144  443.555  -2.0713  -5.19364  -3.61814  -11.7115  -6.64612  -0.0311091  1.61247  -2.47566  -19.8352  1.39422  5.96521  -47.1047  -2.92926  5.01969  -17.8799  9.2907  -1.63162  7.39286  -26.828  
-0.74252  -11.8908  8.95035  1.28907  -0.775048  426.345  -2.80648  -20.9514  -5.84801  -4.76736  -9.10965  0.754884  3.98521  -1.57092  -3.33936  -3.08388  10.5802  -57.6664  -6.49325  9.99262  -12.6686  -0.90559  -2.0898  7.35736  -21.9839  
-0.129656  -7.66507  17.2857  3.83192  -0.104686  193.045  -1.95517  -15.9254  -6.35429  1.25138  -7.31694  0.191933  5.89875  -0.828097  10.7376  -6.79661  6.8327  -47.7427  -2.23871  15.9139  -2.6913  -7.99895  -0.0361861  2.42531  -25.4396  
0.581746  -0.368758  19.9823  3.68286  0.552566  -108.24  0.494766  8.70015  -3.00876  5.17752  -3.58329  -0.57999  5.91815  -1.3016  16.889  -6.35815  1.02804  -13.6768  5.61847  15.3846  9.55926  -1.33005  3.42355  -3.55511  -24.6147  
1.19799  4.15735  11.473  1.2117  0.984829  -247.962  3.45406  29.7262  2.84888  8.2613  -0.591665  -0.731592  3.89555  -0.928897  15.4249  0.195042  1.02327  29.6292  7.72603  5.47449  20.2268  15.6148  5.70682  -6.40467  -8.01199  
1.53897  3.69072  -3.53638  -2.0637  1.15364  -118.786  5.45034  26.4867  7.43264  10.2648  1.16334  -0.217243  1.33101  2.64377  11.1196  9.52107  7.32165  56.847  1.11618  -7.8499  26.2572  29.2528  5.23267  -5.07834  17.6075  
1.51753  1.15638  -13.7054  -3.69793  1.10505  147.283  5.54473  2.80228  8.17802  8.96775  2.6487  0.287707  0.0452639  7.70438  8.87274  13.8314  12.9382  53.2654  -6.37845  -14.475  27.035  30.7684  2.96596  -2.08689  34.8532  
1.11863  0.890801  -12.2136  -1.97961  0.806976  290.797  3.78615  -17.8145  5.88172  3.89148  4.05135  -0.13714  0.465895  8.66521  9.16668  8.17422  11.7159  28.7581  -5.39796  -10.0163  23.8613  24.4279  1.26383  -0.767144  36.5349  
0.376437  3.61572  -3.28101  1.40724  0.187875  164.981  1.00059  -17.2961  3.14265  -1.29801  4.26747  -1.80594  1.34012  2.35551  7.5397  -3.33993  4.97108  8.10795  3.14788  -0.609382  18.9147  19.2738  1.14041  -2.12053  30.9088  
-0.526096  5.79067  2.65999  1.93202  -0.609359  -134.181  -1.77596  -0.34864  1.52806  -1.81967  2.63503  -3.7568  1.19931  -7.11767  -0.664861  -10.4911  -0.984668  5.71564  8.70895  3.42292  13.762  14.5392  1.06763  -4.04007  27.0002  
-1.18796  4.30297  -0.254654  -3.15287  -1.12774  -371.534  -3.63882  13.9427  0.762358  2.95159  0.403102  -4.28821  -0.207322  -11.6624  -14.2361  -7.62794  -2.4978  12.2166  3.75559  -1.48997  8.5398  -0.800553  -1.06955  -3.42225  23.5166  
-1.18162  0.521426  -7.75736  -10.4548  -0.924544  -373.849  -3.908  13.7076  0.12769  8.41298  -0.500045  -2.73404  -1.98108  -7.70213  -24.9492  0.5205  -1.53561  9.21733  -6.95152  -9.21143  1.78446  -30.6215  -4.96589  0.783977  15.4715  
-0.431239  -1.40157  -10.6167  -12.4001  -0.0425399  -137.882  -2.32316  4.32349  -0.353035  9.4661  0.167842  -0.630086  -3.20443  -0.144098  -23.6666  4.94806  -1.4887  -4.63537  -11.7905  -12.2173  -7.4464  -58.4467  -7.42653  6.28916  5.20246  
0.620455  0.0947306  -4.85364  -4.74707  0.93749  192.616  0.592226  -1.58129  -0.37436  5.78678  0.550761  -0.379315  -3.72675  3.36326  -8.72109  2.62058  -2.49849  -11.238  -5.62022  -10.0914  -16.6336  -60.0158  -5.47561  9.19529  -0.147134  
1.31016  2.24254  3.89216  7.9353  1.39125  404.582  3.56711  0.768535  -0.243025  1.85844  -1.08622  -2.41657  -3.92327  0.781006  11.79  -1.7779  -2.43735  1.65648  4.77113  -7.5852  -19.969  -31.6971  0.262166  7.30091  -0.511238  
1.25337  1.94329  6.3939  15.7244  1.16236  328.028  5.31786  5.3097  -0.665103  1.89907  -4.32282  -4.33559  -4.04654  -2.9315  26.2997  -3.9227  -1.20289  20.1007  8.99012  -6.59922  -14.2838  0.809293  5.7301  1.89334  -4.60626  
0.573841  -0.191584  -0.0496977  13.2002  0.559718  -13.4772  5.44847  4.47529  -1.78481  5.48229  -7.11422  -3.61008  -3.97371  -2.49646  28.8939  -6.07108  -1.39986  18.256  4.86737  -4.93844  -5.58735  9.84106  7.12967  -3.69648  -16.15  
-0.300291  -0.953968  -8.31874  5.11755  -0.0617659  -341.269  4.61856  -2.25136  -2.91981  8.19405  -8.13749  -0.881616  -3.4661  1.25312  22.7406  -13.072  -4.33048  -8.35002  0.261813  -3.18012  -7.02181  -1.73498  4.29423  -7.12194  -24.3102  
-0.985816  1.01845  -8.83285  1.06456  -0.578851  -316.104  3.73678  -9.30368  -3.33244  6.35803  -7.90331  0.544736  -2.54647  3.03195  15.3732  -24.3097  -7.35201  -34.6121  3.50593  -6.79858  -26.3812  -4.78737  0.304215  -8.39085  -14.6913  
-1.2999  3.68273  -0.168266  4.60021  -0.966501  99.2267  3.07551  -11.8692  -2.92973  0.890709  -7.33938  -1.20396  -1.47569  0.0571855  11.1505  -32.347  -6.98307  -35.6552  13.5512  -17.3669  -53.7584  17.1212  -1.85004  -8.49689  11.2081  
-1.20074  4.23819  8.78741  9.45162  -1.07477  518.887  2.20342  -9.93123  -2.11671  -3.48754  -6.23457  -3.9444  -0.459325  -4.29788  8.41017  -29.7669  -3.43181  -16.3978  20.4274  -25.4655  -65.0522  42.8864  -1.7731  -7.53143  32.2544  
-0.725685  1.89123  7.96562  6.96727  -0.717367  488.412  0.635445  -6.36806  -1.27075  -2.68346  -3.56001  -3.89437  0.442994  -4.32145  3.23012  -15.3015  -0.0378934  -2.07614  15.2008  -18.5987  -41.656  37.542  -1.00756  -4.79101  27.0701  
-0.012041  -2.15256  -3.00615  -3.6725  0.0331659  -13.6093  -1.55238  -3.05031  -0.495295  2.85761  0.68814  -0.388568  1.26571  0.852513  -5.23576  6.37693  1.49795  -3.42919  -0.895462  3.30784  10.4753  -3.18224  -0.609479  -0.43466  -3.03318  
