-2.54  -4.08817  -2.30853  -2.38978  -3.44359  -3.20912  -5.50414  -2.51043  -1.04884  -2.78764  -3.1  -5.63221  -0.298435  -2.44691  -2.28564  -2.19851  -4.93564  -3.2171  -2.38053  -2.20136  -2.55554  -2.51921  -8.54336  -2.47906  -2.30231  
1.50812  0.276531  0.676999  2.62428  -3.59676  -3.14459  -5.6532  2.09609  2.14736  0.97161  1.23488  -0.568568  1.83489  2.46936  2.32249  1.17434  1.16459  2.99833  2.24598  3.81651  0.401784  1.35165  -8.01884  1.58991  0.503635  
4.78465  4.21621  3.59764  4.61457  -0.529048  0.255253  -0.381936  5.3897  4.86926  4.2215  4.62362  3.5669  4.18936  5.55989  5.66623  4.22205  3.12465  6.59895  5.48087  7.07974  3.69804  5.20447  -4.794  4.52184  3.72492  
6.5187  6.72172  5.82693  4.01791  4.91894  6.33933  7.73683  6.69465  6.44144  6.24666  6.34241  5.98333  6.15592  6.27639  7.07841  6.29228  0.979025  6.92247  6.64566  6.98038  6.49417  7.72739  0.497141  5.80498  6.49744  
6.33972  6.93345  6.47356  3.70533  8.65391  10.6063  11.0968  6.26605  6.39415  6.51828  6.23317  6.14693  6.64191  5.44119  6.69292  6.74604  -0.828017  5.4043  6.06576  5.02861  7.41307  7.21111  4.6793  5.74433  7.34133  
4.70042  5.20506  5.25258  4.95683  7.80759  9.0209  6.68002  5.00883  4.97626  5.25314  4.86772  4.0306  5.18089  4.23429  5.17827  5.61156  1.96123  3.94228  4.70455  3.05186  6.1229  3.73469  5.39396  5.03873  5.92382  
2.70208  2.96147  2.92953  5.81631  3.61974  2.24343  -0.221621  3.76741  2.9972  3.38617  3.20466  0.501467  2.6948  3.22913  3.30446  3.71369  8.25269  3.26997  3.43296  1.8455  3.82576  -0.238541  3.09364  4.15216  3.65474  
1.30305  1.31793  0.816317  3.84541  -0.223069  -4.46517  -2.86609  2.81376  1.14727  1.83461  1.9272  -2.66074  0.789344  2.34622  1.63915  2.04288  11.8878  2.82714  2.51489  1.27242  1.97545  -1.95818  0.0148874  3.07952  2.29953  
0.663087  0.266996  -0.253297  -0.332449  -1.35857  -5.84531  -0.86834  1.92519  -0.311942  0.851405  1.05747  -3.63806  0.0913285  1.47307  0.468798  1.02967  8.25516  1.86873  1.69068  0.896719  0.94423  -0.986668  -1.87965  1.6952  2.18403  
0.280648  -0.692316  -0.489699  -3.41683  -0.403289  -1.35141  0.693984  0.925212  -1.23848  0.135144  0.259576  -2.07994  -0.34983  0.778914  -0.168045  0.463888  0.162962  0.414633  0.688813  0.187445  0.157577  0.640563  -1.9484  0.204026  2.10213  
-0.290527  -1.53286  -0.697465  -3.11679  0.59035  4.5182  -1.35954  -0.0303627  -1.38401  -0.573945  -0.583124  0.35314  -1.80625  0.396592  -0.389655  -0.0183928  -4.62401  -0.875626  -0.382961  -1.2554  -0.736762  0.814542  -0.8149  -0.894133  0.954134  
-0.958168  -1.75512  -1.27677  -0.492777  0.39593  6.61116  -4.39247  -0.659249  -0.742212  -1.162  -1.17334  1.33502  -4.28149  0.0951659  -0.353398  -0.516507  -2.22913  -1.47587  -1.11839  -3.00681  -1.31726  -0.502853  0.103195  -1.30078  -0.866783  
-1.28434  -1.24349  -1.77811  1.58413  -0.709537  3.77658  -3.98922  -0.91427  0.12051  -1.36962  -1.17178  0.0316431  -6.36029  -0.450398  -0.132151  -0.881232  2.65965  -1.46742  -1.23319  -3.56736  -1.04722  -1.62136  -0.390625  -1.23482  -1.96936  
-1.04016  -0.586977  -1.51314  1.48918  -1.82521  -0.768164  0.257838  -0.980059  0.488149  -1.16417  -0.653588  -2.24486  -6.92286  -1.13911  0.270115  -0.972416  2.57758  -1.3078  -0.87491  -1.63887  -0.108453  -1.27008  -1.91401  -1.15076  -1.59438  
-0.481662  -0.425338  -0.542086  -0.1488  -2.39903  -3.32649  4.52787  -0.954469  0.277998  -0.786276  -0.108718  -3.63709  -6.58753  -1.45463  0.780636  -0.809764  -3.20255  -1.31491  -0.5004  2.01988  0.709612  0.0381378  -2.63242  -1.21268  -0.38581  
-0.10134  -0.783234  0.164442  -1.9156  -2.40849  -3.33105  5.17888  -0.736962  0.106989  -0.514006  -0.00505267  -3.70225  -6.95975  -1.07657  1.14026  -0.535873  -7.46386  -1.45847  -0.450288  4.58831  0.855786  0.804356  -1.51008  -1.1888  0.410771  
-0.164051  -1.21323  -0.201902  -3.02365  -2.04388  -2.75398  2.09559  -0.259835  0.463862  -0.465505  -0.358287  -3.45532  -8.56529  -0.369566  1.03062  -0.316169  -4.1242  -1.55017  -0.65735  3.72472  0.505256  0.309791  -0.191627  -0.852676  0.242698  
-0.492905  -1.38308  -1.12523  -3.26768  -1.39784  -2.79105  -2.00442  0.250636  1.06577  -0.591342  -0.757867  -3.63192  -9.70548  -0.048401  0.375038  -0.245555  3.68313  -1.49379  -0.785748  0.134712  0.194058  -0.711217  -1.46188  -0.325538  -0.437757  
-0.68291  -1.29357  -1.21324  -2.58311  -0.451407  -2.4238  -4.128  0.426328  1.21154  -0.748959  -0.762702  -3.67861  -7.62052  -0.330163  -0.501134  -0.283664  6.81231  -1.33284  -0.618568  -2.92595  0.170249  -1.07039  -5.65288  0.0649641  -0.956795  
-0.508277  -1.06042  0.122305  -1.20722  0.691376  -0.665224  -2.61913  0.139888  0.606057  -0.778363  -0.316202  -2.74165  -1.34188  -0.659761  -1.08736  -0.285989  0.876719  -1.14168  -0.267195  -2.87128  0.20857  -0.492996  -9.5163  0.188481  -1.14184  
-0.123037  -0.75387  1.70059  -0.00663922  1.66285  1.19816  1.84404  -0.344468  -0.407733  -0.611829  0.233682  -1.19322  6.58302  -0.446211  -1.13312  -0.152944  -8.44211  -0.956749  -0.0097366  -0.243136  -0.0436858  0.215865  -9.53695  0.230624  -1.15944  
0.127901  -0.479923  1.70159  0.141061  2.05705  1.01371  5.86759  -0.644587  -1.32842  -0.352889  0.484423  -0.39288  11.521  0.146811  -0.826945  0.0414467  -11.6393  -0.79363  0.0227948  2.17997  -0.620249  0.219059  -5.84315  0.398494  -0.989091  
0.0653794  -0.419274  -0.289878  -0.605479  1.7896  -0.8814  5.22809  -0.634098  -1.90122  -0.219757  0.336636  -0.951477  10.4746  0.431786  -0.521255  0.123886  -5.5387  -0.645188  -0.0593701  2.3793  -1.14588  -0.415691  -2.10285  0.601983  -0.403487  
-0.17659  -0.607924  -2.75076  -1.1442  1.19231  -1.56254  -0.967288  -0.487343  -2.02106  -0.323757  0.00564593  -2.00527  4.91949  0.114161  -0.32158  0.0179893  4.13911  -0.465455  -0.0911978  0.836239  -1.16114  -0.916362  -1.63543  0.524535  0.587266  
-0.347865  -0.776247  -3.78817  -0.694138  0.647539  0.610523  -7.98701  -0.418018  -1.56238  -0.524788  -0.274269  -2.53667  -0.116149  -0.327576  -0.0820033  -0.175291  9.57238  -0.201266  -0.0555054  -0.53919  -0.543102  -0.780893  -4.61586  -0.00888769  1.47451  
-0.373407  -0.615132  -2.96002  0.444147  0.196462  3.29532  -9.16483  -0.444926  -0.626794  -0.574926  -0.487741  -2.7283  -0.588253  -0.304122  0.235139  -0.322543  8.40266  0.0859834  -0.0732794  -0.652183  0.315428  -0.327949  -9.05138  -0.795534  1.63641  
-0.369908  -0.12792  -1.24598  1.50902  -0.342283  2.88036  -2.76499  -0.42974  0.226562  -0.377154  -0.745774  -3.28793  2.8069  0.0607005  0.368542  -0.399606  4.47691  0.218493  -0.214784  -0.0442432  0.890005  -0.214018  -13.1193  -1.37258  1.06793  
-0.41872  0.296582  0.389225  2.08148  -1.00028  -0.579101  5.40953  -0.277188  0.397857  -0.100775  -1.02174  -3.78463  5.41735  0.122965  0.0481533  -0.442868  2.61185  0.108387  -0.408048  0.182702  1.03886  -0.573895  -15.8552  -1.37597  0.559326  
-0.436258  0.262376  1.77337  1.95906  -1.63684  -3.1391  7.57995  -0.0705413  -0.014366  -0.017256  -1.12508  -2.77477  3.29803  -0.347934  -0.603733  -0.432805  3.88123  -0.11265  -0.549709  -0.260642  1.12072  -0.852177  -16.625  -0.833236  0.895555  
-0.317473  -0.201003  2.9798  0.709099  -2.24584  -2.21846  1.94424  0.0374785  -0.187353  -0.236742  -0.934875  -0.00571395  -2.85995  -0.815755  -1.10205  -0.308866  5.60106  -0.228304  -0.634021  -0.764823  1.53648  -0.498573  -15.2423  -0.151831  1.95087  
-0.132629  -0.604691  3.50722  -1.79847  -2.98487  -0.226597  -5.83299  0.0170666  0.450401  -0.622892  -0.585524  2.41369  -8.27454  -0.692329  -1.03316  -0.110385  4.65899  -0.264356  -0.716133  -0.766523  2.16899  0.347822  -12.641  0.20591  2.74404  
-0.0783567  -0.455543  2.69127  -4.43251  -3.76088  -1.14798  -9.01039  0.0265236  1.38282  -0.934065  -0.303298  1.93453  -8.26392  -0.155366  -0.400675  -0.00893329  0.441334  -0.490588  -0.791227  -0.411715  2.35873  0.976887  -10.0359  0.10858  2.46844  
-0.216919  0.242819  0.811027  -5.10443  -3.99385  -4.47791  -6.45379  0.223862  1.52302  -1.03183  -0.0946491  -1.42871  -2.16246  0.0787707  0.45731  -0.120005  -4.89897  -1.04663  -0.774579  -0.219611  1.4428  0.884888  -7.62163  -0.134741  1.31234  
-0.366772  0.975959  -0.751509  -2.76427  -3.1752  -5.11551  -2.20991  0.518828  0.590361  -0.954155  0.258082  -4.69474  5.92919  -0.295017  1.11838  -0.319469  -8.4748  -1.64067  -0.609448  -0.356997  -0.562058  0.274441  -4.52795  -0.0977925  0.16959  
-0.319506  1.17879  -0.876674  1.0625  -1.68323  -0.0965342  0.263092  0.589987  -0.483087  -0.828081  0.84104  -4.74877  10.0602  -0.763195  1.25046  -0.328965  -9.17292  -1.76925  -0.349838  -0.475725  -2.84556  -0.241866  -0.282819  0.283056  -0.374331  
-0.133588  0.712805  -0.027988  3.32138  -0.702788  6.68889  1.37348  0.208724  -0.812768  -0.747034  1.33575  -1.31178  7.09729  -0.659104  0.710606  -0.039737  -8.55939  -1.27949  -0.122886  -0.255751  -4.33092  -0.335861  4.56504  0.577004  -0.587044  
-0.098535  -0.0918796  0.242225  2.49295  -1.0271  8.64372  3.01433  -0.441545  -0.878072  -0.707304  1.25355  3.00687  -0.247165  -0.0229206  -0.284216  0.309323  -9.11422  -0.50917  -0.0204914  0.106265  -4.44255  -0.250928  8.97452  0.302906  -1.03872  
-0.369974  -0.764864  -0.759907  0.309718  -1.99137  4.50425  4.82202  -0.879363  -1.91875  -0.644726  0.467018  5.26159  -5.34988  0.483581  -1.13691  0.357783  -11.1362  0.100052  -0.0255745  0.126927  -3.42832  -0.412365  11.3563  -0.480344  -1.72854  
-0.723454  -1.02187  -1.95558  -0.0851079  -1.94264  -0.193452  4.51419  -0.792639  -3.91638  -0.52281  -0.553877  4.48571  -3.91766  0.437136  -1.25667  0.014888  -11.6732  0.397585  -0.0417825  -0.329569  -2.05312  -0.862304  9.08465  -1.13034  -2.06335  
-0.774429  -0.885759  -1.69937  2.18469  0.0133657  -0.264755  1.43602  -0.36459  -4.86232  -0.387764  -1.13556  1.87212  1.4404  0.104537  -0.615627  -0.432299  -7.26483  0.409377  -0.00921325  -0.834004  -1.01435  -1.19677  0.670275  -1.05628  -1.66698  
-0.430951  -0.616834  0.143317  4.39741  2.84152  2.66754  -2.02794  -0.0814231  -2.7492  -0.325701  -1.02114  -0.663761  3.97015  0.00597323  0.161277  -0.635644  1.88006  0.0754291  -0.00228275  -0.88487  -0.573435  -1.03638  -10.0183  -0.368365  -0.860509  
-0.0240582  -0.56805  1.86744  3.13154  4.41794  2.77396  -3.13586  -0.229663  1.80909  -0.351432  -0.57088  -1.83899  0.442465  0.254119  0.407126  -0.542564  10.8926  -0.613439  -0.155051  -0.48185  -0.587301  -0.47534  -14.3087  0.217932  -0.157868  
0.068648  -0.93344  1.79301  -1.53963  3.63652  -1.85864  -1.83149  -0.65037  5.68002  -0.370126  -0.333603  -1.47039  -5.02415  0.540693  0.0452631  -0.376994  14.0729  -1.24165  -0.461613  -0.0583952  -0.731286  0.0137566  -7.70241  0.148199  0.442102  
-0.146851  -1.54583  0.160505  -5.47373  1.57353  -6.26672  -0.453231  -0.973111  6.28994  -0.273294  -0.448514  -0.316655  -5.68633  0.628888  -0.451417  -0.324749  9.87133  -1.16906  -0.696705  0.106061  -0.706059  0.0774399  1.89407  -0.406  1.28504  
-0.318243  -1.96978  -1.1511  -4.61662  0.362497  -4.57923  -0.789778  -1.00216  4.2248  -0.0754241  -0.532406  0.376499  0.209387  0.617888  -0.656959  -0.322799  1.90152  -0.281698  -0.628916  0.199439  -0.313211  -0.198002  0.41246  -0.807339  2.22978  
-0.202282  -1.92723  -0.780219  0.405573  0.904629  2.62794  -2.44881  -0.833434  2.24131  0.076431  -0.153732  -0.427556  7.70956  0.670869  -0.53036  -0.189391  -4.79227  0.597159  -0.329529  0.502183  0.411944  -0.476945  -14.4286  -0.683435  2.56214  
0.0431612  -1.58771  0.744784  4.62013  1.92564  8.59759  -3.99055  -0.659676  1.96476  0.0570173  0.6099  -2.72203  10.799  0.632877  -0.203167  0.106185  -7.76175  0.436907  -0.149868  0.889788  1.15448  -0.575324  -25.1385  -0.252882  1.95547  
0.0869808  -1.34496  1.7625  3.97583  1.4359  7.65251  -4.4345  -0.592304  2.30991  -0.105911  1.18403  -5.18417  8.03365  0.208402  0.292876  0.392786  -7.58613  -0.81653  -0.312164  0.909198  1.43584  -0.575462  -11.4063  0.0574916  1.09967  
-0.145061  -1.30485  1.34693  -0.290758  -1.00995  0.828918  -3.56929  -0.648939  1.32893  -0.26308  1.07681  -6.17477  2.34471  -0.494461  0.922219  0.46851  -5.46299  -2.05153  -0.594061  0.358335  0.974467  -0.590858  23.9297  0.103237  0.90535  
-0.395625  -1.15066  0.157505  -3.3423  -3.69705  -5.79748  -1.52331  -0.780694  -1.10315  -0.30835  0.42237  -5.5173  -2.82265  -0.893079  1.39174  0.261631  -1.65976  -2.0726  -0.556147  -0.416792  -0.00387985  -0.565981  51.9019  0.0194775  1.24186  
-0.423935  -0.606761  -0.521018  -2.4861  -4.44527  -7.16338  1.0318  -0.826354  -3.19358  -0.291837  -0.153854  -5.14283  -5.84701  -0.537618  1.26773  -0.145931  3.40196  -0.850798  -0.0911589  -0.88368  -0.866296  -0.37626  45.6412  -0.118943  0.960985  
-0.300021  0.128806  -0.108195  0.0776503  -2.8322  -3.05145  2.64947  -0.55555  -3.6027  -0.350212  -0.22525  -7.21736  -6.55898  0.271931  0.430721  -0.56047  7.46885  0.488713  0.396967  -0.888214  -1.02926  -0.0614464  9.78589  -0.401903  -0.645051  
-0.272034  0.54288  0.858315  0.657983  -0.61426  2.90607  2.32624  0.0904758  -3.01263  -0.556836  -0.0237043  -11.2905  -5.53445  0.680282  -0.684728  -0.741223  7.30696  0.787986  0.455031  -0.707756  -0.468437  0.173328  -23.8546  -0.80454  -2.72529  
-0.421625  0.408362  1.3776  -1.27435  0.0257628  6.59797  0.928172  0.799488  -2.8678  -0.83331  -0.123986  -13.7987  -3.94607  0.205455  -1.41262  -0.557191  1.71707  -0.0821116  0.123296  -0.60788  0.297813  0.191459  -29.4606  -1.02289  -3.59016  
-0.57321  0.029338  0.779682  -3.21714  -1.35418  5.99423  0.712779  1.09201  -3.15254  -1.00759  -0.699416  -11.3305  -2.68399  -0.689561  -1.39998  -0.173884  -6.52207  -1.19911  -0.135844  -0.522359  0.600405  0.0810338  -11.7571  -0.768434  -2.52088  
-0.542141  -0.102039  -0.830331  -3.4874  -2.99595  1.95777  2.71203  0.82865  -2.33833  -0.958358  -1.26172  -4.52204  -1.1496  -1.17624  -0.851588  0.0189834  -12.2196  -1.48073  -0.0444727  -0.253631  0.202059  0.0312687  3.80366  -0.192645  -0.502899  
-0.354693  0.162733  -2.59864  -2.90241  -2.67501  -2.32462  5.02701  0.414493  0.321109  -0.712832  -1.21463  2.042  1.98161  -1.06375  -0.286228  -0.181283  -11.7279  -0.582525  0.138228  0.163079  -0.539437  0.103901  0.400879  0.169506  0.94477  
-0.172251  0.520395  -3.32478  -2.47856  0.0354001  -3.29085  4.65063  0.363411  3.26691  -0.430925  -0.551457  4.27655  6.18307  -0.850557  -0.0781182  -0.478661  -5.57401  0.830654  -0.0423449  0.444946  -0.956329  0.175493  -15.241  -0.0499461  1.35744  
-0.0823939  0.514439  -2.32426  -1.40892  3.2011  0.25775  0.881647  0.661583  4.12705  -0.273241  0.130145  2.56812  8.40859  -0.798194  -0.139897  -0.390355  2.45809  1.66284  -0.642689  0.389518  -0.668006  0.0990205  -25.2614  -0.655097  1.50095  
-0.0501285  -0.0914172  -0.126006  1.32335  4.31364  5.64122  -3.52801  0.740459  2.52934  -0.259296  0.29335  0.893121  6.11013  -0.45948  0.000586622  0.107764  8.45114  1.27837  -1.20819  0.0878886  0.0673068  -0.126099  -21.3148  -1.12508  2.18771  
-0.036602  -1.13537  1.75792  4.49375  2.70703  7.94405  -4.88319  0.155834  0.678383  -0.25863  -0.0105582  2.38897  0.40143  0.544117  0.713044  0.43792  10.516  0.0475885  -1.25931  -0.211657  0.579146  -0.332669  -10.2244  -1.19164  3.19099  
-0.0642977  -2.08417  2.18204  5.54759  0.146024  4.17893  -2.20012  -0.774505  0.850226  -0.136825  -0.329345  6.35524  -4.8271  1.58953  1.71676  0.0968806  8.79136  -1.04741  -0.769612  -0.369543  0.407718  -0.333569  -2.92543  -1.05466  3.44322  
-0.141625  -2.2861  1.49287  3.87143  -1.05514  -3.65136  1.77678  -1.21902  2.80279  0.0650375  -0.392409  9.42745  -6.76649  1.64647  2.07853  -0.646626  4.51462  -1.3335  -0.143432  -0.426909  -0.247633  -0.105277  -3.12239  -1.01259  2.19476  
-0.201198  -1.44538  1.03442  1.60571  -0.312476  -9.74815  2.81995  -0.735643  4.18497  0.137577  -0.346029  9.05659  -5.85906  0.856293  1.02421  -0.971145  -0.522607  -1.02385  0.207169  -0.452695  -0.783532  0.131326  -7.03549  -1.00984  -0.132851  
-0.171205  0.0251944  1.41488  0.734361  1.00899  -9.32113  -1.02746  0.196273  3.3029  -0.0749258  -0.447055  5.61137  -4.25446  0.752873  -1.11909  -0.460265  -4.30592  -0.769005  0.186039  -0.429361  -0.817755  0.0750954  -10.1674  -0.690323  -2.28106  
-0.0778846  1.21917  1.70745  0.675679  1.47512  -2.85089  -7.29273  0.662043  0.900093  -0.479059  -0.668281  1.72148  -3.41482  2.34081  -2.94311  0.383214  -5.59781  -0.836575  -0.0287269  -0.301507  -0.58927  -0.336624  -11.295  0.0973513  -3.19538  
-0.0289676  1.49648  0.776592  -0.264618  1.19658  4.13982  -10.7674  0.26835  -0.941791  -0.805034  -0.736134  0.0827249  -3.46383  4.26432  -3.14703  0.693604  -4.92865  -0.848514  -0.226722  -0.0812186  -0.587352  -0.782403  -10.9439  0.967019  -2.8012  
-0.101322  1.01975  -1.06871  -2.12596  1.23962  5.91993  -7.88211  -0.518619  -1.0457  -0.891021  -0.490524  1.50024  -3.98663  3.80055  -1.78183  0.227119  -4.02253  -0.401442  -0.335633  0.126766  -0.95105  -0.838601  -9.25762  1.28773  -1.87178  
-0.273603  0.49636  -2.24841  -3.38952  1.8669  1.76523  -0.513022  -0.981473  0.0851904  -0.833201  -0.0672691  4.46129  -4.40847  0.00231894  -0.163088  -0.417059  -3.7242  0.280436  -0.400736  0.190303  -1.24403  -0.457489  -6.39568  0.813861  -1.19363  
-0.449985  0.380076  -1.88713  -3.37971  2.12366  -3.46478  5.43908  -0.919739  1.31431  -0.819944  0.303891  6.52334  -3.94146  -4.78746  0.403215  -0.517222  -2.9523  0.532017  -0.445495  0.0485369  -0.9261  -0.0615505  -3.67969  -0.0201123  -0.900792  
-0.521973  0.467153  -0.922651  -2.99586  1.33867  -4.22017  5.61322  -0.723214  2.00154  -0.87227  0.591484  6.47633  -2.19932  -7.0549  -0.194403  0.00443973  -0.558001  0.0203157  -0.417264  -0.230989  0.0277551  -0.0698926  -2.4709  -0.501951  -0.587868  
-0.432174  0.273831  -0.799919  -2.7966  0.379955  0.0866155  1.29415  -0.771028  2.04872  -0.82535  0.919412  5.23176  0.225684  -5.6343  -0.978284  0.590965  2.14677  -0.782926  -0.260463  -0.502221  1.04171  -0.403095  -2.14958  -0.344608  0.0257114  
-0.232393  -0.341493  -1.45761  -1.97921  0.755474  4.58556  -2.33792  -0.961954  1.46606  -0.583013  1.25394  4.33412  2.38152  -2.63384  -0.979356  0.66606  2.3862  -1.08524  -0.0393316  -0.647563  1.46548  -0.587034  -0.909252  0.0694379  0.728622  
-0.0809696  -1.06004  -1.37419  -0.0495595  2.51589  4.31831  -2.09938  -0.892384  0.344668  -0.279441  1.25584  3.90016  4.07935  -0.851683  -0.132514  0.130286  -0.397133  -0.593125  0.0718855  -0.639411  1.18723  -0.351843  1.16339  0.146694  1.02973  
-0.120138  -1.50511  0.335005  1.66035  3.80046  -0.254827  0.433197  -0.395669  -0.961383  -0.129159  0.586097  2.65477  5.605  -0.983146  0.858059  -0.671704  -3.01627  0.196166  -0.0318396  -0.497201  0.634628  0.0550841  1.20534  -0.269407  0.624527  
-0.312665  -1.57793  2.64196  1.57152  2.92521  -3.82889  1.66411  0.246922  -2.03564  -0.161698  -0.638359  0.13684  6.2232  -1.61527  1.30666  -1.29382  -1.97262  0.530959  -0.259328  -0.228423  0.320212  0.231888  -2.90405  -0.772753  -0.282392  
-0.441083  -1.39891  3.71474  0.198498  0.527095  -2.25721  0.210379  0.615125  -2.74825  -0.1896  -1.77305  -1.96384  4.09316  -1.37748  1.11222  -1.49686  1.92975  0.156137  -0.410678  0.13548  0.32683  0.158589  -8.7916  -0.856447  -1.02307  
-0.328971  -1.09476  2.88464  -0.558829  -0.971314  2.72854  -2.54445  0.579125  -3.17435  -0.0514445  -2.14252  -1.52738  -1.32058  -0.381845  0.62459  -1.30976  4.1316  -0.509505  -0.415097  0.456074  0.314197  0.157999  -11.6377  -0.413942  -0.901514  
-0.0591641  -0.790586  1.03261  -0.338503  -0.133318  5.48756  -5.28622  0.354676  -3.28731  0.195533  -1.65251  1.21565  -7.34534  0.374038  0.166005  -0.91641  1.80431  -0.801627  -0.384101  0.509204  -0.0657589  0.351294  -10.3142  0.221286  0.221048  
0.0927044  -0.686637  -0.608496  -0.877311  1.76871  2.8441  -7.78963  0.194182  -3.02264  0.359896  -0.853688  3.58038  -9.90564  0.407289  -0.236671  -0.473638  -2.46854  -0.418253  -0.39194  0.167812  -0.738732  0.377214  -9.14143  0.638974  1.69437  
-0.0387079  -0.965026  -1.41629  -3.03585  2.18703  -2.4096  -9.10716  0.120891  -2.57901  0.330496  -0.376751  3.32459  -7.66083  0.111671  -0.682304  -0.0309337  -3.60658  0.344478  -0.305154  -0.445211  -1.22203  -0.158591  -12.0418  0.674778  2.41211  
-0.316262  -1.51498  -1.22396  -4.6454  0.252658  -4.60516  -6.97928  -0.00185234  -2.21823  0.163056  -0.33801  0.971899  -3.55791  -0.0512352  -1.10309  0.370573  0.072273  0.799182  0.0505639  -1.0264  -1.09598  -1.06099  -16.8007  0.43805  1.7272  
-0.443695  -1.89714  -0.0818809  -2.83157  -2.20533  -1.37093  -0.61065  -0.218351  -1.677  -0.0194457  -0.348003  -1.13673  -1.59038  -0.1375  -1.22118  0.603644  4.95665  0.442123  0.556606  -1.2867  -0.453504  -1.5886  -18.4999  0.127273  0.14143  
-0.285568  -1.70593  1.39942  1.9455  -2.71274  3.84834  6.41835  -0.382606  -0.279295  -0.135821  -0.0544031  -1.51158  -2.40531  -0.406971  -0.828617  0.544246  6.27648  -0.568537  0.796233  -1.07762  0.132586  -1.23041  -17.9358  -0.136911  -1.10198  
-0.0110029  -1.01166  1.96669  5.64547  -0.888193  5.45754  8.5381  -0.31855  1.91689  -0.166459  0.426194  -0.693868  -2.92993  -0.743144  -0.0703114  0.223572  3.24634  -1.41387  0.470904  -0.433046  0.171162  -0.308498  -22.0598  -0.363281  -1.21775  
0.0889366  -0.320418  0.764518  5.08498  1.2202  1.50081  4.1323  -0.0526172  3.49469  -0.14321  0.671202  -0.0850409  -0.31048  -0.675014  0.599255  -0.168549  -0.647173  -1.34174  -0.217975  0.373322  -0.239402  0.321816  -32.9818  -0.617428  -0.535548  
-0.104578  -0.0562508  -1.52264  1.54581  1.38833  -4.3666  -2.22463  0.174681  2.87089  -0.130896  0.434355  -0.398169  4.64867  -0.058134  0.795818  -0.488367  -1.75656  -0.462214  -0.718734  0.843862  -0.510507  0.163552  -39.7242  -0.890293  0.00618532  
-0.42655  -0.105926  -3.11001  -1.11803  -0.624638  -6.62218  -4.19388  0.133368  0.2867  -0.164334  -0.111446  -1.39021  8.23216  0.56231  0.523581  -0.729705  0.330975  0.287637  -0.692804  0.577621  -0.23814  -0.421901  -26.9746  -1.04364  -0.0840508  
-0.592402  0.0358163  -2.87437  -1.23173  -3.12957  -3.49755  -0.510492  -0.172948  -2.07148  -0.192087  -0.577566  -2.34323  7.56841  0.506087  0.147218  -0.884726  3.21652  0.210215  -0.355003  -0.255807  0.351012  -0.647493  6.1446  -0.935737  -0.437211  
-0.462112  0.662396  -1.48222  -0.646154  -4.26759  1.32916  4.06742  -0.506292  -2.3247  -0.120491  -0.729523  -2.42029  3.02865  -0.234449  0.00900245  -0.823564  4.24069  -0.259746  -0.190041  -0.895103  0.70303  -0.163338  39.8679  -0.610945  -0.442698  
-0.157876  1.47229  -0.553098  -1.29427  -3.38893  2.89738  4.08073  -0.622782  -0.910376  0.0496311  -0.608952  -1.07811  -2.6856  -0.945351  0.118625  -0.475036  2.22562  -0.0979057  -0.40393  -0.714654  0.621532  0.598321  50.6198  -0.30008  -0.0150749  
0.0639633  1.85291  -0.906519  -2.17981  -1.01302  0.388691  -1.13595  -0.45894  0.118332  0.188583  -0.399562  1.14422  -6.65721  -0.987722  0.18053  -0.0786098  -2.23507  0.863456  -0.708743  -0.00199531  0.464624  0.921261  33.8707  -0.16917  0.370892  
0.0542711  1.51501  -1.83866  -1.21103  1.8901  -2.3116  -7.39792  -0.150187  -0.376227  0.18388  -0.254038  2.44732  -7.02901  -0.489275  -0.067511  -0.0228156  -7.06174  1.42857  -0.687333  0.285205  0.581887  0.559793  7.59294  -0.127505  0.294042  
-0.111224  0.723557  -2.07217  1.0759  4.27821  -1.57779  -10.3073  0.106063  -1.41531  0.0871214  -0.225444  1.28838  -3.60946  -0.117545  -0.554578  -0.339216  -9.59881  0.476171  -0.289551  -0.323957  0.728776  -0.080874  -6.57963  0.00356038  -0.242627  
-0.234185  -0.0770629  -1.02945  1.61579  5.1758  1.58156  -8.52082  0.183277  -1.36052  0.0318087  -0.264763  -1.56609  1.47647  -0.280433  -0.903977  -0.536025  -8.0169  -1.3979  0.128993  -1.12004  0.282332  -0.439939  -3.02458  0.17435  -1.00371  
-0.19472  -0.715215  0.788836  -0.87149  4.1173  3.06611  -3.57487  0.0868758  -0.0160161  0.0243938  -0.243346  -3.16682  4.28906  -0.672122  -0.782973  -0.156841  -2.52177  -2.27424  0.216999  -0.964471  -0.932577  -0.375017  6.91171  0.131769  -1.75455  
-0.0406427  -1.22213  2.24059  -3.59689  1.68305  1.14622  2.39686  -0.0569868  1.24583  -0.074391  -0.0324131  -1.29  2.0804  -0.725478  -0.247758  0.565488  4.61153  -1.17745  0.0109607  0.311695  -2.26437  -0.174914  9.762  -0.164133  -2.21325  
0.0928943  -1.42674  2.26513  -3.15092  -0.704161  -1.42766  7.68398  -0.118973  1.23002  -0.321016  0.336057  2.82966  -3.21349  -0.357248  0.279702  0.897546  10.5282  0.588265  -0.160695  1.60096  -2.77951  -0.135737  2.44903  -0.342516  -2.00619  
0.113409  -0.963243  0.590662  -0.26414  -1.88793  -1.37535  10.6463  -0.0836868  0.192444  -0.536181  0.634849  5.3409  -5.97415  -0.0542665  0.394512  0.497496  13.5611  0.9172  -0.0808525  1.7186  -2.13845  -0.269686  -8.29369  -0.0503396  -0.970687  
0.0226938  0.165178  -1.81152  0.854714  -1.90113  0.697568  10.0277  -0.103173  -0.723022  -0.485667  0.656397  3.71789  -2.98794  -0.210479  0.0714443  -0.105671  13.7885  -0.534517  0.124153  0.69159  -0.853442  -0.421299  -14.5361  0.481435  0.486629  
-0.118578  1.21431  -3.08905  -1.78547  -1.70158  1.43018  5.95961  -0.334448  -0.857712  -0.189351  0.447055  -0.498502  1.94693  -0.634638  -0.348246  -0.131039  11.9631  -1.88958  0.16418  -0.40081  0.231429  -0.498837  -13.3924  0.56393  1.49883  
-0.239719  1.31086  -1.8971  -4.93821  -2.04306  -0.282734  0.583683  -0.750522  -0.49656  0.0737713  0.231699  -3.23062  1.65662  -0.815332  -0.501602  0.441687  8.24327  -1.28107  -0.0619155  -0.721575  0.620174  -0.494533  -7.15712  -0.112652  1.54064  
-0.297935  0.486026  1.1421  -4.21433  -2.75985  -1.76627  -2.90945  -1.09144  -0.216043  0.0897625  0.0644523  -2.11275  -5.45677  -0.57038  -0.301737  0.767233  2.25955  0.995871  -0.369343  -0.443857  0.395455  -0.380248  -0.569885  -0.979602  1.00222  
-0.319846  -0.195064  3.55151  -0.00681994  -3.06936  -0.578757  -2.73204  -1.10396  -0.225246  -0.0585112  -0.309354  1.14356  -12.0001  -0.280505  0.0628564  0.131488  -5.43368  2.88583  -0.531421  -0.233185  0.0170622  -0.167158  1.9921  -1.17284  0.741193  
-0.399274  0.137874  3.05554  2.72789  -2.34935  1.81523  -0.239379  -0.761375  -0.412525  -0.152562  -1.09896  2.74184  -9.31385  -0.374656  0.333702  -1.1516  -12.5382  2.85017  -0.532472  -0.314795  -0.10232  -0.0429339  -1.12372  -0.571876  1.05426  
-0.579596  0.963288  -0.256385  1.03304  -0.586889  2.05215  0.851275  -0.295414  -0.673832  -0.160337  -2.00511  0.905177  2.0572  -0.751828  0.348118  -1.97926  -16.3547  1.21867  -0.519304  -0.350455  0.0844633  -0.219018  -7.67419  0.040553  1.22119  
-0.728875  0.766868  -3.86966  -1.98101  1.63267  -0.323765  -1.98552  0.0438963  -0.962532  -0.257156  -2.32098  -2.24166  12.0077  -0.932392  0.0732792  -1.61016  -15.7766  -0.578799  -0.538426  -0.0906515  0.171518  -0.556397  -13.1116  -0.0279178  0.267009  
-0.603778  -1.13787  -5.07251  -1.27664  3.37451  -2.13898  -6.72414  0.178632  -1.11044  -0.525368  -1.62938  -3.02355  11.7384  -0.665872  -0.367306  -0.41323  -11.3833  -1.55197  -0.426982  0.185722  -0.301334  -0.521036  -14.2773  -0.491332  -1.74298  
-0.13109  -3.52687  -3.23901  3.03501  3.81555  -1.0168  -8.09972  0.196456  -0.86113  -0.761363  -0.336413  -0.308621  3.07417  -0.226814  -0.689173  0.542812  -3.93642  -1.65737  -0.00449169  0.0165923  -1.28229  0.219387  -11.7137  -0.484238  -3.4788  
0.398345  -4.29639  0.00166202  5.09288  2.78109  1.26679  -3.1006  0.192366  -0.139777  -0.664509  0.648193  2.9406  -4.72514  -0.0551631  -0.581354  0.528814  5.74961  -1.24273  0.640311  -0.637339  -2.06062  1.20025  -8.28567  0.245402  -3.62285  
0.539133  -2.68221  2.499  0.419882  0.898791  1.04613  4.67727  0.165886  0.796661  -0.196302  0.798869  2.46733  -5.79875  -0.180438  -0.022348  -0.241782  14.8525  -0.543476  1.11165  -1.30389  -1.93292  1.46341  -5.86061  0.932638  -2.20724  
0.159507  -0.104349  3.23747  -7.97  -0.9353  -2.49827  7.73128  0.0702223  1.51972  0.338563  0.433493  -2.77207  -2.7703  -0.161856  0.584337  -0.959973  18.2238  0.271692  1.01601  -1.49151  -0.983642  0.605238  -3.87473  0.762664  -0.507627  
-0.354875  1.30701  2.53256  -12.1205  -2.25713  -6.11222  2.50708  -0.109198  1.743  0.583072  0.220239  -8.9717  -1.19264  0.282011  0.674332  -1.01496  12.6809  0.869417  0.350063  -1.13545  -0.10686  -0.623801  -0.999905  -0.0345685  0.453803  
-0.459987  0.857582  1.23654  -7.35945  -3.04019  -6.04308  -6.49261  -0.303585  1.47064  0.457718  0.354411  -10.6784  -2.17939  0.800554  0.0793303  -0.480669  2.06702  0.907758  -0.431195  -0.569956  -0.104435  -1.00929  2.63945  -0.441857  0.988766  
-0.0259189  -0.256465  0.137452  3.05366  -3.10627  -1.99028  -11.3906  -0.381513  0.890314  0.181  0.378394  -5.94756  -2.6581  0.758367  -0.75353  0.0821238  -4.54473  0.298188  -0.784657  -0.149491  -0.85432  -0.153402  5.34095  0.0187891  2.03155  
0.513684  -0.496017  -0.247434  11.5477  -1.9448  2.69445  -9.48664  -0.213625  0.19116  0.0107479  -0.154356  1.5443  -1.10717  0.00392455  -1.15932  0.228173  -1.96962  -0.6461  -0.576052  0.0275784  -1.48924  1.08216  5.76342  0.609393  3.62381  
0.620727  0.334036  0.00990808  13.2134  0.492191  4.40398  -5.09243  0.206517  -0.527081  0.006705  -1.01705  5.75324  0.232451  -0.885128  -0.926282  0.0439908  4.93561  -1.36975  -0.160354  0.0502352  -1.34052  1.49262  4.57849  0.299829  4.60605  
0.205027  1.10363  0.0343985  8.99595  2.93111  2.62709  -3.02304  0.653918  -1.21867  0.0310672  -1.48426  3.84866  -0.508375  -1.16909  -0.459462  0.0100172  6.76916  -1.36768  0.0398653  -0.025123  -0.556314  0.702819  3.9397  -0.846945  3.98513  
-0.33086  0.772048  -1.16792  3.374  3.41912  0.0449193  -2.35181  0.784274  -1.73857  -0.0618818  -1.13146  -1.24946  -1.48406  -0.722563  -0.290876  0.43867  1.0413  -0.58293  -0.0276611  -0.222944  0.209188  -0.643553  5.31016  -1.62337  2.29391  
-0.554278  -0.508168  -3.37102  0.106454  1.24698  -0.350602  1.47685  0.40244  -1.73101  -0.263458  -0.31572  -3.8698  0.0679726  -0.169919  -0.48558  1.07808  -4.89744  0.423249  -0.0979574  -0.473094  0.522117  -1.65636  7.99202  -1.09552  1.13278  
-0.420498  -1.72832  -4.74094  0.109787  -2.03377  1.52991  9.36431  -0.284154  -0.828083  -0.435004  0.236003  -1.22105  3.05046  -0.184842  -0.625252  1.31851  -3.49395  0.874738  -0.00764698  -0.520603  0.485425  -1.94398  9.92798  0.23256  1.30277  
-0.209076  -2.12036  -3.51465  1.86454  -3.99065  2.72328  16.3133  -0.795317  0.843542  -0.467745  0.249617  3.9479  3.24047  -0.697324  -0.332108  0.803406  3.33692  0.54428  0.0968986  -0.151636  0.468399  -1.62806  9.82294  0.968396  1.89597  
-0.135196  -1.71957  -0.150709  3.13918  -3.67136  0.565042  17.1392  -0.773977  2.37194  -0.402265  0.161814  6.20117  -0.959646  -0.947094  0.282299  -0.16112  7.07786  0.0421483  -0.00307982  0.475708  0.671377  -0.951676  8.03076  0.441614  1.45865  
-0.134109  -0.975019  2.60525  2.6819  -2.1803  -3.83721  12.4407  -0.31807  2.55121  -0.364614  0.512551  2.8749  -5.77618  -0.36178  0.74048  -0.857348  3.78042  0.109056  -0.281788  0.82923  1.01643  -0.112927  5.464  -0.548847  -0.188212  
-0.0332473  -0.130056  2.32366  0.874186  -0.888592  -6.31942  7.2089  0.146411  0.92545  -0.387321  1.21739  -3.4594  -6.5567  0.705899  0.686797  -0.844713  -1.53346  0.710151  -0.487471  0.482869  1.27033  0.617036  2.33854  -0.712009  -1.73034  
0.165938  0.849294  -0.612327  -0.834562  0.242336  -4.19773  4.49228  0.231511  -1.65383  -0.34197  1.57565  -7.82313  -3.81041  1.19854  0.182253  -0.379588  -2.51834  1.04287  -0.448729  -0.388298  1.28447  0.937415  -1.38654  0.224868  -2.00658  
0.270739  1.88375  -3.42303  -1.41011  1.95022  0.474867  2.47858  -0.0926724  -3.66839  -0.0786822  1.04344  -7.66597  -2.46947  0.488958  -0.461398  -0.129694  0.0502673  0.549759  -0.218812  -1.08405  1.08895  0.798662  -4.64045  1.23129  -1.34235  
0.15432  2.60186  -3.83734  -1.06417  3.67634  3.02768  -1.95776  -0.563573  -4.22846  0.36653  -0.13427  -4.7286  -5.05982  -0.782725  -0.947205  -0.44409  0.572012  -0.357187  0.0513562  -1.03107  0.87504  0.552889  -5.40891  1.15164  -1.04509  
-0.0671109  2.66255  -2.17102  -0.765006  3.4706  1.27748  -8.30133  -0.889335  -3.68196  0.763961  -1.13417  -2.55472  -7.86398  -1.27025  -1.09983  -0.957312  -2.44408  -0.740261  0.258835  -0.31503  0.778379  0.614536  -2.92675  -0.0718563  -1.84394  
-0.168198  2.19725  -0.508494  -1.13917  0.573639  -2.19703  -12.3808  -0.945712  -2.95284  0.898168  -1.35844  -2.89489  -5.46676  -0.432263  -0.813929  -0.961349  -3.88853  -0.21364  0.33308  0.464226  0.709496  0.952166  0.840461  -1.44228  -3.11915  
-0.0822645  1.73559  -0.25093  -1.90889  -2.50071  -3.04646  -10.8542  -0.747392  -2.42444  0.747916  -0.93793  -4.65219  2.18945  0.779582  -0.145463  -0.164744  0.502318  0.675926  0.240708  0.80952  0.42801  1.02829  3.04535  -1.99418  -3.70101  
0.0375064  1.65453  -0.859204  -2.33541  -1.73794  0.238479  -4.82005  -0.346421  -1.64586  0.447619  -0.430059  -5.63099  9.15601  0.947255  0.581177  0.941503  7.34798  1.16292  0.0859032  0.708553  -0.130308  0.374176  3.30413  -1.62401  -3.15211  
0.0374137  1.75775  -0.864654  -2.00721  4.01219  4.91906  1.20373  0.158989  -0.091971  0.124736  -0.175376  -4.597  10.3617  -0.175371  0.897903  1.55348  9.0827  1.04797  0.0766081  0.447541  -0.717  -0.778281  4.22622  -0.893197  -2.01236  
-0.0314188  1.48543  0.335779  -1.10844  11.0412  6.81137  3.20242  0.556653  1.99555  -0.154212  -0.0378171  -1.89026  7.18011  -1.30224  0.633273  1.31749  3.39605  0.712795  0.232681  0.195578  -1.01545  -1.56257  7.73558  -0.296817  -1.06471  
0.00489162  0.556973  1.85526  -0.0650692  13.886  4.0559  0.618157  0.541326  3.65533  -0.314774  0.240911  1.134  4.84082  -1.12525  0.1172  0.612268  -3.9034  0.460257  0.230623  -0.102966  -1.04082  -1.28424  11.5595  0.100806  -0.67845  
0.182022  -0.690038  2.29263  0.940469  10.5024  -1.44391  -3.70559  -0.040687  4.04125  -0.265645  0.624892  2.97085  5.50859  0.107967  -0.14742  0.0605957  -6.22515  0.190218  -0.230884  -0.498637  -1.1753  -0.16013  10.5925  0.420378  -0.74552  
0.301281  -1.63338  1.13171  1.99258  3.84967  -5.70961  -5.95286  -0.97433  3.1141  -0.0252633  0.786626  2.97199  5.98109  0.918351  -0.0515254  -0.133222  -4.0922  -0.288203  -0.904358  -0.86843  -1.70035  0.831314  2.47336  0.635025  -1.02756  
0.143267  -1.93225  -0.701408  3.11918  -1.61569  -5.90882  -4.15879  -1.72369  1.56184  0.201397  0.503299  2.01561  2.76795  0.401958  0.0333779  -0.259055  -3.73119  -0.765433  -1.11009  -1.04001  -2.42087  0.874255  -8.63859  0.59658  -1.34252  
-0.258683  -1.69244  -1.59623  3.91847  -4.15983  -2.66263  0.235597  -1.80929  0.227915  0.177836  -0.0588092  1.82512  -2.81298  -0.710816  -0.242759  -0.603069  -8.44454  -0.718244  -0.52838  -1.00299  -2.85508  0.0807504  -14.9275  0.278637  -1.44328  
-0.618291  -1.14649  -0.769634  3.57683  -5.23261  0.779388  3.58305  -1.20086  -0.451734  -0.111378  -0.497549  3.06325  -6.13243  -0.998628  -0.766085  -1.0359  -13.8076  0.0852087  0.319892  -0.90347  -2.77992  -0.671751  -12.605  -0.15122  -1.07845  
-0.675559  -0.358489  0.847844  1.7705  -6.44992  1.66723  3.26849  -0.318565  -0.659473  -0.420282  -0.571087  4.31538  -4.85327  -0.0532243  -1.13077  -1.17949  -12.6452  1.14612  0.629158  -0.823344  -2.39379  -0.649616  -6.21602  -0.50455  -0.328235  
-0.433596  0.657358  1.38556  -0.432779  -7.29844  0.189345  -0.0139061  0.357091  -0.987205  -0.476679  -0.400518  3.71868  -1.2687  1.08859  -1.17123  -0.872054  -3.88037  1.51478  0.263428  -0.660042  -1.93264  0.0534153  -4.33832  -0.697513  0.315271  
-0.109824  1.67344  -0.060155  -1.12388  -6.12698  -1.21276  -3.23734  0.688551  -1.8532  -0.245135  -0.267104  1.60589  0.886535  1.14667  -1.11373  -0.311747  5.41656  0.660323  -0.141264  -0.297847  -1.33669  0.705678  -9.84419  -0.680715  0.31827  
0.0902509  2.22902  -2.39539  0.305341  -2.68447  -0.789439  -4.31847  0.865874  -2.96295  0.0629387  -0.279463  0.716623  0.281637  -0.00723235  -1.17202  0.168044  7.42911  -0.922504  -0.0666767  0.141729  -0.40241  0.728097  -16.1828  -0.382689  -0.327916  
0.126105  1.94786  -3.53067  2.01228  1.22054  0.65554  -3.8473  1.04379  -3.382  0.223057  -0.283746  3.15659  -1.90777  -1.26693  -1.21721  0.363837  2.14635  -2.03331  0.21916  0.338393  0.754334  0.227073  -16.0379  0.151074  -0.9997  
0.0862217  0.810885  -2.44611  1.68163  3.55735  1.00936  -3.27147  1.0591  -2.40603  0.210812  -0.135842  7.61835  -4.2961  -1.48289  -1.01714  0.23936  -2.79374  -1.82713  0.112128  0.117655  1.67077  -0.21053  -12.4217  0.613662  -1.02804  
0.0763851  -0.824969  -0.109314  -0.506922  3.90234  -0.436581  -2.37751  0.635903  -0.448039  0.205842  0.0431569  10.343  -5.89646  -0.468585  -0.678105  -0.0993428  -0.710392  -0.580139  -0.38955  -0.314581  1.95607  -0.16568  -16.8077  0.626332  -0.319115  
0.145772  -2.36277  1.58397  -1.90023  3.10464  -1.92656  0.332011  -0.202652  1.13579  0.40495  -0.0451866  8.81571  -5.31121  0.989573  -0.565993  -0.410787  6.86334  0.5933  -0.613256  -0.563097  1.70281  0.248221  -33.3038  0.16385  0.544952  
0.271158  -3.06576  1.62598  -0.859983  1.69847  -1.23842  4.95082  -1.01478  1.34919  0.832767  -0.490755  3.99604  -1.65434  1.93827  -0.809538  -0.431878  12.2658  0.857972  -0.139463  -0.45114  1.34026  0.601106  -47.7301  -0.316239  0.93343  
0.372303  -2.39512  0.513006  0.868988  -0.543989  1.51831  8.83084  -1.31555  0.595395  1.30492  -0.969388  -1.04349  3.11093  1.97247  -1.04946  -0.142138  10.3984  0.381735  0.561691  -0.176136  1.1739  0.630221  -38.7775  -0.330714  0.82387  
0.362004  -0.598774  -0.516532  0.398225  -3.34347  3.59545  8.89175  -1.0687  0.11357  1.57758  -1.03053  -3.99082  4.60454  1.34872  -0.847867  0.12776  3.92918  -0.0230785  0.711694  -0.0561969  1.09335  0.450401  -0.970923  0.0374431  0.74997  
0.22671  1.06039  -0.554698  -2.15978  -4.99315  2.47502  4.88968  -0.729416  0.398037  1.54292  -0.59158  -4.61431  0.435407  0.557584  -0.209269  0.0302118  -0.43224  0.184152  0.265628  -0.178194  0.759761  0.337343  47.3743  0.160404  1.15973  
0.0617738  1.19524  0.462393  -3.26597  -3.55588  -1.27109  -0.33078  -0.741644  0.56032  1.28358  -0.0713684  -3.95792  -5.98562  -0.0909011  0.412635  -0.338004  0.482506  0.773788  -0.0165458  -0.348694  0.0160154  0.393409  79.8931  -0.417387  1.86838  
-0.014696  -0.251063  1.83199  -0.434088  0.818988  -4.34937  -3.80334  -1.02933  -0.427955  0.938736  0.0710772  -3.04849  -7.77499  -0.506805  0.585248  -0.518112  3.83205  1.16098  0.374332  -0.372546  -0.808101  0.468369  82.5363  -1.36693  2.15907  
0.0018295  -1.63494  2.4798  3.86248  5.30526  -4.30746  -4.82167  -1.07412  -2.15487  0.551608  -0.153242  -2.32499  -1.49251  -0.673256  0.255105  -0.260978  5.06336  1.06751  0.907326  -0.28873  -1.07376  0.372223  58.1211  -1.8281  1.46929  
-0.0107604  -1.23027  1.59691  4.46079  6.69782  -2.02722  -4.35641  -0.485699  -3.03676  0.109565  -0.289272  -1.61924  8.92719  -0.562558  -0.286495  0.105593  2.91882  0.704908  0.616452  -0.285282  -0.421124  0.0880996  19.4335  -1.30359  -0.0137282  
-0.139667  0.769733  -0.603182  -0.0808117  4.30933  -0.226539  -2.99972  0.521189  -2.2803  -0.286356  -0.00143407  -0.341194  15.7426  -0.282114  -0.660116  0.0978009  -0.581708  0.390384  -0.593939  -0.422304  0.742156  -0.23787  -14.3839  -0.181072  -1.49702  
-0.293585  2.34226  -2.71169  -5.03132  0.322294  -0.0692454  -0.281115  1.29143  -1.00233  -0.403721  0.530653  2.02815  14.7727  -0.142746  -0.616787  -0.263908  -3.71658  0.197664  -1.64325  -0.521062  1.44388  -0.456741  -20.5759  0.714056  -2.32507  
-0.288124  2.04925  -3.10005  -4.89831  -2.70411  -0.3988  3.96907  1.33942  -0.842686  -0.121059  0.846416  5.26341  8.74903  -0.316775  -0.183606  -0.505668  -6.67433  0.0464995  -1.47075  -0.362505  1.10148  -0.522479  12.6234  1.00475  -2.63788  
-0.0731736  0.971595  -1.30306  -0.33713  -4.30985  -0.209565  8.71027  0.76161  -1.77433  0.343618  0.750684  8.2503  3.90902  -0.499932  0.281405  -0.379834  -9.65034  -0.0306864  -0.318039  0.0494629  0.229426  -0.452601  67.6321  1.07028  -3.25091  
0.187405  1.52668  1.52842  2.5396  -5.751  -0.374897  12.1802  0.0685125  -2.05346  0.574106  0.493886  9.67562  3.99306  -0.148205  0.318334  -0.211303  -11.1386  0.127374  0.519246  0.470709  -0.0149882  -0.277468  104.227  1.45666  -4.68214  
0.293525  4.23712  3.5814  -0.0352243  -7.5002  -1.94802  12.9453  -0.322602  -0.578447  0.391757  0.378617  8.91207  7.35053  0.787338  -0.180823  -0.377222  -9.50574  0.506311  0.218431  0.64776  0.784787  -0.0580684  95.4544  2.10496  -6.24465  
0.216131  6.43338  3.72309  -4.49268  -7.95415  -3.60143  10.5096  -0.38978  1.42582  0.0701744  0.363503  6.26403  9.121  1.51803  -0.75698  -0.666682  -5.37959  0.798521  -0.629514  0.519048  1.65099  0.0863822  55.0575  2.28906  -6.30052  
0.0769031  4.87965  2.0233  -4.30491  -5.13352  -2.62313  5.22692  -0.366853  1.73463  0.0316449  0.165206  2.50867  5.82293  1.13944  -0.810858  -0.51326  -1.11217  0.665453  -0.816584  0.190779  1.2274  0.0523798  19.1994  1.34926  -3.65418  
-0.0349936  -0.40822  -0.703996  1.73303  0.637874  1.39274  -1.78204  -0.396599  -0.0429782  0.353505  -0.297803  -1.67311  -1.73495  -0.315174  -0.276071  0.207209  2.11878  0.118613  -0.0441049  -0.211287  -0.598146  -0.137588  2.62139  -0.552249  1.14481  
