-2.47962  -2.38386  0.28555  -0.184349  -2.71958  -3.27503  -2.25473  -2.94756  -3.60351  -2.58001  -2.67019  -2.38346  -1.97963  -2.63593  -2.79464  -2.11815  -2.80886  -3.1199  -12.5032  -2.376  -1.89211  0.844302  -2.99057  -2.63942  -1.83867  
1.5253  1.08609  -0.664882  4.41942  4.03195  2.48315  1.72643  2.12383  1.60171  1.79351  1.33902  1.503  1.9186  1.65352  1.86193  2.01168  1.01514  0.218  -6.02244  0.602516  1.11456  19.2303  2.56846  1.85517  3.39288  
4.70357  4.25602  1.25713  6.09928  7.69192  6.01098  4.82071  5.55893  5.23208  5.00444  4.63252  4.64903  4.817  5.02555  4.84894  4.97145  4.3019  2.84889  2.24985  3.92798  3.97666  20.4355  6.09545  5.05165  5.93009  
6.37048  6.41892  5.64863  5.34651  7.37829  6.52641  6.41239  6.61354  6.40214  6.37669  6.43837  6.35574  6.12712  6.70219  5.64548  6.17168  6.38309  4.44641  11.2316  6.69282  6.04131  5.25738  6.86406  6.22394  5.85967  
6.31219  6.85853  9.05448  5.02587  4.81771  5.0287  6.40543  5.73415  5.40834  6.02904  6.39543  6.3208  5.92039  6.47845  5.05756  5.81161  6.73549  5.32466  16.3575  7.40831  6.57598  -9.66545  5.71033  5.66476  5.2496  
4.98914  5.63283  8.35448  6.281  2.65088  3.31059  5.25003  4.04412  3.45675  4.72506  5.02446  4.95715  4.81044  4.98994  4.32625  4.57792  5.42583  6.01465  12.9113  5.79823  5.63544  -9.84703  4.0808  4.48898  5.04908  
3.27884  3.68243  3.73096  6.82488  2.24907  2.55642  3.66186  2.4903  1.61002  3.31371  3.43586  3.19068  3.50685  3.29425  4.06356  3.14336  3.23029  6.43865  1.33773  3.33279  4.16942  4.46479  2.86272  3.70134  3.9888  
1.8829  2.03627  -1.50703  3.88365  2.9757  2.68134  2.20872  1.34555  -0.0269498  2.18553  2.40046  1.79661  2.37729  2.04616  3.94665  1.86061  1.19972  5.75402  -11.5699  1.71965  3.1075  22.9136  2.03143  3.34355  0.935434  
0.953383  1.01606  -3.84537  -1.69669  3.3138  2.82548  1.08532  0.436079  -1.89805  1.22827  1.79393  0.929561  1.38446  1.15574  3.24484  0.812574  0.0027966  3.43897  -18.4227  1.24164  2.49627  37.321  1.22556  2.70448  -2.6904  
0.261362  0.323331  -2.48359  -5.7052  2.44389  2.35346  0.222825  -0.371345  -3.86562  0.25507  1.06046  0.298001  0.407836  0.266755  1.6015  0.0296279  -0.41443  0.445763  -17.8342  0.931366  1.7081  45.7255  0.415492  1.39987  -3.88537  
-0.373302  -0.281701  0.200158  -5.11282  0.739343  1.34152  -0.459464  -0.99228  -4.92955  -0.62142  0.0569468  -0.318038  -0.465259  -0.619907  -0.60105  -0.427272  -0.588472  -1.33178  -13.3073  0.120512  0.396572  47.4503  -0.0813069  -0.0161904  -1.41261  
-0.880172  -0.682196  0.951283  -1.35108  -0.919902  0.255778  -0.928025  -1.37438  -4.36711  -1.08701  -0.750044  -0.821376  -0.998416  -1.15944  -2.473  -0.562399  -0.948684  -1.03018  -6.71898  -0.755748  -0.983894  40.1757  -0.0981225  -0.700502  2.65588  
-1.09371  -0.755934  -1.23275  1.54057  -1.93647  -0.563123  -1.10693  -1.64313  -2.86618  -1.01766  -0.894415  -1.01069  -1.08563  -1.18015  -3.21238  -0.5187  -1.41052  0.174526  3.1685  -0.958816  -1.66658  24.3097  0.108002  -0.57827  5.07349  
-0.986627  -0.704795  -3.93656  1.3389  -2.15352  -0.960547  -1.0102  -1.86711  -2.00462  -0.658561  -0.500911  -0.876685  -0.874848  -0.924525  -2.64706  -0.47716  -1.53786  0.483459  14.4217  -0.522172  -1.42124  6.62264  0.152092  -0.428388  4.61223  
-0.712969  -0.786959  -3.53017  -0.724693  -1.68152  -0.75292  -0.767547  -1.78273  -2.48183  -0.395882  -0.147328  -0.613169  -0.6047  -0.708096  -1.36098  -0.486916  -1.11642  -0.303939  19.0036  -0.125211  -0.796042  -4.5474  -0.0573755  -0.888927  2.67587  
-0.478044  -0.859103  0.845567  -2.52089  -0.888078  0.0923271  -0.526118  -0.99244  -3.23276  -0.419349  -0.242113  -0.408443  -0.404754  -0.536932  -0.280389  -0.454315  -0.505203  -0.652654  11.1404  -0.121286  -0.543915  -7.67635  -0.321227  -1.66273  1.0772  
-0.397095  -0.516751  5.74929  -3.61001  -0.337199  0.904854  -0.343954  0.454611  -2.62397  -0.630538  -0.646202  -0.308833  -0.284662  -0.216696  0.00889686  -0.317432  -0.306231  0.527343  -3.10984  -0.179307  -0.911677  -8.92826  -0.504954  -1.91365  0.00699092  
-0.444527  0.256401  6.62719  -4.58748  -0.344578  0.460161  -0.192729  1.82019  -0.440912  -0.819975  -0.908596  -0.270471  -0.22976  0.263121  -0.336544  -0.170781  -0.679834  2.19665  -10.3699  0.0598234  -1.47318  -13.4692  -0.711721  -1.29758  -1.50081  
-0.497245  0.851953  2.66924  -4.95558  -0.540666  -1.63891  -0.058164  2.17023  1.60391  -0.872103  -0.763404  -0.256788  -0.207181  0.626797  -0.635093  -0.15582  -1.12362  2.28357  -5.7856  0.369776  -1.60068  -18.3917  -1.0667  -0.341987  -3.5923  
-0.443657  0.677631  -2.07033  -3.23311  -0.166204  -3.78267  -0.0107476  1.18002  1.48769  -0.815477  -0.382848  -0.252883  -0.108004  0.600668  -0.365296  -0.261707  -1.03445  0.220002  0.400984  0.254164  -1.09276  -16.5443  -1.44187  0.19354  -4.84839  
-0.289664  -0.0564111  -3.02641  0.617956  0.970327  -3.41726  -0.135035  -0.588253  -1.0964  -0.740794  -0.179126  -0.238097  0.203894  0.184439  0.324954  -0.322096  -0.410449  -2.30339  -4.04057  -0.316963  -0.383213  -6.36276  -1.53911  0.139999  -3.72602  
-0.155504  -0.476759  -0.0662744  4.21632  1.99177  0.0769573  -0.379454  -2.18699  -4.32724  -0.69537  -0.377263  -0.192155  0.725573  -0.373478  0.757745  -0.222996  0.148644  -3.29348  -16.4413  -0.836531  -0.125049  5.31627  -1.22577  0.00432775  -0.460197  
-0.158598  -0.0415  2.85315  5.14455  1.69853  3.98866  -0.549108  -3.0118  -5.79652  -0.649606  -0.789153  -0.133751  1.2277  -0.791231  0.393012  -0.0725553  0.117885  -2.71649  -20.9454  -0.947665  -0.52072  11.2919  -0.74193  0.318553  2.87717  
-0.289309  0.799534  2.81933  3.69265  -0.145854  4.72515  -0.504869  -3.07379  -4.41379  -0.537716  -0.976292  -0.108012  1.39955  -0.899298  -0.583113  -0.0991105  -0.409185  -2.22647  -7.80631  -0.877375  -1.0681  12.0101  -0.496662  1.02831  4.21773  
-0.424979  1.10513  1.33831  2.18396  -2.4303  1.81919  -0.355037  -2.7019  -1.06947  -0.339206  -0.676984  -0.131589  1.08672  -0.68303  -1.34071  -0.388628  -0.909964  -2.85434  13.5983  -1.02165  -1.05435  12.9464  -0.683926  1.52121  3.26421  
-0.471812  0.507449  1.81353  1.88012  -3.67137  -1.31993  -0.363146  -2.14345  2.28364  -0.134356  -0.0791031  -0.178785  0.383961  -0.309382  -1.16119  -0.790529  -1.04095  -3.63161  24.099  -1.31604  -0.327403  15.634  -1.11215  1.19757  1.43212  
-0.443796  -0.404948  4.61472  1.67985  -3.26769  -1.30016  -0.607362  -1.43312  4.05821  -0.0386042  0.360498  -0.211832  -0.443285  -0.0452123  -0.184159  -1.05844  -0.904927  -2.82056  15.027  -1.25247  0.525583  15.2513  -1.40621  0.0699553  0.262572  
-0.412676  -0.801126  6.2018  0.174415  -1.80808  1.14843  -0.813929  -0.566679  3.77046  -0.0970852  0.365355  -0.228818  -1.10249  -0.0354899  0.606643  -1.05263  -0.794909  -0.257798  -4.02603  -0.520511  0.825344  8.26932  -1.36812  -1.16015  0.0196163  
-0.418848  -0.524848  3.38628  -1.97302  -0.330333  2.03601  -0.631985  0.324941  1.89646  -0.256373  0.0622169  -0.266393  -1.41112  -0.17479  0.258409  -0.822539  -0.842108  2.13839  -16.8207  0.560987  0.519744  -1.02109  -1.12458  -1.66104  -0.255119  
-0.443624  -0.158002  -2.6054  -2.98224  0.561469  -0.862165  -0.0504695  0.984024  -0.489843  -0.430502  -0.204567  -0.341377  -1.38204  -0.256233  -1.17005  -0.537067  -0.955521  2.44761  -16.3721  1.32548  0.140433  -5.3374  -0.890049  -1.19468  -1.44524  
-0.444692  -0.247778  -7.33273  -2.78666  0.939767  -4.97325  0.549551  1.19045  -2.02604  -0.562356  -0.227728  -0.404273  -1.18385  -0.241959  -2.55777  -0.35881  -0.984899  0.964962  -8.59261  1.39143  0.0719853  -4.19325  -0.643579  -0.304455  -3.20667  
-0.393666  -0.68588  -7.80743  -3.44135  1.15313  -5.7789  0.789101  0.882683  -1.65001  -0.619618  -0.077275  -0.377937  -0.958928  -0.301372  -2.74395  -0.330444  -0.852419  -0.225724  -3.56183  0.952463  0.0702011  -4.547  -0.135547  0.265285  -4.02387  
-0.288684  -0.918014  -5.00897  -5.97882  1.36301  -2.16832  0.661071  0.167882  0.53658  -0.575221  0.0581232  -0.252621  -0.678446  -0.549995  -1.60743  -0.333575  -0.572396  0.157512  -5.78271  0.507996  -0.366431  -10.5252  0.750843  0.325832  -2.51878  
-0.154944  -0.667988  -1.85736  -8.1027  1.45957  2.28166  0.449533  -0.752601  2.98786  -0.429801  0.0766015  -0.116616  -0.237226  -0.847722  -0.0547131  -0.172206  -0.233  1.04009  -11.8648  0.380195  -1.25093  -16.2672  1.67565  0.317746  1.12583  
-0.0390813  -0.270037  0.267999  -6.5232  1.32925  3.57533  0.351627  -1.63562  3.78866  -0.2388  0.00450461  -0.0698367  0.310538  -0.934989  0.982223  0.2287  0.0307263  0.539833  -14.9387  0.464754  -1.96488  -12.429  1.99098  0.607691  4.98341  
0.0140936  -0.266015  2.16722  -1.58904  1.08737  1.73137  0.289846  -2.23051  2.36054  -0.0758465  -0.0973076  -0.114406  0.712914  -0.739377  1.32223  0.683526  0.106694  -1.35418  -11.2026  0.388237  -1.89493  1.60019  1.33243  0.888791  6.79285  
-0.00390583  -0.774163  4.67105  2.4076  0.97378  0.0183903  0.0983909  -2.34344  0.0234244  0.0410641  -0.198226  -0.155787  0.79201  -0.441696  1.266  0.862348  -0.0112555  -2.48891  -3.37994  -0.0673591  -1.07352  16.0023  0.0948962  0.520547  5.78568  
-0.0587645  -1.35198  6.89304  2.39804  0.987212  0.423466  -0.231797  -1.92952  -1.40824  0.143672  -0.277867  -0.116917  0.676244  -0.23463  0.881085  0.592241  -0.219516  -1.18169  1.78632  -0.67418  -0.0533612  21.5177  -0.784042  -0.524834  3.19402  
-0.109985  -1.47293  7.10943  0.68195  0.701215  1.36409  -0.567827  -1.15005  -1.50429  0.228457  -0.298094  -0.0227935  0.630375  -0.132067  -0.0436101  0.0277297  -0.395507  1.48717  0.130165  -0.948999  0.699158  18.8066  -0.66985  -1.34038  1.03567  
-0.152846  -1.04603  5.03127  1.85711  -0.369887  0.352914  -0.811853  -0.327849  -1.46158  0.219526  -0.235465  0.0446301  0.677636  -0.0511221  -1.34178  -0.517733  -0.496477  2.73782  -5.84391  -0.678923  1.10388  15.1116  0.127567  -0.983093  0.455643  
-0.212627  -0.410829  2.40972  6.15884  -2.08871  -2.20608  -0.944315  0.19704  -2.59799  0.0566529  -0.126798  0.0540449  0.540873  0.01164  -2.1938  -0.873651  -0.576073  1.26062  -9.88092  -0.16746  1.24282  14.4547  0.688352  0.368742  1.13126  
-0.294934  0.11055  1.29153  8.19655  -3.45577  -3.22966  -0.910674  0.246195  -4.94142  -0.204942  -0.055647  0.0547939  0.0280812  -0.020408  -1.88109  -1.08001  -0.705145  -1.36772  -8.39278  0.128455  1.10284  14.6123  0.567197  1.43086  1.87325  
-0.353501  0.521299  1.80114  3.65561  -3.32855  -0.952992  -0.612475  -0.0871656  -7.41044  -0.43103  -0.0911512  0.0962338  -0.644533  -0.166268  -0.719594  -1.16067  -0.857812  -2.64814  -2.91828  0.142953  0.689264  12.9681  0.355966  1.11643  1.58611  
-0.325887  0.959909  2.018  -4.40657  -1.61193  2.49244  -0.083414  -0.492196  -8.87735  -0.546784  -0.220416  0.1448  -1.05252  -0.333861  0.102568  -0.946686  -0.879346  -1.82317  3.28393  0.199079  0.213686  11.1143  0.871597  -0.328184  -0.123742  
-0.207272  1.33092  0.113168  -8.42627  0.359603  3.32486  0.414306  -0.653776  -8.73189  -0.595014  -0.36231  0.11089  -1.05075  -0.426479  -0.25544  -0.255636  -0.607766  -0.135238  8.49953  0.431634  -0.0526994  11.5126  1.77576  -1.64377  -2.70333  
-0.0805219  1.30397  -3.45136  -5.33746  0.922136  0.572336  0.59513  -0.484471  -6.68235  -0.648926  -0.44403  -0.047798  -0.912425  -0.447452  -1.41425  0.742856  -0.0758351  1.08157  11.336  0.473866  -0.119636  12.1715  1.48639  -1.9007  -4.8853  
-0.0516894  0.742738  -6.07553  -0.310981  -0.243527  -2.65105  0.441725  -0.147262  -2.84432  -0.710033  -0.479949  -0.265477  -0.935861  -0.442296  -2.25797  1.48199  0.423898  1.59715  9.08059  -0.0548919  -0.282563  8.07598  -1.0591  -1.26775  -5.57947  
-0.146534  -0.0118296  -5.50253  -0.0395287  -1.66825  -2.61225  0.189571  0.135241  1.66023  -0.737614  -0.537413  -0.419197  -1.05302  -0.36627  -2.12678  1.44303  0.548722  1.55934  1.08229  -0.885407  -0.686726  -1.98332  -4.62995  -0.474005  -4.90758  
-0.279333  -0.4261  -2.0493  -4.0861  -1.55181  0.817819  0.00522063  0.268139  4.83287  -0.736945  -0.617785  -0.436231  -0.953145  -0.0999571  -1.33927  0.657556  0.225183  0.601335  -6.77647  -1.23144  -1.01547  -12.3162  -6.31146  0.129473  -4.15202  
-0.337295  -0.355174  1.68818  -5.68055  0.305026  3.93116  -0.199861  0.274238  5.24912  -0.754419  -0.591078  -0.358109  -0.542555  0.37202  -0.580239  -0.28158  -0.262313  -1.48774  -5.84377  -0.649779  -0.776415  -15.7208  -4.33298  0.699381  -4.20553  
-0.296292  -0.195549  3.18241  -1.04608  2.21016  3.15203  -0.549808  0.158359  3.45231  -0.782128  -0.317049  -0.308585  -0.116876  0.836479  -0.0727483  -0.765535  -0.526673  -3.59179  4.53996  0.428949  0.0895002  -11.1931  -0.111667  1.27673  -4.153  
-0.23761  -0.408368  2.14459  5.1235  2.3502  -1.13055  -0.901647  -0.0917215  1.49115  -0.730454  0.137298  -0.387787  -0.00271743  0.948865  0.475781  -0.713524  -0.406064  -3.76465  13.1042  1.14327  1.0033  -4.8851  2.96804  1.47246  -1.94141  
-0.243244  -0.952386  0.456511  5.59563  0.735899  -4.89497  -0.935174  -0.351812  0.90584  -0.539374  0.462857  -0.573717  -0.112557  0.517521  1.23203  -0.548147  -0.03616  -1.3051  7.98705  1.05718  1.23448  -3.29935  2.88396  0.961488  3.04787  
-0.288353  -1.31078  0.179979  -0.0688069  -0.839874  -4.51402  -0.581507  -0.32075  1.41471  -0.272956  0.371426  -0.713544  -0.000526085  -0.247923  1.82493  -0.646539  0.342851  2.08387  -8.64263  0.461931  0.573325  -6.28924  0.723583  0.0611083  8.42319  
-0.264718  -1.05483  1.66584  -5.21711  -0.789266  -0.311721  -0.204148  0.230442  1.73544  -0.0536463  -0.0901803  -0.639265  0.574041  -0.814795  1.69942  -0.902377  0.57855  3.78892  -21.5632  -0.0503689  -0.508393  -7.31231  -0.911276  -0.475211  10.4858  
-0.118165  -0.324736  3.46541  -5.04073  0.553974  3.82953  -0.220057  1.13481  1.26972  0.0747955  -0.545718  -0.325953  1.22763  -0.763196  0.809041  -0.879702  0.615819  2.84442  -19.67  -0.12444  -1.31186  -0.620183  -0.783698  -0.265468  7.80264  
0.0618092  0.305235  3.99795  -2.1646  1.39099  4.2276  -0.598314  1.8658  0.493279  0.156908  -0.661242  0.0574253  1.23598  -0.177112  -0.21293  -0.356051  0.428792  0.737629  -8.11157  0.198774  -1.49666  11.8891  0.0648438  0.295532  2.73957  
0.120104  0.403771  3.11171  -1.87013  0.527874  0.772507  -0.868395  1.97786  -0.121847  0.19239  -0.473831  0.282568  0.301417  0.449395  -0.669327  0.380031  0.0413417  -0.324027  -0.264634  0.597595  -1.23747  21.0855  0.00765064  0.511173  -0.955404  
0.00339084  0.101348  1.96622  -4.20234  -1.30506  -3.24682  -0.657792  1.48092  -0.778068  0.0819475  -0.321414  0.271174  -1.0347  0.72607  -0.55979  0.812293  -0.411246  0.326177  -0.527934  0.654759  -0.91528  18.7452  -1.21342  0.11581  -1.89273  
-0.17647  -0.0638501  1.35987  -4.31296  -2.29628  -4.41026  -0.122764  0.731742  -1.65793  -0.235241  -0.458475  0.161235  -1.86082  0.729266  -0.586645  0.702813  -0.730034  1.42216  -0.857855  0.123582  -0.706807  6.07393  -2.43695  -0.578647  -1.93151  
-0.260915  0.298863  0.624709  0.171002  -1.50748  -2.15232  0.244169  0.0230948  -2.18346  -0.629578  -0.795235  0.147696  -1.78385  0.759826  -1.29706  0.247018  -0.80642  1.31141  4.92592  -0.785057  -0.468165  -5.90305  -2.58854  -1.14142  -3.30897  
-0.211468  1.01378  -1.32636  5.37964  0.241842  1.2136  0.187776  -0.599116  -1.62639  -0.854979  -1.01969  0.255563  -1.24763  0.831747  -2.27623  -0.222699  -0.693171  -0.34257  9.55288  -1.45572  0.010413  -5.70617  -1.76042  -1.41487  -5.51484  
-0.13842  1.45307  -4.09283  6.32028  1.38157  2.9233  -0.0394018  -1.12916  -0.336092  -0.796343  -0.919067  0.293384  -0.926133  0.636781  -2.40508  -0.566266  -0.515337  -2.37665  0.532598  -1.37226  0.69098  7.52481  -0.854281  -1.42157  -5.70088  
-0.167727  1.09168  -5.58119  3.29024  1.17627  2.05426  -0.0157692  -1.40359  0.387676  -0.581256  -0.540926  0.0527501  -0.919691  0.0773528  -1.05855  -0.838745  -0.345623  -3.29529  -21.125  -0.620843  1.23633  21.8768  -0.54062  -1.08234  -2.22606  
-0.300837  -0.0113362  -4.21978  0.657903  0.16387  -0.2105  0.318616  -1.24024  -0.0841942  -0.411184  -0.105918  -0.442349  -0.724852  -0.384028  1.03314  -1.0615  -0.187146  -2.55969  -36.7705  0.193905  1.28134  22.7557  -0.763593  -0.2523  2.93767  
-0.419891  -1.23743  -0.978099  0.491103  -0.735441  -1.92449  0.575374  -0.719188  -0.732968  -0.339609  0.17834  -0.906956  0.0124413  -0.176786  2.3166  -1.10993  -0.0433192  -0.840165  -28.2043  0.566417  0.738577  6.76007  -1.07278  0.944533  5.89515  
-0.420707  -1.90532  1.36995  0.429334  -1.14775  -1.80828  0.362929  -0.169553  -0.144765  -0.275697  0.217862  -1.03176  0.926507  0.561357  1.8848  -0.849666  0.0389473  0.70189  1.90324  0.514522  -0.131649  -14.1564  -1.20264  1.97795  4.78869  
-0.319564  -1.78158  1.1211  -1.68018  -1.22013  0.0879894  -0.252921  0.13286  1.47025  -0.177696  0.0321982  -0.755957  1.26964  0.891673  0.371778  -0.317441  0.00107032  1.29239  30.7343  0.387554  -0.91043  -23.1269  -1.30903  2.25071  1.5063  
-0.219889  -1.17422  -0.622544  -4.07583  -1.04429  2.45945  -0.796907  0.170103  2.37228  -0.133833  -0.267695  -0.3052  0.760626  0.0087023  -0.701056  0.267194  -0.164644  0.850827  36.6274  0.404897  -1.25433  -13.8449  -1.73708  1.61538  -0.712311  
-0.192755  -0.610765  -1.36976  -3.79498  -0.551264  3.46866  -0.879289  0.0552894  1.60016  -0.213072  -0.519863  0.0287233  -0.0834997  -1.80992  -0.396223  0.650391  -0.384304  -0.147275  18.0324  0.494004  -1.03978  3.79598  -2.5419  0.532769  -0.774815  
-0.210227  -0.409393  -0.0609848  -1.4074  0.0277653  2.02851  -0.56741  -0.155636  0.502734  -0.309818  -0.578125  0.12987  -0.51405  -3.37178  0.797471  0.684981  -0.519004  -0.965327  -7.95335  0.47644  -0.411326  13.5655  -3.18755  -0.300276  -0.334117  
-0.196187  -0.492588  1.99251  -0.340522  0.0754501  -1.11605  -0.253435  -0.431466  1.19501  -0.226327  -0.402301  0.0916459  -0.331849  -3.72301  1.49418  0.403054  -0.439906  -0.936301  -22.8408  0.261225  0.234088  8.17105  -2.86016  -0.495118  -1.11246  
-0.121753  -0.542379  2.85187  -1.68286  -0.649766  -3.69568  -0.207833  -0.635714  3.69711  0.082697  -0.0912393  0.0547554  -0.000752009  -2.97081  0.694065  0.00390457  -0.144441  0.07902  -21.2452  -0.130593  0.433173  -5.34993  -1.25723  -0.213744  -2.57169  
-0.0326484  -0.352156  2.13972  -2.32217  -1.31847  -3.76002  -0.339111  -0.628178  5.522  0.422062  0.182129  0.0631691  -0.041067  -1.92844  -1.34875  -0.267457  0.18727  1.41193  -11.1349  -0.589472  -0.0102354  -14.3863  0.845385  0.0420541  -2.77175  
0.00887512  -0.042012  1.24625  0.753324  -0.619703  -1.46931  -0.364661  -0.470945  4.54814  0.538986  0.293132  0.0744409  -0.451226  -1.19449  -3.33923  -0.337263  0.309633  2.06486  -3.90882  -0.903351  -0.796531  -13.168  2.06544  -0.119195  -1.1256  
-0.0127497  0.0930521  1.53978  5.8274  1.64334  1.00623  -0.128363  -0.369822  1.60235  0.360171  0.249922  0.0556478  -0.771847  -0.735572  -3.95526  -0.407989  0.133856  1.65505  -5.16982  -0.830319  -1.31889  -6.3811  1.6662  -0.644017  0.577  
-0.0649923  -0.0219726  2.62232  8.01399  3.80511  1.47995  0.292092  -0.270148  -0.65177  0.02196  0.172847  0.020453  -0.641439  -0.252427  -2.84465  -0.740582  -0.167351  0.883586  -12.4356  -0.34071  -1.19965  -2.49819  0.337713  -1.06857  0.258283  
-0.110724  -0.107144  2.5865  4.69041  3.68989  -0.256921  0.714909  0.243723  -1.11297  -0.290664  0.180967  -0.011789  -0.192079  0.318013  -0.847238  -1.27712  -0.316131  0.821635  -19.2682  0.210976  -0.651851  -5.55804  -0.45709  -0.942827  -1.80051  
-0.136371  0.0990316  0.263994  -1.72218  0.921434  -2.35958  0.968984  1.40302  -1.44253  -0.478008  0.268844  -0.0440105  0.11744  0.771359  0.726446  -1.5605  -0.206214  1.69865  -21.6702  0.306629  -0.250202  -12.8232  -0.0372203  -0.321266  -3.02181  
-0.140752  0.380281  -2.99969  -6.56814  -2.34215  -2.73338  0.896659  2.62754  -3.40593  -0.52356  0.30133  -0.0754559  -0.0188663  0.951154  1.17065  -1.14403  0.00440191  2.62618  -21.8675  -0.201543  -0.328001  -18.0507  0.741757  0.200438  -1.34909  
-0.122712  0.198962  -4.14794  -7.14368  -3.31437  -0.949008  0.399552  2.80415  -5.86652  -0.451171  0.145504  -0.0864268  -0.485026  0.885779  0.852071  -0.105407  0.0788388  2.55564  -25.6399  -0.791303  -0.665129  -15.8517  0.453942  0.0818849  2.4087  
-0.0938022  -0.577752  -1.535  -4.21475  -1.31862  1.3953  -0.407408  1.4153  -5.5745  -0.333148  -0.180488  -0.0776328  -0.910693  0.654299  0.628911  0.928024  -0.0495919  1.36783  -34.4817  -0.675204  -0.792995  -4.92876  -1.22554  -0.495021  5.27046  
-0.0884822  -1.29837  2.87361  -0.397422  1.51907  2.12626  -1.13215  -0.694731  -1.08518  -0.287017  -0.495899  -0.0937388  -1.02218  0.296312  0.832984  1.30501  -0.243252  -0.209576  -41.1343  0.352948  -0.527926  10.4659  -3.12192  -0.700634  4.89175  
-0.136154  -1.17285  5.05787  1.89399  2.39628  0.513309  -1.34794  -1.95518  4.94369  -0.371558  -0.615192  -0.165102  -0.812465  -0.100699  0.934726  0.871238  -0.330559  -1.50527  -35.8225  1.51055  -0.127341  22.0897  -3.94422  0.0347366  1.49324  
-0.216978  -0.280525  3.07239  1.59916  0.576694  -1.95788  -0.9766  -1.57847  7.99377  -0.477068  -0.527009  -0.239571  -0.457437  -0.333286  0.263564  0.00820416  -0.261585  -2.34287  -18.4775  1.67542  0.0550181  23.23  -3.77906  1.24331  -2.74075  
-0.266348  0.372418  -0.699645  -0.360152  -2.05318  -2.8852  -0.385208  -0.34019  5.92495  -0.400236  -0.385416  -0.230856  -0.152714  -0.244082  -1.0626  -0.758471  -0.0939009  -2.58062  -1.60401  0.567519  -0.048648  14.3757  -3.76662  1.76127  -5.68821  
-0.241845  -0.0162742  -2.01385  -1.48425  -3.00833  -1.26662  -0.0485881  0.24992  0.591933  -0.0827576  -0.333823  -0.14765  -0.0211232  0.0448826  -2.12679  -1.13026  0.103339  -1.84921  2.62616  -0.860162  -0.212508  2.83095  -4.31032  0.928238  -6.54565  
-0.179379  -1.04945  0.582584  0.153985  -1.5562  1.41447  -0.106219  -0.452797  -4.38637  0.252132  -0.362976  -0.124193  -0.0727386  0.201574  -2.16509  -1.10741  0.278534  -0.224411  -2.53019  -1.39132  -0.220136  -4.10432  -4.18143  -0.698751  -5.59405  
-0.164361  -1.53927  4.1335  3.40839  0.895361  2.61552  -0.285797  -1.56107  -6.67011  0.28619  -0.351724  -0.273009  -0.190286  0.0305347  -1.36298  -0.874709  0.358634  1.10097  -0.485701  -0.863943  -0.0674816  -5.60645  -1.93039  -1.92483  -3.48436  
-0.240403  -0.876191  4.58072  4.79534  2.37481  1.32991  -0.250577  -1.63768  -6.14566  -0.043392  -0.247053  -0.526071  -0.203697  -0.321673  -0.538405  -0.657708  0.259608  0.649334  19.3126  -0.268503  0.093834  -6.31856  1.97783  -2.08877  -0.959773  
-0.349293  0.333155  1.41219  2.64311  2.04238  -0.911132  0.0463183  -0.269294  -3.92218  -0.434452  -0.138383  -0.674721  -0.0541258  -0.537364  -0.149517  -0.590585  -0.00310015  -1.51338  46.9798  -0.463243  0.131923  -9.40859  5.07301  -1.50515  1.15458  
-0.373636  1.0717  -1.56157  -0.110089  0.488415  -1.73744  0.347815  1.40789  -1.29803  -0.516255  -0.138846  -0.578928  0.126714  -0.451963  0.110308  -0.596082  -0.248295  -3.18312  60.9327  -1.07752  -0.00504327  -12.2428  5.25829  -0.859158  2.33924  
-0.247014  1.07243  -0.308292  1.04244  -1.17526  -0.464684  0.379813  1.83974  0.622618  -0.248033  -0.213582  -0.302162  0.165205  -0.170624  0.665418  -0.415058  -0.254406  -2.0081  50.3088  -1.03182  -0.303945  -9.72774  3.01628  -0.481974  2.87338  
-0.0242459  0.898932  4.7982  6.06766  -2.22594  1.31489  0.095834  0.656115  1.35972  0.042444  -0.1879  -0.0233114  0.0584247  0.0784284  1.26469  0.164515  0.00252421  1.73901  25.2329  -0.0620156  -0.671244  -1.29857  0.779972  -0.305997  3.59898  
0.159103  1.01505  8.96799  9.12205  -2.5007  1.58078  -0.318034  -0.876606  1.48479  0.03396  0.0443955  0.14396  -0.0347774  0.136467  1.15821  1.03232  0.270409  4.91255  4.30775  0.753416  -0.879246  7.16135  0.316488  -0.225234  4.83833  
0.199386  1.15828  7.72282  4.75562  -2.08749  0.0480191  -0.612305  -1.13094  2.10567  -0.223163  0.343302  0.208483  -0.0237253  -0.0166461  0.0834723  1.7276  0.242797  4.52124  -4.32593  0.247765  -0.657587  8.94298  1.19928  -0.174997  5.61937  
0.105548  0.763906  1.36823  -5.16745  -1.11995  -1.67238  -0.628171  0.207224  3.4767  -0.379133  0.424692  0.212435  0.0012599  -0.309139  -1.20215  1.76429  -0.117169  0.982734  -6.53167  -1.33577  0.0367518  3.83627  1.88709  0.0383671  4.40615  
-0.0243067  -0.248144  -5.35291  -12.8308  0.147337  -1.8592  -0.362151  1.77034  4.3876  -0.199445  0.144136  0.156311  -0.0559104  -0.609828  -1.63097  1.05153  -0.506757  -2.18569  -9.62382  -2.51475  0.82267  -0.897577  1.67055  0.600663  0.904384  
-0.101643  -1.33724  -7.86855  -12.786  1.28018  -0.437087  0.0308577  1.92443  3.38041  0.164427  -0.339291  0.0345001  -0.107164  -0.751315  -1.00689  0.0339229  -0.588694  -2.07937  -12.0329  -2.22947  1.09507  2.21397  1.08005  1.2416  -2.97563  
-0.124992  -1.92513  -5.70518  -7.36533  1.85049  1.04939  0.312028  0.43589  0.475605  0.35478  -0.700515  -0.106217  -0.0135799  -0.630087  -0.273565  -0.623683  -0.360236  0.54859  -8.00973  -0.955012  0.54789  12.3394  0.712785  1.21489  -4.51419  
-0.165343  -1.89352  -1.82673  -2.64582  1.75167  1.0816  0.311541  -1.36816  -2.72394  0.202323  -0.740228  -0.201139  0.126932  -0.339326  -0.486777  -0.617033  -0.152654  2.29518  1.13502  0.00791996  -0.47316  19.6056  0.396864  0.0677276  -2.88947  
-0.278062  -1.50098  1.01082  -0.960351  1.30096  -0.306373  0.0677714  -2.07491  -4.65819  -0.117823  -0.52017  -0.254474  0.00520071  -0.127572  -1.60787  -0.330812  -0.231522  0.959186  5.80465  0.0542227  -1.21281  14.2075  -0.267211  -1.61011  -0.30438  
-0.434126  -1.02425  2.40235  0.503108  0.959476  -1.5941  -0.19636  -1.57323  -5.03857  -0.318521  -0.246803  -0.344859  -0.480829  -0.168149  -2.45621  -0.49285  -0.459265  -2.15847  -0.523182  -0.262817  -1.18414  -2.90116  -1.06938  -2.52653  0.0825315  
-0.541423  -0.606291  3.03333  4.03032  0.882105  -1.43432  -0.29161  -0.859044  -4.34955  -0.311611  -0.0766713  -0.522172  -0.951261  -0.363572  -1.93085  -1.37141  -0.441017  -3.91989  -11.7534  -0.179365  -0.592115  -19.4424  -1.39667  -1.97511  -2.51457  
-0.527209  -0.294811  2.72998  7.37014  0.734886  -0.190529  -0.256293  -0.670308  -2.71968  -0.238051  -0.0468294  -0.719227  -0.857557  -0.441543  -0.240264  -2.3036  -0.00628788  -2.83552  -14.323  0.296515  -0.0373005  -23.4892  -1.16296  -0.635453  -5.60311  
-0.395226  -0.0592286  0.807473  7.16287  0.0298152  0.401727  -0.291205  -0.650782  -0.0805633  -0.233408  -0.12394  -0.790704  -0.0958031  -0.286141  1.16108  -2.2156  0.547325  -0.391133  -2.57196  0.549022  0.170663  -15.7752  -1.03517  0.126442  -6.04169  
-0.206528  0.226247  -2.04194  4.20682  -1.29939  -0.676355  -0.489607  0.00744395  2.69008  -0.246656  -0.260716  -0.637726  0.805723  -0.0953841  0.964883  -0.737634  0.746478  1.01812  12.7688  0.224793  0.291623  -8.7928  -1.55888  -0.267301  -3.29831  
-0.0247329  0.636751  -3.6842  2.51976  -2.6915  -2.20977  -0.67707  1.3986  3.67684  -0.137197  -0.400395  -0.293688  1.18077  -0.114643  -0.615815  1.25705  0.430876  0.887518  13.7679  -0.383112  0.705608  -12.5514  -2.35723  -1.0548  0.221039  
0.105772  1.0161  -2.96232  3.55415  -3.39348  -1.88923  -0.586887  2.65308  1.68958  0.0908062  -0.489233  0.0968363  0.848514  -0.270984  -1.89094  2.36069  -0.123729  0.872504  -6.30152  -0.792241  1.31192  -22.9815  -2.49737  -1.10936  1.85534  
0.147632  1.0512  -1.441  4.40566  -3.09672  0.815695  -0.195879  2.86433  -2.13325  0.225787  -0.526661  0.368564  0.207119  -0.194531  -1.27127  1.92323  -0.536109  2.44919  -34.5208  -0.871992  1.53956  -26.7912  -1.58755  -0.265988  1.1498  
0.0769352  0.630323  -1.691  2.63392  -2.09976  3.42183  0.190696  1.99438  -4.98594  0.0575521  -0.574113  0.42456  -0.225494  0.327237  1.12189  0.552392  -0.661802  4.86599  -49.0178  -0.794976  0.989418  -17.6705  -0.265948  0.56957  -0.430171  
-0.0780889  0.0149518  -4.19894  0.178089  -0.908168  2.76282  0.235882  0.762856  -4.83937  -0.367333  -0.671962  0.279725  -0.290879  0.970858  3.41918  -0.624386  -0.579098  5.80843  -38.3535  -0.643771  -0.0705068  -3.98767  0.483177  0.573406  -1.50805  
-0.225881  -0.441037  -6.83157  -0.0861571  0.181679  -1.42248  -0.0606755  -0.134741  -1.96849  -0.742663  -0.743819  0.0459661  -0.23897  1.10201  3.70779  -1.03755  -0.371296  3.93633  -10.4865  -0.339948  -0.951988  2.05761  0.366147  -0.0486362  -1.88786  
-0.276843  -0.68749  -7.45355  0.0472612  1.05994  -5.77403  -0.35961  -0.511381  1.82837  -0.774261  -0.628885  -0.141349  -0.398322  0.458347  1.79  -0.963899  -0.0649959  0.408773  15.8488  0.040454  -1.23166  0.163154  -0.00145816  -0.44585  -1.9054  
-0.230522  -0.954697  -6.17653  -4.31843  1.52184  -6.56613  -0.362015  -0.477747  4.85963  -0.452956  -0.248842  -0.21994  -0.816755  -0.486302  -0.727524  -0.928842  0.250985  -2.20849  27.4185  0.168623  -1.06569  1.93178  0.14836  -0.275349  -1.58988  
-0.176571  -1.34828  -4.60528  -13.3527  1.23153  -3.42512  -0.141509  -0.164713  6.19907  -0.0473152  0.254787  -0.239826  -1.17342  -0.969993  -2.02867  -1.05619  0.410497  -2.37065  24.8048  -0.151217  -0.839731  13.8168  0.825916  -0.123971  -0.903559  
-0.192041  -1.61943  -3.59316  -19.438  0.0500227  0.500923  -0.0300214  0.222716  5.3884  0.158845  0.594231  -0.297175  -1.0392  -0.740937  -1.67353  -1.03862  0.352218  -0.731808  18.1174  -0.58294  -0.673132  25.3868  1.19984  -0.67959  -0.32826  
-0.254176  -1.43772  -2.55632  -14.7965  -1.63284  1.94179  -0.19782  0.269371  2.48103  0.109906  0.565839  -0.420811  -0.303542  -0.288436  -0.68888  -0.593346  0.220244  0.825019  16.71  -0.48155  -0.400556  20.0233  0.479463  -1.73822  -0.531767  
-0.274141  -0.794093  -0.867447  -0.885823  -2.92353  0.636868  -0.442138  -0.371183  -1.32766  -0.0314216  0.239411  -0.531175  0.611719  -0.260949  -0.293101  0.180498  0.182097  1.09024  22.2115  0.379943  0.03799  -3.59558  -1.11372  -2.34328  -1.40605  
-0.206439  -0.0215936  0.996807  12.4803  -2.87659  -0.981345  -0.433463  -1.54271  -3.82985  -0.0956063  -0.091867  -0.521524  1.0334  -0.72592  -0.726973  0.869441  0.20034  0.303267  28.6831  1.39615  0.376179  -26.1808  -2.36454  -1.8824  -2.01046  
-0.0962318  0.559025  2.104  17.2866  -1.13818  -0.712206  -0.120598  -2.57259  -3.41048  -0.071863  -0.179447  -0.37147  0.634115  -1.09369  -1.27524  1.0795  0.105574  -0.516448  28.4543  1.59941  0.285905  -27.3787  -2.16305  -0.769705  -1.64245  
-0.0192953  0.888534  2.26412  14.3289  1.59933  1.22911  0.205539  -2.79564  -0.669079  -0.0691124  -0.0490523  -0.169062  -0.245768  -0.774743  -1.20125  0.735469  -0.130781  -0.671787  19.0792  0.607426  -0.220126  -7.55124  -0.600811  0.0820315  -0.627802  
-0.00581449  1.02299  2.0695  9.94789  3.7792  2.77022  0.258715  -2.05567  2.03338  -0.168633  0.0440055  -0.0216459  -0.923174  0.167658  -0.491252  0.123955  -0.327956  -0.217912  5.68544  -0.954449  -0.770538  13.3739  1.09638  0.254837  0.192326  
-0.0353134  0.895409  1.91036  8.29735  3.99408  2.19363  0.0758958  -0.701199  2.79573  -0.337003  -0.100555  0.0410612  -1.02548  1.07968  0.240107  -0.356851  -0.338538  0.246083  -3.79356  -2.02774  -1.00854  17.1849  1.76437  0.0826801  0.51863  
-0.0761409  0.362154  1.54267  8.49778  2.19586  -0.294854  -0.0713483  0.765539  1.77422  -0.458457  -0.401434  0.0722346  -0.747046  1.34785  0.404411  -0.545132  -0.230644  0.0254532  -6.39033  -2.08178  -0.904611  3.48655  1.35949  0.0507864  0.797414  
-0.0989612  -0.540241  0.639164  7.881  -0.138996  -2.86949  -0.0292256  1.94376  0.45892  -0.433676  -0.594256  0.137045  -0.461946  0.922696  -0.0634902  -0.618785  -0.135999  -1.16914  -6.92385  -1.47219  -0.672577  -14.8489  0.778997  0.234009  1.41846  
-0.0629854  -1.48463  -0.571061  5.26471  -1.37005  -3.65487  0.0728789  2.55603  -0.072385  -0.261025  -0.530041  0.259974  -0.217317  0.266993  -0.730323  -0.811668  -0.00713169  -2.78153  -12.0928  -0.933836  -0.48298  -26.1266  0.727512  0.387543  2.05354  
0.0601757  -2.05344  -1.45304  1.08788  -1.33055  -2.15247  0.0207231  2.47181  0.256412  -0.0539101  -0.316899  0.431251  0.243857  -0.139305  -1.06803  -1.05132  0.295521  -3.53554  -21.8098  -0.838561  -0.339194  -26.1839  0.947888  0.321122  2.07293  
0.228397  -1.98869  -1.47638  -3.51645  -1.31673  0.488733  -0.20527  1.81292  1.29008  0.0326469  -0.141519  0.621463  0.980889  -0.214283  -0.818584  -0.963593  0.669501  -2.3916  -27.5503  -0.994071  -0.202335  -15.4768  0.669002  0.0220447  1.47277  
0.325472  -1.2996  -0.532736  -6.89857  -2.27199  2.45119  -0.428807  0.964529  2.95085  -0.0613671  -0.0239137  0.759605  1.5739  -0.236016  -0.0871254  -0.292172  0.722064  0.272731  -20.0293  -1.05531  -0.109416  1.98648  -0.321669  -0.445135  1.01188  
0.253555  -0.231935  1.06127  -7.56886  -3.33555  2.63393  -0.520293  0.297354  4.48182  -0.236143  0.155378  0.722318  1.48558  -0.461851  0.828916  0.712258  0.210878  2.62528  1.30931  -0.945304  -0.11915  15.7853  -1.27616  -0.900055  1.2603  
0.0352868  0.800915  2.46566  -5.86926  -2.7472  1.36561  -0.543331  -0.141222  4.22316  -0.331661  0.418842  0.40752  0.654515  -0.825253  1.63097  1.41664  -0.53824  2.90693  25.6057  -0.805909  -0.189499  13.0041  -1.2289  -0.988538  1.73769  
-0.198172  1.38574  2.55475  -4.32187  -0.211694  -0.05915  -0.623899  -0.651809  1.24453  -0.291593  0.586727  -0.140429  -0.39133  -0.984445  2.10491  1.33304  -0.850723  1.12581  38.0307  -0.66362  -0.197352  -8.32203  -0.0607556  -0.456921  1.35711  
-0.327797  1.37971  0.659752  -4.89812  2.24526  -0.525232  -0.739414  -1.54733  -2.8078  -0.174035  0.476227  -0.709753  -1.04774  -0.666819  2.10624  0.538006  -0.402311  -0.950287  31.8849  -0.338931  -0.0680785  -31.5124  1.30976  0.407894  -0.137512  
-0.342369  1.03618  -2.60927  -6.22654  2.25876  0.0554227  -0.71601  -2.73934  -4.4918  0.0057418  0.123494  -1.07585  -1.18728  0.0152719  1.61837  -0.39459  0.415513  -1.61862  15.8826  0.27218  0.156208  -34.1424  1.82844  0.842422  -1.48762  
-0.314608  0.754949  -5.39347  -4.85497  -0.223671  0.839565  -0.436015  -3.63478  -1.93838  0.34787  -0.270809  -1.18933  -1.15093  0.614125  0.856174  -0.873685  0.912298  -0.930979  7.99546  0.921264  0.388301  -11.4748  1.30474  0.340762  -1.10006  
-0.309372  0.66211  -5.85159  0.249314  -2.77547  0.866134  0.00200034  -3.45956  2.79454  0.878081  -0.58224  -1.18531  -1.26638  0.70747  0.234743  -0.766327  0.8175  -0.348895  18.1124  1.16639  0.580353  16.7173  0.43238  -0.739905  0.992414  
-0.334295  0.502299  -3.77159  5.66518  -3.00176  -0.11965  0.34989  -1.8703  5.31231  1.33281  -0.834462  -1.19454  -1.47454  0.240081  0.0881034  -0.479637  0.468736  -0.911929  34.9531  0.811881  0.722157  25.6651  -0.0487257  -1.50476  2.68506  
-0.362865  0.0199928  -1.02654  6.96675  -0.831009  -1.44246  0.406048  0.603347  3.0285  1.29516  -1.01823  -1.18086  -1.4483  -0.44298  0.371297  -0.56301  0.314546  -2.04342  34.1506  0.120673  0.793464  10.6818  -0.0367086  -1.45861  1.70271  
-0.375267  -0.623185  -0.195433  3.72712  1.79152  -2.04986  0.149289  2.73476  -2.48801  0.640851  -0.980097  -1.00613  -0.988496  -0.870724  0.684844  -1.13763  0.373302  -2.45122  3.94188  -0.447563  0.751979  -10.0245  0.0575266  -0.92759  -1.98582  
-0.363796  -0.942585  -2.16547  0.0504771  3.0428  -1.39637  -0.272935  3.47178  -7.21031  -0.226414  -0.608552  -0.63906  -0.213514  -0.788953  0.652389  -1.69554  0.291913  -1.77907  -37.9986  -0.652379  0.578395  -16.6175  -0.175252  -0.511645  -5.75733  
-0.317003  -0.667625  -5.04832  0.204786  2.64076  0.0432179  -0.649193  2.84118  -8.30243  -0.71012  -0.0811499  -0.240921  0.599583  -0.345499  0.291831  -1.52274  -0.121594  -0.98774  -58.3364  -0.618712  0.2986  -7.62876  -0.937678  -0.341078  -6.53853  
-0.219498  -0.0928738  -5.81686  4.4458  1.39537  1.07263  -0.819781  1.9305  -6.04373  -0.599289  0.235276  -0.00770601  1.24334  0.0340894  -0.0128025  -0.431464  -0.575725  -1.00467  -41.3899  -0.627777  -0.0374081  2.09068  -2.24162  -0.0831353  -3.55567  
-0.0732525  0.220475  -3.27682  9.23173  0.0656463  0.736387  -0.769194  1.8163  -2.84595  -0.222718  0.165717  0.0392862  1.60945  0.0246571  0.0958158  0.956066  -0.592461  -1.50086  -5.86235  -0.818391  -0.375366  -0.329749  -3.74673  0.422549  0.993112  
0.0832428  0.0464657  0.625785  10.8049  -1.05907  -0.81874  -0.648808  2.42568  -0.947767  -0.0109175  -0.0775309  0.0551382  1.6114  -0.284127  0.60155  1.72318  -0.0789965  -1.35827  14.7369  -1.05721  -0.657267  -13.0676  -4.71177  0.820642  3.86706  
0.184335  -0.27702  2.65968  8.3455  -1.88633  -2.37126  -0.659734  2.58604  -0.911797  -0.0251005  -0.171917  0.163931  1.22157  -0.421494  1.13138  1.49213  0.508669  -0.221057  6.93161  -1.06529  -0.813389  -24.1587  -4.63198  0.636202  3.44253  
0.176564  -0.230829  1.34564  3.98976  -2.34726  -2.63416  -0.856013  1.30234  -1.68291  -0.00494685  -0.0684747  0.300583  0.599373  0.0330377  1.24825  0.681961  0.629647  0.969286  -11.0142  -0.685438  -0.789996  -24.4638  -4.1021  -0.116056  0.75795  
0.0596885  0.33207  -1.92979  0.478256  -2.50785  -1.42412  -1.0568  -1.07462  -1.74495  0.185776  0.0128553  0.294053  0.0452809  0.97642  0.738996  -0.0340124  0.227442  1.16281  -11.8056  -0.0960647  -0.58026  -14.671  -4.48155  -0.893371  -1.6847  
-0.101021  1.02807  -4.44133  -1.14089  -2.47752  0.102149  -0.988734  -3.08118  -0.36515  0.314997  -0.0386474  0.0855781  -0.28988  1.77261  -0.260149  -0.37198  -0.229174  0.570141  10.85  0.235001  -0.244785  -2.80507  -6.06015  -1.17862  -2.14169  
-0.214678  1.28718  -4.49036  -1.85495  -2.11304  0.494822  -0.557467  -3.57666  1.88708  0.0471682  -0.0257111  -0.180695  -0.576824  1.78231  -1.31978  -0.489222  -0.276215  0.285357  37.2015  -0.0667239  0.0919723  1.6053  -6.76553  -0.987072  -0.950475  
-0.232561  0.869136  -2.42185  -3.09694  -1.09828  -0.559913  0.0312326  -2.80451  3.72626  -0.631663  0.250557  -0.298535  -1.05289  0.973164  -1.92308  -0.570812  0.0613539  0.683797  43.2402  -0.839213  0.265666  -8.01407  -3.56023  -0.781472  0.0433397  
-0.181198  0.0828567  -0.233593  -4.8702  0.46683  -1.84704  0.449924  -1.90408  4.31382  -1.32467  0.585761  -0.207428  -1.60364  -0.0307258  -1.7577  -0.574606  0.361515  0.749659  23.9652  -1.40763  0.169482  -31.0524  4.25213  -0.941248  -0.717541  
-0.126436  -0.484958  -0.252166  -5.70692  1.7507  -1.74013  0.538106  -1.567  3.85309  -1.56079  0.468161  -0.0386274  -1.77229  -0.535925  -0.92771  -0.391854  0.319675  -0.576549  -3.52847  -1.21117  -0.142918  -56.255  13.2271  -1.34396  -3.15006  
-0.101985  -0.504038  -3.26704  -4.38996  1.79109  0.178333  0.405003  -1.42025  3.2151  -1.18985  -0.300844  0.0305665  -1.30268  -0.402734  0.0971889  -0.0348464  0.0607408  -2.63521  -16.4889  -0.426876  -0.44354  -64.9302  17.8979  -1.4664  -5.7292  
-0.0832757  -0.200524  -7.16116  -1.64118  0.484622  2.63237  0.266111  -0.779182  3.10978  -0.464915  -1.21925  -0.0516266  -0.573127  -0.0889769  0.808576  0.406567  -0.0755924  -3.32669  -5.58689  0.177527  -0.511221  -44.3074  15.2311  -0.903887  -6.91407  
-0.0339915  -0.0825734  -7.9538  0.332217  -1.18772  3.80379  0.21722  0.326422  3.56504  0.218738  -1.48435  -0.182195  -0.278943  -0.0855178  0.986871  0.832786  0.0358455  -1.51885  18.2151  0.0702219  -0.360425  -1.72778  7.27027  0.186752  -6.2842  
0.03675  -0.362057  -3.41277  0.0239533  -2.01673  2.92392  0.200985  1.15333  3.98934  0.648014  -0.821363  -0.218676  -0.637941  -0.410109  0.784015  1.01995  0.196176  1.18261  32.9897  -0.455374  -0.254634  36.1408  -0.465494  1.16044  -4.42654  
0.0848632  -0.725869  4.11791  -1.88296  -1.56946  0.792516  0.160206  1.16355  3.65684  0.890886  0.213311  -0.107985  -1.07613  -0.675816  0.540037  0.62112  0.170225  1.69812  24.2953  -0.609298  -0.415684  43.616  -3.34425  1.44134  -2.03934  
0.0978771  -0.746689  9.33807  -3.55207  -0.352598  -1.07347  0.149083  0.627729  2.42361  1.11696  0.829358  0.0822789  -0.854029  -0.585118  0.530869  -0.401457  -0.0316592  -1.20391  -1.27492  0.0505652  -0.712347  19.7606  -1.02145  1.04483  0.579125  
0.124316  -0.452816  8.95436  -4.2656  0.834207  -1.68693  0.273275  0.20399  1.08076  1.35856  0.809828  0.232129  0.0701204  -0.277118  0.831389  -1.37464  -0.207457  -5.23771  -20.1494  1.19847  -0.714192  -9.16137  2.85559  0.545326  3.21123  
0.215548  -0.307179  4.59101  -4.86134  1.53437  -1.12418  0.531676  0.172042  0.759973  1.47108  0.600781  0.261898  0.979435  -0.122928  1.29965  -1.33105  -0.220178  -6.67881  -12.7583  2.0992  -0.119494  -14.1046  4.16257  0.499065  5.30106  
0.337422  -0.571609  0.297922  -5.84552  1.70104  -0.142398  0.74687  0.2838  1.65531  1.3155  0.623451  0.175573  1.19509  -0.268873  1.64703  -0.0970794  -0.116339  -4.1963  16.5275  2.23444  0.827209  8.30495  1.90022  0.881271  6.06314  
0.367267  -0.870986  -1.92734  -5.82444  1.40323  0.494913  0.679926  0.23491  2.54268  0.927834  0.726806  0.0362774  0.75879  -0.455323  1.57583  1.23241  -0.0180302  -0.195226  40.9132  1.57545  1.43221  32.5886  -1.28382  1.10467  5.01612  
0.202176  -0.584782  -3.04749  -2.82162  0.687636  0.465783  0.216231  0.00564662  1.91297  0.467175  0.443722  -0.0939606  0.215934  -0.310714  0.957491  1.29756  0.0169771  1.90585  35.5258  0.406255  1.13887  30.8487  -2.10905  0.614193  2.32699  
-0.126243  0.355027  -4.3491  2.98491  -0.311111  -0.0509909  -0.533125  -0.285755  -0.321764  0.0342705  -0.315444  -0.198422  -0.125621  0.197526  -0.0499351  -0.00655894  0.00671479  1.42452  2.10862  -0.969687  0.0762146  2.02554  -0.166166  -0.532482  -1.30199  
