2.40798  4.17062  2.85422  2.36182  1.88121  2.92986  3.70386  5.00763  3.26348  3.51967  3.54701  2.24015  1.91182  3.35978  3.18124  1.82045  2.7947  2.90206  4.07368  3.85528  2.78429  1.49634  -0.0843625  3.67984  1.88049  
-1.2979  -1.10594  -1.25745  -10.953  -4.42306  -2.48952  -0.273725  -2.63902  0.597212  -6.11359  -1.10556  -1.16512  0.382277  3.48554  -1.48784  -1.75682  -0.845176  -4.93914  -6.25726  -1.88769  0.601853  -1.06616  -4.40872  -0.944119  -0.924823  
-4.21353  -4.56847  -5.09789  -13.0131  -7.14586  -6.79938  -4.06269  -7.67681  -2.2099  -9.59946  -5.06731  -3.8718  -1.79259  -0.311294  -5.36948  -4.1568  -4.30378  -9.27763  -9.26951  -7.07263  -5.0462  -2.87567  -7.34119  -4.71758  -3.66346  
-5.73112  -5.42501  -7.7009  -5.17148  -5.75849  -8.9904  -6.77328  -9.20422  -4.55273  -6.69708  -7.37139  -5.29606  -4.24514  -6.63416  -7.7752  -4.98478  -6.79385  -9.03682  -5.29481  -9.96742  -12.2289  -4.10732  -8.10965  -6.9922  -5.51284  
-5.71896  -4.12268  -8.00762  1.44078  -2.93849  -8.48625  -7.39831  -8.16931  -5.48516  -2.3106  -7.39277  -5.2661  -5.81544  -10.3391  -8.21497  -4.6585  -7.38249  -5.92143  -0.95059  -9.1163  -15.3882  -5.58662  -6.96188  -7.54893  -5.62049  
-4.64068  -1.87578  -6.05487  -0.255717  -1.80586  -5.62791  -6.01398  -6.2248  -4.76967  -0.533015  -5.63382  -4.20677  -5.72041  -8.6927  -6.59779  -3.79578  -5.99939  -2.68773  -1.24992  -5.61088  -11.6851  -7.46442  -4.9852  -6.64616  -4.43816  
-3.26063  -0.00876969  -3.17988  -5.9573  -3.06922  -1.87349  -3.94272  -4.53625  -3.19118  -0.956848  -3.45627  -2.88464  -4.29078  -4.23761  -3.53044  -2.76983  -3.72107  -1.01196  -5.03295  -2.59927  -4.04113  -8.51797  -3.30845  -4.86064  -3.51192  
-2.11255  0.597778  -0.892576  -6.89498  -4.76824  0.796637  -2.51736  -3.59093  -1.733  -0.854745  -1.87424  -1.84469  -2.55221  -1.30174  -0.374211  -1.76317  -1.88521  -0.688339  -8.04801  -2.03717  2.26929  -7.2665  -2.29265  -2.82572  -3.62931  
-1.23835  -0.0467775  0.241883  -0.860786  -4.59332  1.16727  -1.87124  -3.32781  -0.683898  0.561209  -0.823825  -1.09718  -1.2451  -1.13478  1.38941  -0.943679  -1.00723  -0.486173  -8.20486  -2.77408  4.62551  -3.93431  -1.51966  -1.02033  -3.6995  
-0.424132  -0.922684  0.574298  6.16976  -2.22889  -0.238536  -1.15993  -3.28947  0.26331  1.5121  0.239859  -0.359203  -0.349064  -1.59666  1.20451  -0.412813  -0.61992  0.329064  -6.37289  -2.50749  4.04203  -0.819798  -0.598171  0.334686  -2.07795  
0.396624  -0.702333  0.588423  7.68276  0.537742  -1.60675  0.182693  -2.70079  1.26836  0.71685  1.36283  0.467441  0.533872  -0.708593  -0.0330288  -0.0621001  -0.051951  1.23317  -3.68317  -0.963133  2.63331  -0.148443  0.20611  1.29305  1.2461  
1.02972  0.969031  0.473838  3.07498  1.74042  -1.52738  1.719  -1.09211  2.05649  -0.486793  2.00611  1.13816  1.51865  1.08245  -0.734408  0.307219  0.791493  1.02145  -0.43947  -0.0516977  1.55302  -1.62501  0.306398  2.03798  4.38158  
1.26029  2.85164  0.320304  -3.40062  1.07989  -0.308872  2.51748  1.13016  2.375  0.216226  1.81341  1.35474  2.23503  2.20581  -0.137203  0.725158  1.41089  -0.817407  2.40377  -0.972542  1.07663  -2.59375  -0.352543  2.61847  5.46837  
1.1048  3.14071  0.2722  -7.3873  -0.0926858  0.532397  2.13229  2.89465  2.34031  2.94571  1.11573  1.11297  2.2054  2.10176  0.922089  1.0204  1.33962  -3.26138  3.01114  -2.41578  1.1275  -0.946324  -1.05243  2.8124  4.45218  
0.795271  1.39082  0.327507  -7.07145  -0.353666  0.0947171  0.975478  3.44119  2.08452  5.14503  0.547897  0.714254  1.3524  1.27708  0.919337  1.04933  0.716294  -4.35785  1.01881  -2.39597  1.1847  2.46601  -1.05156  2.37053  2.71944  
0.566429  -0.77206  0.284953  -3.1784  0.448138  -0.914097  -0.118275  3.0937  1.3006  4.55869  0.392314  0.47031  0.113669  0.153469  -0.587848  0.870389  0.223855  -2.84956  -1.17976  -1.12913  0.517372  4.71852  -0.42069  1.45726  1.28821  
0.485153  -1.15695  0.12588  1.53697  1.27751  -1.23399  -0.529473  2.80408  -0.390313  1.98682  0.429523  0.448011  -0.956265  -1.14681  -2.30486  0.642037  0.424523  0.630101  -0.882782  -0.927483  -0.722923  3.96794  0.0770223  0.672455  -0.0689167  
0.460068  0.720405  0.264965  3.46932  1.11067  -0.756271  -0.182921  3.13594  -2.49695  0.416872  0.338274  0.4943  -1.64341  -2.14068  -2.49575  0.425833  1.14094  3.8786  1.68096  -3.0167  -1.18557  1.29574  -0.124455  0.479087  -1.9283  
0.378299  3.127  1.13009  1.11259  -0.048731  -0.542593  0.481174  3.72379  -3.47912  1.5967  0.0409059  0.463399  -2.06409  -2.03579  -0.897171  0.156078  1.5659  4.7544  3.87549  -5.40716  0.169801  -0.642501  -0.8544  0.655892  -4.01697  
0.234513  3.97466  2.44824  -2.72178  -1.2803  -1.10956  0.823697  3.79642  -1.97913  4.10982  -0.295327  0.379751  -2.23092  -0.772725  0.919555  -0.183554  1.07974  2.87998  4.10682  -4.76915  2.48851  -0.371907  -1.52272  0.53682  -5.26559  
0.149785  2.98867  3.26305  -3.17316  -1.60345  -1.46016  0.480488  2.92129  1.69343  5.21595  -0.476304  0.382416  -1.80067  0.612844  1.18655  -0.413361  -0.0422579  0.000855269  3.36016  -0.22301  3.67934  1.2772  -1.73821  -0.140523  -4.93504  
0.242951  1.75352  2.82316  1.18427  -0.680984  -0.410599  -0.302869  1.2295  5.52181  4.06176  -0.475955  0.52336  -0.468278  1.15291  -0.203717  -0.283446  -0.850755  -1.39244  3.04332  5.3613  2.68487  2.42302  -1.46812  -0.811767  -3.36065  
0.476752  1.63412  1.3615  6.07734  1.08988  1.49337  -0.828796  -0.81239  7.44035  2.35143  -0.454766  0.658159  1.38233  1.13172  -1.621  0.25803  -0.668014  -0.264328  2.74623  8.05866  0.484594  2.00295  -0.828063  -0.679118  -1.4734  
0.640658  2.13587  -0.152989  6.02556  2.91188  2.2824  -0.583893  -2.60305  6.95378  1.75754  -0.579023  0.55956  2.68926  1.46917  -1.39109  0.899726  0.24933  1.93381  1.38126  6.57562  -1.38343  0.384047  -0.0461938  0.342758  0.220846  
0.53378  1.65087  -0.951225  0.589724  3.97698  0.9803  0.244478  -3.44983  5.1377  1.68697  -0.764582  0.155669  2.62099  2.12985  0.61593  1.11974  1.05735  2.66392  -0.355002  3.05705  -2.55198  -1.33627  0.370944  1.50511  1.87322  
0.190104  -0.3789  -0.978767  -5.12099  3.80874  -0.991221  0.951692  -2.86529  3.23126  0.427044  -0.658032  -0.35482  1.44958  1.95631  3.00725  0.65037  1.23698  1.00005  -0.346081  0.679492  -3.46266  -2.24458  -0.161318  2.0915  3.52563  
-0.136628  -2.52237  -0.650667  -6.17691  2.50538  -1.45681  1.03068  -0.985585  1.51373  -2.03533  -0.0376258  -0.671533  0.334379  0.282275  4.15493  -0.194648  0.990522  -1.25889  1.93479  0.820315  -4.09303  -2.05059  -1.63268  2.12128  4.53524  
-0.22753  -2.83013  -0.320299  -2.59233  0.693462  -0.135754  0.669571  1.33211  -0.375434  -3.57068  0.784388  -0.664023  0.140833  -1.8527  3.33897  -0.759764  0.801763  -1.51271  4.07964  2.41467  -3.96725  -1.03325  -3.11502  2.04853  4.08771  
-0.108658  -0.971246  -0.0417675  1.87355  -0.917144  1.13196  0.518822  3.11625  -2.39205  -2.79957  1.17345  -0.455196  0.586458  -2.64156  1.02654  -0.681951  0.828338  0.670912  3.37946  3.42863  -3.40702  0.243116  -3.48551  1.96658  2.19054  
0.0119875  1.48916  0.296409  4.29962  -2.03148  0.865459  0.961142  3.85919  -3.84642  -1.2146  0.848618  -0.252502  0.621324  -1.59216  -1.54618  -0.247777  0.851544  3.09425  0.254964  2.57877  -3.62349  1.22642  -2.53673  1.47752  -0.12591  
-0.00125958  2.82008  0.773336  4.65044  -2.77339  -0.20008  1.69586  3.54188  -4.24899  -1.34344  0.237038  -0.139836  -0.384689  -0.0739336  -3.05841  -0.0123729  0.690024  3.50453  -2.04399  0.032118  -4.69716  1.55913  -1.15093  0.430934  -1.64566  
-0.0701904  2.73174  1.29482  3.99846  -3.1986  -0.246645  2.10499  2.22472  -3.98317  -3.13675  0.0117856  -0.0559809  -1.87588  0.370845  -2.83459  -0.119011  0.446717  1.95105  -1.16277  -2.83891  -4.27993  1.13881  -0.212673  -0.546566  -1.89073  
-0.030096  2.14081  1.57381  2.62308  -3.01354  1.16614  1.93331  0.100383  -3.78254  -3.54579  0.344632  0.054044  -2.55356  -0.182928  -1.2277  -0.159627  0.313085  0.132445  1.78552  -4.29122  0.227129  0.204464  0.389207  -0.611501  -1.22575  
0.140541  1.79603  1.30209  0.612364  -1.99982  2.60873  1.48423  -2.07645  -3.66288  -0.364695  0.788573  0.132036  -1.63158  -0.405936  0.745898  0.206648  0.287451  -0.999311  3.64899  -3.39363  7.68457  -0.664278  1.3882  0.255629  -0.24092  
0.285057  1.6245  0.483474  -0.905281  -0.629391  2.71265  1.1209  -3.11223  -2.78724  4.54803  0.849159  0.0912979  0.3349  0.349232  2.24457  0.731575  0.231503  -1.9109  2.59011  -0.943037  12.6951  -0.836097  2.89593  1.10104  0.684907  
0.27176  1.29662  -0.399466  -0.564187  0.1145  1.76568  0.74166  -2.38256  -0.566021  7.003  0.507108  -0.020934  1.93185  1.20655  3.01321  0.879395  0.131102  -2.7339  -0.346606  0.978299  10.424  -0.210027  3.993  1.04513  1.27577  
0.165576  0.936062  -0.721461  1.21516  -0.237709  0.969199  -0.029795  -0.665657  2.40329  5.21492  0.0954664  -0.0232868  2.27731  1.00548  2.99528  0.527743  0.126979  -2.09163  -2.67495  0.92705  2.14105  0.504984  3.76685  0.276994  1.32484  
0.147973  0.971689  -0.337629  2.20098  -0.924474  0.75083  -1.15111  0.541144  4.78229  1.80033  -0.141038  0.189953  1.82517  -0.0386814  1.97359  0.138133  0.248114  1.18436  -2.97269  -0.174774  -5.34393  0.393316  2.37035  -0.199276  1.0567  
0.282602  1.5546  0.226518  1.031  -0.608717  0.558518  -1.91551  0.618122  5.81026  0.603394  -0.207411  0.469819  1.63295  -0.452868  0.0286071  0.158163  0.256453  5.58249  -1.92102  0.296773  -6.33848  -0.608912  0.731225  0.268607  1.23935  
0.428684  2.45551  0.306271  -0.769416  1.10445  0.132611  -1.60663  0.411465  5.88968  2.24153  -0.169319  0.524288  1.95093  0.587013  -1.82963  0.46448  -0.0858909  7.48303  -1.18947  3.82324  -1.80045  -1.46199  -0.548881  1.33276  2.42967  
0.417103  3.47569  -0.179155  -0.315293  3.02142  0.0947843  -0.362172  1.02087  5.85538  3.61504  -0.0291392  0.250583  1.92596  2.03792  -2.19063  0.546463  -0.614477  4.7373  -1.42396  8.62572  2.51363  -1.10942  -1.48473  2.13993  3.99839  
0.269489  4.60604  -0.649335  2.9376  3.45806  0.891886  0.823626  2.29422  6.00395  1.78779  0.16109  -0.0835512  0.843569  2.09745  -0.79995  0.166828  -0.809597  -0.837854  -1.55666  10.7922  2.88601  0.231567  -1.95303  2.19513  4.35024  
0.19062  5.64263  -0.504253  5.94901  2.00313  1.72171  1.05943  3.02145  6.11825  -2.42699  0.252685  -0.0654943  -0.703555  0.413994  0.770898  -0.313964  -0.352102  -5.18058  -0.34889  7.83208  1.18819  1.19837  -1.43262  1.58298  2.5397  
0.337736  6.00555  0.242359  5.15625  0.056538  1.24234  0.42275  2.56745  6.05994  -5.26501  0.185475  0.431721  -1.3456  -1.39313  0.592016  -0.327152  0.440052  -5.86197  1.65305  1.13471  1.41046  0.787137  -0.00310112  0.599007  -0.452208  
0.635523  5.19004  0.989351  0.622789  -0.543625  -0.663604  -0.201614  1.84736  5.79084  -3.9316  0.137828  1.07588  -0.61109  -1.65763  -1.46314  0.280926  0.89178  -3.72984  2.44651  -5.149  4.06161  -0.519802  0.94931  -0.485431  -2.44851  
0.841419  3.35894  1.13734  -3.49322  0.581623  -2.40396  -0.0820515  2.31282  4.71036  0.810899  0.33211  1.37063  0.429787  -0.646239  -3.46679  1.07079  0.678928  -1.12998  1.2643  -7.62054  5.66285  -1.36774  0.0325763  -1.30218  -2.21669  
0.768699  1.23697  0.580793  -3.15254  1.9293  -2.27008  0.648261  4.11703  1.73373  5.78137  0.720558  1.11291  0.427418  -0.137673  -3.52219  1.37049  0.156882  0.421849  0.180037  -6.13856  3.47678  -1.09679  -1.99166  -1.40486  -0.698026  
0.4357  -0.555833  -0.262064  1.09233  1.6662  -0.284005  1.21519  5.73637  -3.25539  8.34744  0.990886  0.545338  -0.689372  -1.04907  -1.76217  0.816286  -0.0817519  0.60747  1.80948  -3.19691  -0.806324  -0.335246  -2.35848  -0.669914  -0.00495595  
0.0271944  -1.83456  -0.828045  4.31623  -0.436966  1.78352  1.00822  5.49596  -8.28773  7.82996  0.952755  0.0775041  -1.77407  -2.10571  0.0524169  -0.318762  0.113519  -0.481285  5.45541  -1.22439  -3.11977  -0.0291551  0.577266  0.439681  -1.20153  
-0.259804  -2.53113  -0.84826  2.43134  -2.67763  2.18918  0.134067  3.24527  -10.4697  4.888  0.777378  -0.0956233  -1.91386  -1.43563  0.685077  -1.30809  0.331747  -2.22623  6.9492  -0.567132  -1.94675  -0.27617  4.80122  1.25135  -3.14349  
-0.336839  -2.48951  -0.493739  -3.04936  -3.02398  0.836205  -0.741916  0.359494  -8.75437  0.602377  0.742067  -0.0909198  -1.33239  0.785608  0.693537  -1.53811  0.153816  -2.93317  3.32929  0.183969  0.144588  -0.400999  6.25844  1.50739  -3.59511  
-0.242471  -1.81701  -0.16402  -6.43505  -1.0539  -0.753547  -1.02716  -1.66723  -5.24914  -3.58334  0.809712  -0.114405  -0.750828  2.18128  1.4436  -0.997844  -0.325325  -0.807107  -3.0291  2.27924  -0.00571106  0.0266602  3.35396  1.46257  -1.50434  
-0.0768876  -1.18356  -0.0898114  -4.19724  1.64218  -0.886083  -0.679255  -2.34351  -3.26848  -6.09085  0.631605  -0.201497  -0.30411  1.01472  3.25328  -0.245738  -0.620659  3.70236  -6.5063  5.32559  -2.22757  0.690783  -1.01752  1.36771  1.85604  
0.0795532  -1.23325  -0.142041  1.11264  2.90477  0.822394  -0.13425  -2.02798  -3.97909  -6.48235  0.0424161  -0.195093  0.50057  -1.36228  4.92518  0.133336  -0.470879  7.3068  -4.65361  7.47089  -3.51992  1.06799  -2.5827  1.11744  4.01649  
0.205709  -1.60898  -0.0219741  4.0703  1.8805  3.09573  0.173303  -1.17421  -5.30059  -6.15547  -0.599313  0.0440847  1.86836  -1.73264  5.08766  0.0831208  -0.181588  6.84539  -1.05981  6.87984  -1.88584  1.09509  -0.430798  0.534037  3.5139  
0.315164  -1.07835  0.357982  2.63085  -0.332984  4.02711  0.195298  -0.0821742  -4.25739  -6.76004  -0.70913  0.437721  3.12843  1.2015  3.68662  0.0699008  -0.268017  2.92372  -0.823832  3.28478  1.33817  1.03937  2.16925  -0.181218  1.09721  
0.408587  1.01333  0.733395  -0.181353  -1.74111  2.67506  0.19125  0.814415  -0.186392  -7.70724  -0.127978  0.719911  3.2625  4.92652  1.96628  0.547204  -0.797221  -0.343882  -4.21183  -1.54218  3.20299  0.961025  1.61629  -0.552096  -1.08608  
0.470556  3.59321  0.742292  -0.681723  -1.17947  -0.0962576  0.352451  0.95009  4.5476  -6.17913  0.648994  0.68546  1.94484  5.74735  1.07743  1.46191  -1.1956  0.326161  -6.37326  -4.84189  2.28104  0.705105  -2.19554  -0.39703  -1.47265  
0.498307  4.72061  0.339915  1.17965  0.759847  -2.35418  0.594569  0.207586  6.84359  -0.561036  0.968811  0.404074  -0.0337118  2.97594  0.892768  2.21222  -0.807403  3.77903  -3.26288  -4.88574  -0.354514  0.398111  -6.21089  -0.072299  -0.298513  
0.503112  3.69267  -0.085611  2.54338  2.32455  -2.76853  0.736225  -0.756067  5.64893  6.64481  0.677878  0.16123  -1.40949  -0.379044  0.280335  2.09593  0.359817  5.73675  3.58297  -2.36525  -2.76497  0.507328  -7.66649  0.000797953  1.03773  
0.465987  1.83598  -0.0649267  1.53607  2.14885  -1.61828  0.773392  -1.09093  2.65561  10.4512  0.213304  0.152681  -1.53824  -1.19001  -1.48803  0.920017  1.516  3.40963  8.99449  0.269959  -3.80977  1.15338  -6.41392  -0.0944165  1.50856  
0.318924  0.847649  0.467672  -1.09735  0.407168  -0.229693  0.851983  -0.779855  0.608131  8.32087  0.0567998  0.25331  -0.883571  0.257976  -3.6824  -0.718655  1.7742  -1.77569  9.76163  1.15894  -3.28071  1.63561  -4.1092  0.147373  1.23925  
0.0180904  0.685284  1.07194  -3.59725  -1.43791  0.403791  1.02038  -0.664825  0.923668  2.82478  0.240264  0.130693  -0.404139  1.05788  -4.55619  -1.78338  0.996224  -5.92203  7.08366  0.764412  -1.37833  1.07951  -2.13836  0.988334  0.923809  
-0.358508  -0.222238  1.21832  -5.06827  -1.99084  0.357431  1.10171  -1.31453  2.56849  -1.18757  0.443363  -0.381336  -0.482523  -0.447096  -2.95537  -1.60585  -0.0747967  -6.36875  3.89158  1.01239  1.28317  -0.437327  -0.821016  2.01852  0.788906  
-0.632717  -2.68577  0.80582  -5.32713  -1.08103  0.34959  0.886539  -2.07221  3.08138  -1.49192  0.48271  -1.05587  -0.605615  -2.73183  0.427827  -0.496998  -0.545532  -3.4069  1.4189  2.74743  3.49053  -1.79576  0.0168861  2.50603  0.38196  
-0.683189  -5.33787  0.216453  -4.12951  0.332257  0.915967  0.400598  -1.68952  0.938134  0.0232469  0.516426  -1.46219  -0.153869  -3.37109  3.44164  0.506789  -0.244017  0.797154  -0.82714  4.50527  4.12644  -2.04574  0.50757  2.13277  -0.665912  
-0.566373  -6.0578  -0.136051  -1.66432  1.22891  2.00721  -0.0977088  0.134309  -2.75889  0.420071  0.727611  -1.38228  0.704253  -2.44095  4.26068  0.629647  0.211042  4.06148  -2.83429  4.13702  3.29092  -1.4637  0.826654  1.26827  -1.91507  
-0.439316  -4.47673  -0.21056  0.869557  1.33518  3.07413  -0.342315  2.24791  -5.06694  -0.753464  0.970606  -0.99393  1.16034  -2.43895  2.96395  0.1103  0.202967  5.07252  -3.34772  1.32776  2.29516  -1.12937  1.18417  0.515479  -2.40092  
-0.365673  -2.32761  -0.249125  2.25895  0.96573  3.36451  -0.27976  3.28949  -4.0469  -1.48869  0.940401  -0.636683  0.777204  -4.6936  1.39163  -0.10985  -0.14268  3.58851  -1.56716  -2.00572  2.14842  -1.58268  1.47229  0.111728  -1.56815  
-0.25101  -1.27375  -0.346826  2.75122  0.447722  2.40109  -0.0614036  3.16608  -0.861027  -0.158754  0.670091  -0.452168  0.0136499  -6.97208  1.33305  0.488925  -0.152338  0.647327  1.4239  -3.7535  2.4223  -2.20878  1.23689  -0.145339  0.143039  
0.00362177  -1.05972  -0.302617  3.59755  -0.0378529  0.51655  0.122151  2.97013  1.25186  2.4545  0.61854  -0.312405  -0.435877  -5.61833  2.69026  1.3697  0.479911  -1.69017  3.6058  -3.51874  2.09292  -1.9899  0.307523  -0.447645  1.61791  
0.318916  -0.257591  0.0365502  4.99478  -0.252027  -1.10716  0.19191  3.42853  0.287783  4.04922  1.11314  -0.0783526  -0.549221  0.114848  3.46738  1.52719  1.17278  -1.66751  4.06514  -2.36349  1.16782  -0.60133  -0.704041  -0.60959  1.99327  
0.470569  1.57221  0.441864  5.63602  0.0446211  -1.31818  0.199071  3.90725  -2.46102  3.16623  1.77903  0.170683  -0.877734  6.64822  1.75806  0.616153  1.06093  0.57665  3.4113  -1.29917  0.770723  1.33526  -0.883732  -0.290649  1.36191  
0.31843  3.23794  0.503134  4.61565  0.663928  -0.124899  0.208981  3.19406  -3.91405  0.370432  1.78259  0.226171  -1.58929  9.40883  -2.10678  -0.673863  0.0442662  2.95305  2.33269  -0.589656  1.49946  2.81726  -0.00196252  0.460709  0.581598  
-0.0234377  3.47264  0.136305  2.6839  0.918574  1.18585  0.237814  1.1293  -2.69408  -2.52422  0.742449  0.0396093  -2.01518  7.13193  -5.50812  -1.36882  -0.992355  3.26023  0.623236  -0.222107  2.35881  3.16734  1.18714  1.06992  0.388737  
-0.265349  2.43399  -0.296625  0.770123  0.360194  1.29285  0.314916  -1.005  -0.616626  -3.96784  -0.706446  -0.15551  -1.40021  2.59089  -5.84795  -1.17809  -1.1069  1.10359  -1.90999  -0.265397  1.81774  2.44934  1.76694  0.986991  0.762303  
-0.188893  1.31136  -0.390377  -1.64996  -0.478649  0.18108  0.545557  -1.79382  -0.443345  -3.50819  -1.44221  -0.0554992  0.101034  -0.483725  -3.02589  -0.628054  -0.303025  -1.97833  -4.15876  -0.527129  -0.314853  1.47592  1.60002  0.292779  1.12603  
0.184617  0.888782  -0.107218  -5.38282  -0.427762  -0.876311  0.9886  -1.15081  -2.49984  -1.62461  -0.965499  0.399008  1.47219  -0.620174  0.458642  -0.328266  0.564956  -4.0007  -4.21391  -0.418058  -2.61769  1.21085  1.36799  -0.396511  1.0214  
0.634502  1.03606  0.260715  -8.8559  0.989542  -0.679568  1.39963  -0.213484  -4.21978  0.712689  0.127859  0.947001  1.86593  0.957315  1.93245  -0.282714  0.792206  -4.03317  -1.49834  0.426924  -3.74826  1.76174  1.68005  -0.634854  0.532824  
0.915182  1.4114  0.384948  -8.69754  2.74536  0.667478  1.25378  0.0577742  -3.20879  2.37287  0.801555  1.23772  1.36781  2.23104  1.02837  0.0107127  0.521085  -2.40661  1.98165  1.58472  -3.85212  1.94746  2.28794  -0.567726  0.119915  
0.909791  1.9549  0.0661003  -3.66646  3.15932  1.88555  0.230962  -0.208842  -0.203835  2.47237  0.608182  1.11896  0.683959  2.24059  -0.342723  0.882685  0.400183  -0.0529014  3.2602  2.26269  -3.92657  0.358767  2.26689  -0.544121  0.0110473  
0.665792  2.49708  -0.70214  2.83297  1.65042  1.77466  -1.26429  -0.338186  1.68952  1.02916  -0.0149621  0.720015  0.316512  1.29644  -0.344273  1.95879  0.736224  2.11577  1.43193  2.1598  -4.28898  -2.84005  0.95783  -0.493832  -0.0670268  
0.331963  2.42456  -1.59129  5.7633  -0.559337  0.355066  -2.20912  -0.139436  0.656297  -0.731862  -0.356117  0.301294  0.274877  0.177613  0.776636  2.36151  1.17219  3.46148  -1.29123  1.59  -4.31265  -5.49435  -1.35804  0.0121402  -0.552023  
0.0582332  1.26793  -1.90668  3.85634  -1.62976  -1.1277  -1.84069  -0.0298959  -1.64884  -1.34283  -0.151357  0.0476282  0.456176  -0.541599  1.23653  1.51663  1.14771  3.71093  -1.87889  0.835778  -3.56768  -5.35297  -3.79482  1.05113  -1.50844  
-0.0870448  -0.55058  -1.06348  0.96683  -0.930372  -1.30209  -0.415162  -0.266397  -2.07979  -0.724917  0.31625  -0.0303002  0.914356  -0.633683  0.0564811  -0.231998  0.525203  3.10194  0.245553  -0.106379  -2.49218  -2.45125  -5.74574  1.9729  -2.37185  
-0.134611  -1.93253  0.652385  1.38303  0.445232  0.0753051  1.01002  -0.492903  0.274467  -0.484851  0.645416  -0.0504647  1.59994  -0.144298  -1.62451  -1.78299  -0.303377  2.25229  2.52299  -0.984829  -1.67736  0.811033  -7.15499  1.95518  -2.2591  
-0.160279  -2.11968  1.99144  4.65165  0.941783  1.81303  1.57574  -0.295794  3.15998  -1.93105  0.683362  -0.136091  2.07174  0.52759  -1.83006  -2.15279  -0.815199  1.68982  2.02122  -1.03092  -0.95405  2.09876  -7.73116  0.883604  -0.698178  
-0.205491  -1.30171  1.78488  6.54537  0.0789036  2.33335  1.35823  0.13203  4.03285  -3.83202  0.525646  -0.309456  1.76935  0.702786  -0.0699469  -1.31648  -0.774492  1.38861  -1.19346  0.236065  0.229928  1.36859  -6.32537  -0.477626  1.78109  
-0.239928  -0.263001  0.215283  4.72061  -1.27584  1.20754  1.05377  0.268056  2.98815  -3.20429  0.318802  -0.478491  0.6345  -0.0226266  2.06224  -0.18367  -0.322266  0.947967  -3.81216  2.14869  1.74381  0.50444  -1.86431  -1.2119  3.84489  
-0.201741  0.209868  -1.18265  1.68317  -1.93402  -0.355158  1.11568  0.162376  2.12374  0.956603  0.136587  -0.525943  -0.768974  -1.21667  2.72787  0.285043  0.227193  0.223384  -2.63513  3.28418  2.74866  1.00221  4.75354  -1.02461  4.27859  
-0.0702451  -0.343031  -1.02956  1.17095  -1.44332  -0.647139  1.36654  0.569278  2.51775  5.4151  -0.0234709  -0.420792  -1.85849  -1.85538  1.87963  -0.0225728  0.626268  -0.35078  1.91321  2.8484  2.85768  2.42599  10.2977  -0.29517  2.92132  
0.112189  -1.7462  0.453458  2.97534  -0.187694  0.89267  1.40984  1.80017  2.99608  5.45225  -0.166479  -0.237787  -2.52958  -1.36089  1.09285  -0.358406  0.804457  -0.152828  5.9729  1.41837  2.60358  3.14815  11.6051  0.436463  0.785571  
0.293784  -2.9333  1.68408  3.40154  1.23431  3.15603  1.1554  2.86189  2.13777  0.240152  -0.241302  -0.0606167  -2.88933  -0.299302  1.49338  0.0523161  0.8166  0.886299  6.10383  0.193501  2.41164  2.24966  8.62263  0.885639  -0.768698  
0.463579  -2.43821  1.40647  0.720021  2.4336  4.40578  0.757286  2.25973  0.454346  -5.58427  -0.148501  0.114375  -2.73673  0.210021  2.39648  1.18834  0.720469  1.94589  2.76709  -0.228255  1.73072  0.45707  4.56099  1.06458  -1.16256  
0.626166  0.196336  -0.0486556  -2.07957  3.10634  3.71703  0.230217  -0.0951531  -0.355657  -6.6713  0.142191  0.352787  -1.737  -0.200381  2.29026  2.21195  0.534888  1.77798  -0.405186  -0.168858  0.0362439  -0.672502  2.7245  1.13601  -1.00491  
0.732796  3.44853  -1.23067  -1.33352  2.86432  1.50671  -0.569647  -2.34327  0.0613672  -2.87518  0.476971  0.665137  -0.175272  -0.664684  0.845341  2.18736  0.314832  -0.340658  -0.655561  -0.23052  -1.42847  -0.342519  3.42854  1.22457  -1.38313  
0.685485  4.77395  -1.08855  1.94093  1.50201  -1.04053  -1.4645  -2.48587  0.0579357  0.624591  0.602975  0.950875  0.95084  -0.144744  -0.565914  0.84789  0.203169  -3.89064  1.16241  -0.669283  -0.168764  0.746952  4.24732  1.21783  -2.68865  
0.455609  2.91949  0.109178  2.89171  -0.529705  -2.84328  -1.76529  -0.593097  -1.7377  -0.622231  0.455256  1.08393  0.967906  1.21736  -0.471383  -1.13529  0.330953  -7.21799  2.09646  -1.40301  4.38886  1.16001  3.02358  0.744456  -4.09762  
0.175109  -0.860861  1.22427  -0.786221  -2.19153  -3.42691  -0.920432  1.2241  -4.29887  -5.13225  0.288231  1.03367  0.410601  2.18141  0.962707  -2.54108  0.641927  -8.47061  0.663396  -2.28071  8.84343  0.214138  0.0728436  -0.478743  -4.22136  
0.0423315  -3.94449  1.3514  -5.52597  -2.652  -2.95829  0.672175  1.28644  -5.131  -7.21942  0.379734  0.87091  0.383317  1.80219  2.12645  -2.44621  0.876845  -6.72403  -1.8097  -3.22132  8.53648  -1.29403  -2.53105  -2.14022  -2.39999  
0.106182  -4.59441  0.450059  -6.11566  -2.05112  -1.98843  1.79078  0.187944  -3.17164  -3.54411  0.615798  0.666535  1.07396  0.398892  1.77725  -0.975352  0.764672  -2.6714  -3.24301  -4.187  2.74199  -1.87292  -3.2483  -3.293  0.46831  
0.182215  -3.07373  -0.824035  -2.18711  -1.35563  -1.06535  1.55888  -0.0850004  -0.01397  3.06187  0.543399  0.416995  1.44769  -0.997393  0.366495  0.676109  0.258013  1.74171  -3.30091  -4.99209  -3.81146  -0.887632  -2.27343  -3.0655  2.58883  
0.0461431  -0.913759  -1.65949  1.6173  -1.34768  -0.394635  0.37789  1.22432  1.98142  6.70495  -0.0504685  0.083057  0.686706  -1.70489  -0.538924  1.1902  -0.390987  4.57014  -3.36159  -4.96842  -5.647  0.717861  -0.827837  -1.51399  2.90231  
-0.289042  0.530068  -1.5422  1.67168  -1.80042  0.135292  -0.548322  2.69562  2.26274  4.59302  -0.727823  -0.319593  -0.507666  -1.64786  0.0317064  0.348764  -0.783893  5.11483  -4.36772  -3.01619  -2.27149  1.33426  0.0864869  0.312472  2.0615  
-0.545978  0.894793  -0.513362  -0.461052  -1.75743  0.607205  -0.507119  2.44187  2.28507  -0.673229  -0.778877  -0.683941  -0.631222  -0.834719  1.46795  -0.726138  -0.667206  4.19753  -5.46842  1.3811  1.72853  0.315036  0.11976  1.2374  1.65077  
-0.457273  0.702305  0.839523  -0.943733  -0.633213  0.848102  0.109908  0.460226  3.32734  -4.5508  -0.0181732  -0.860507  0.71693  0.731059  2.28487  -0.65734  -0.166789  3.16857  -4.88956  6.7692  2.29551  -1.27909  -0.73262  0.905977  2.32939  
-0.0447793  0.680438  1.75058  0.971341  1.08425  0.648635  0.483406  -1.43008  4.70308  -5.27812  0.954001  -0.748362  2.20476  2.44315  1.74524  0.772947  0.271825  2.68967  -1.69613  9.83747  0.340425  -1.60944  -2.34498  -0.0600209  3.021  
0.404461  1.02578  1.84314  2.64381  2.28166  0.150387  0.350108  -1.67786  4.51666  -4.56784  1.38026  -0.373057  2.2757  3.10278  0.736252  2.33339  0.297395  2.4894  3.35754  7.9591  -0.203135  0.2044  -4.32183  -0.736831  2.2509  
0.619191  1.24714  1.41467  2.51056  2.31938  -0.196449  0.0955048  -0.592029  2.06614  -4.3253  1.10896  0.0958045  0.894649  2.12097  0.923102  2.52227  0.0647661  2.23203  8.19338  2.15413  2.20163  3.14551  -5.91436  -0.695478  0.0675032  
0.554389  0.728978  1.10851  2.58037  1.53285  -0.18001  0.0570475  0.436206  -0.909267  -3.97837  0.599642  0.423851  -0.621257  0.477501  2.92693  0.980716  0.134356  2.09432  10.3684  -3.13009  4.90277  4.98445  -6.3505  -0.229786  -1.83535  
0.347255  -0.562492  1.27279  5.31766  0.684663  -0.154022  0.091838  0.702035  -1.76309  -1.60576  0.245101  0.472405  -1.2333  -0.0696896  5.35349  -1.20861  0.813333  2.20774  8.34679  -3.90983  4.83685  4.0607  -5.34239  0.0543936  -2.01548  
0.141242  -2.01597  1.68543  9.5728  0.14688  -0.641354  -0.118669  0.673662  0.18851  2.94392  -0.0825213  0.321267  -1.14694  1.15047  5.85046  -2.52786  1.63375  1.84198  2.75216  -0.44482  2.54873  0.651457  -3.30499  -0.138029  -0.986696  
-0.00918861  -3.11152  1.88224  11.191  -0.224284  -1.59984  -0.574186  0.971055  2.5289  7.02557  -0.722444  0.204945  -1.10844  2.8791  3.3236  -2.29387  1.6875  -0.133024  -3.51887  3.20752  1.21515  -3.25284  -1.02671  -0.503415  -0.558986  
-0.101051  -3.95488  1.62592  7.593  -0.571575  -2.22439  -0.937895  1.40981  1.8844  7.51157  -1.61263  0.292429  -1.28394  3.21114  -0.936033  -1.07063  0.615787  -3.65987  -6.99004  3.46658  2.29579  -5.55649  0.877487  -0.442662  -1.58963  
-0.123828  -4.9643  0.992887  0.456813  -0.713889  -1.65558  -0.886383  1.36335  -2.55728  3.70936  -2.18163  0.526756  -1.18469  1.58012  -4.41537  0.00210346  -0.85639  -6.79979  -6.04961  0.722644  3.60143  -5.54887  2.25368  0.294834  -2.9307  
-0.0640043  -6.14038  0.153221  -6.17953  -0.425865  0.0473517  -0.360046  0.581392  -7.8495  -2.09732  -1.90471  0.695982  -0.47707  -0.808689  -5.62171  0.257133  -1.57326  -7.29138  -1.97399  -1.62458  2.17853  -3.97133  3.22045  1.26563  -2.8122  
0.061884  -6.79474  -0.698508  -9.39332  0.169876  1.70765  0.44816  -0.616679  -9.83922  -6.61186  -0.850326  0.649733  0.590379  -2.37345  -5.06424  -0.014521  -1.13733  -4.87528  2.24366  -1.18034  -1.84841  -1.85559  3.79619  1.6911  -0.915875  
0.201474  -5.91947  -1.20698  -8.75721  0.673366  1.99535  1.13807  -1.75983  -7.05611  -7.88636  0.383191  0.419785  1.58517  -2.57713  -4.22971  -0.00923471  -0.265932  -1.58246  4.04866  1.09411  -5.2324  0.295232  3.84452  1.16943  1.30892  
0.285502  -2.91745  -0.960314  -5.53085  0.822696  0.753247  1.21548  -2.54847  -2.02793  -6.36978  1.22379  0.138381  2.30751  -1.95747  -3.94788  0.644365  0.0943621  0.489084  2.85591  2.51398  -5.12041  2.19297  3.30934  0.0185764  2.32785  
0.251346  1.64512  0.0319395  -1.65826  0.65003  -0.72943  0.445698  -2.70233  1.26099  -4.38573  1.54459  -0.102152  2.60587  -1.23532  -3.94552  1.3739  -0.175629  1.24359  0.247736  1.85484  -1.82756  3.21606  2.39437  -1.04074  2.02845  
0.0763437  5.73732  1.05174  0.848223  0.241187  -0.941133  -0.794845  -2.01546  1.07765  -4.33216  1.5729  -0.28643  2.0805  -0.633322  -3.66671  1.23012  -0.395029  2.10884  -1.26649  0.274543  1.83246  2.78014  1.42551  -1.44348  1.36276  
-0.185144  6.81338  1.18271  0.987918  -0.447387  0.272693  -1.6804  -0.580312  -0.971059  -6.6485  1.49632  -0.41971  0.437209  0.0401627  -2.98958  -0.0116299  -0.03678  3.87649  -0.336807  -0.5842  3.36733  1.24575  0.626302  -1.06767  1.02417  
-0.399201  4.04873  0.251737  -0.161291  -1.33985  1.52539  -1.60927  1.08052  -2.26657  -9.1646  1.24316  -0.485197  -1.77304  0.994183  -2.05829  -1.41044  0.614833  5.58564  1.81072  -0.530795  2.44188  -0.0590906  0.0838744  -0.19674  0.918825  
-0.421483  -0.212437  -0.85759  -0.19171  -1.94566  1.40259  -0.698737  2.42176  -2.02595  -8.97533  0.652019  -0.450426  -3.13308  2.15284  -0.890336  -1.7162  0.861365  5.6567  2.40643  -0.529166  0.551578  -0.0679879  -0.128253  0.637044  0.781218  
-0.19988  -2.03629  -1.02494  2.12777  -1.60136  0.0604141  0.456737  3.18225  -1.51859  -5.44345  -0.229843  -0.280864  -2.50092  3.07822  0.444853  -0.667588  0.448965  3.704  0.0997863  -1.04759  -0.541247  0.947279  0.097818  0.895358  0.711271  
0.177073  0.26995  -0.0157251  5.10829  -0.17312  -0.920911  1.34511  3.3682  -1.82761  -0.945159  -1.05839  0.0445885  -0.247989  3.10436  1.3976  0.702856  -0.166004  0.884847  -3.24908  -1.48506  -0.0314406  1.83306  0.757559  0.412202  0.883154  
0.530184  4.19918  1.29427  5.49185  1.57291  -0.281124  1.74049  2.86144  -2.223  1.77988  -1.44424  0.483811  1.88154  1.92805  1.1903  1.14431  -0.388304  -1.23479  -4.36322  -1.2971  1.55712  1.86413  1.59245  -0.377631  1.15102  
0.711403  5.57328  1.7794  1.90555  2.4754  1.5448  1.53293  1.52511  -1.2137  2.67235  -1.27537  0.895191  2.35334  0.258099  -0.235326  0.496792  -0.111059  -1.79173  -2.25527  -0.970666  2.84443  1.27013  2.15428  -0.764738  1.21425  
0.707364  3.09094  1.02615  -3.22615  1.96305  2.91302  0.720687  -0.365183  1.21022  3.93012  -0.789699  1.1186  1.23418  -0.592299  -1.72201  -0.2125  0.293509  -0.699556  0.596645  -1.28057  2.60062  0.534557  2.09355  -0.464272  0.990495  
0.638912  -0.504978  -0.475666  -5.6601  0.567332  2.64356  -0.406117  -1.93617  3.24282  6.55212  -0.326389  1.13513  -0.101557  -0.180142  -1.69827  0.0227319  0.480165  1.54159  1.13978  -1.91964  0.720003  -0.298552  1.46245  0.112371  0.62868  
0.640571  -1.85727  -1.84976  -3.56059  -0.511108  1.07501  -1.30798  -2.39346  3.4482  8.66273  -0.0331956  1.08827  -0.497488  0.321267  0.317464  1.05963  0.467463  3.76859  -0.787642  -1.54162  -1.60485  -1.30135  0.768195  0.377677  0.204451  
0.700533  -0.691216  -2.38608  0.492216  -0.387389  -0.44281  -1.6731  -1.79431  2.70149  8.17299  0.155582  1.07078  -0.0934216  -0.552284  3.06561  1.74306  0.46744  4.35812  -2.57279  0.568702  -2.61948  -2.00535  0.604904  0.261098  -0.382931  
0.624975  0.505947  -1.81691  1.93165  0.82326  -0.858316  -1.71438  -1.00152  3.1477  5.96839  0.307682  0.91118  0.16832  -2.5305  4.52342  1.13743  0.543643  2.33512  -2.10239  3.31661  -1.22481  -1.65947  1.05731  0.190103  -1.10663  
0.217934  -0.100725  -0.421668  -1.01429  2.1818  -0.254297  -1.79551  -0.779586  5.29141  4.5916  0.334389  0.317845  -0.238903  -3.46632  3.67385  -0.528294  0.559282  -1.44983  0.099762  4.71874  2.1352  -0.26552  1.4329  0.436074  -1.73893  
-0.472824  -1.78733  1.03519  -5.39766  2.76856  0.368893  -1.83573  -0.928716  6.91706  3.77831  0.110093  -0.708606  -0.958762  -1.78891  1.4276  -2.11921  0.412666  -4.66135  2.0881  3.90767  5.51545  1.09013  0.748096  0.703307  -2.2181  
-1.11634  -2.75537  1.70056  -6.66426  2.42099  0.0130349  -1.35483  -0.52189  5.44587  -0.202512  -0.303038  -1.70074  -1.37241  1.32392  -0.207411  -2.66657  0.20418  -5.48095  2.88386  1.83875  6.70978  1.29681  -1.20613  0.492777  -2.74196  
-1.35699  -2.47945  1.24323  -3.58824  1.68198  -1.41641  -0.170993  1.09065  1.07589  -8.98887  -0.616889  -2.09097  -1.33346  3.0597  0.0603661  -2.11508  0.112385  -4.23802  3.00037  0.0822435  5.0141  0.492646  -3.43521  -0.262785  -3.31804  
-1.13146  -1.858  0.142273  0.503618  1.03333  -2.89256  1.16579  3.46157  -3.12492  -17.5088  -0.577509  -1.76316  -1.12265  2.13469  1.67345  -1.12603  0.171562  -2.84591  3.12899  -0.604787  2.00583  -0.0788564  -4.44134  -1.07254  -3.40313  
-0.705102  -1.65729  -0.707633  1.72737  0.357857  -3.0326  1.8216  5.28503  -4.26034  -18.184  -0.202576  -1.15093  -0.931732  0.0646101  2.84263  -0.362229  0.245637  -2.59933  3.1851  -0.463451  0.348459  0.490213  -3.55318  -1.32189  -2.32008  
-0.389302  -1.75237  -0.701749  0.0690036  -0.740046  -1.4057  1.50658  5.47643  -2.29352  -10.5158  0.24168  -0.756328  -0.629709  -0.938249  2.26033  -0.030567  0.233772  -2.89247  2.63399  0.0140617  1.23219  1.7297  -1.52348  -0.752463  -0.166619  
-0.251701  -1.8368  0.0746037  -1.20411  -2.129  0.932121  0.720148  4.00577  0.452509  -3.33305  0.484031  -0.65813  0.00135827  -0.529794  0.264363  0.093082  0.211869  -2.21823  1.11968  0.505247  2.98132  2.33947  0.174639  0.382597  2.01915  
-0.126774  -2.13071  1.02729  -0.232258  -2.93472  2.37393  0.192754  1.7453  1.93464  -4.80202  0.422872  -0.550665  0.958641  -0.0186364  -1.57871  0.353852  0.302698  -0.219596  -1.29003  0.676203  2.59835  1.62914  0.684749  1.43573  3.23221  
0.132357  -2.89464  1.52359  0.945247  -2.31275  2.27598  0.21307  -0.419719  2.05594  -11.4971  0.101539  -0.191195  1.93468  -0.137729  -1.94133  0.98014  0.426202  1.72634  -3.91045  0.20713  -0.987609  0.223562  0.400904  1.67386  3.36933  
0.463322  -3.67053  1.25665  -0.549721  -0.412064  1.398  0.440151  -2.11946  1.94771  -11.3625  -0.361101  0.319787  2.44547  -0.190081  -0.811196  1.85487  0.309798  2.05896  -5.30085  -0.623444  -5.4128  -0.632998  0.389029  0.761115  2.96659  
0.662928  -3.50342  0.355103  -4.00433  1.6262  0.825533  0.241177  -3.24006  2.24039  1.324  -0.787861  0.704  2.1317  0.448883  0.709215  2.42887  -0.174132  0.845303  -4.16051  -0.724345  -6.97664  -0.2883  1.02993  -0.860447  2.30381  
0.596176  -2.00703  -0.715706  -5.51819  2.67311  0.733427  -0.726511  -3.37216  2.45477  17.4794  -0.957776  0.821162  1.11997  1.0465  1.36133  1.98023  -0.728978  -0.22604  -1.08653  0.780234  -4.26318  0.862023  1.22156  -2.1745  1.1595  
0.314717  0.0538476  -1.4231  -2.816  2.51495  0.448634  -2.08154  -2.05914  1.82709  22.9326  -0.746454  0.733717  0.124027  0.734544  0.500492  0.309472  -0.839179  0.473263  1.0709  3.11793  0.516558  1.92084  -0.688704  -2.41657  -0.428407  
-0.00391973  1.28528  -1.51328  1.92388  1.72474  -0.439325  -2.84792  0.382397  0.32457  15.1984  -0.264086  0.52714  -0.101126  0.331303  -1.66236  -1.73344  -0.3049  2.99738  -0.254795  4.02763  3.83485  2.34832  -4.67485  -1.76142  -1.66894  
-0.205778  0.904171  -1.19053  4.47923  0.845402  -1.39719  -2.2276  2.57217  -1.24188  6.47702  0.213884  0.200253  0.390098  1.60502  -4.15317  -2.70483  0.467414  5.84381  -4.06461  1.9913  4.15988  2.30512  -7.8346  -1.09677  -1.64082  
-0.258377  -0.576019  -0.866491  2.951  -0.0418587  -1.50766  -0.454915  3.06258  -1.98645  8.89263  0.492954  -0.240021  0.601881  4.49982  -5.59548  -1.84881  0.810915  7.03414  -6.00811  -1.71478  2.81567  2.30724  -6.27067  -1.05763  -0.363263  
-0.23818  -1.75418  -0.700738  -1.1152  -0.959451  -0.474783  1.24442  1.79302  -1.67593  20.2695  0.60802  -0.667538  -0.391859  6.28911  -4.99014  0.0417934  0.459147  5.27555  -2.83877  -3.77592  2.06058  2.62987  1.12104  -1.38309  1.02988  
-0.236057  -1.65244  -0.420784  -5.0928  -1.57458  1.09675  1.7306  0.329721  -0.793613  27.4992  0.699751  -0.899382  -2.3346  4.51682  -2.50534  1.26329  -0.183022  0.745902  3.51773  -2.13908  2.85587  2.99648  10.8006  -1.26544  1.33849  
-0.26257  -0.645322  0.2799  -7.6389  -1.38481  2.30415  1.03048  0.213814  -0.0915096  22.3644  0.811947  -0.859312  -3.88042  0.355059  0.508891  0.871614  -0.465571  -4.67114  7.29803  1.58346  4.28841  2.79203  17.179  -0.272397  0.427424  
-0.240529  0.0816545  1.15383  -8.45464  -0.341944  2.62901  0.223396  1.14991  -0.0965966  10.2702  0.858061  -0.620317  -3.88461  -2.20199  2.55732  -0.426494  -0.168306  -7.99923  4.83476  3.49372  4.57958  1.62884  17.4015  1.16176  -0.827994  
-0.092805  -0.0294269  1.41156  -7.0797  0.920704  2.08673  0.235723  1.19733  -0.864322  2.51804  0.773876  -0.290767  -2.46162  -0.837635  3.14149  -1.11202  0.3068  -7.0529  -1.37849  1.37316  2.46499  -0.206418  13.2711  2.10656  -1.52336  
0.16511  -0.361899  0.556801  -3.16851  1.61594  0.951617  0.877834  -1.06497  -1.92931  3.17918  0.608166  0.0993219  -0.692743  2.36803  2.81208  -0.526621  0.428156  -2.63019  -5.15661  -3.03634  -1.79324  -1.8399  8.55514  1.93658  -1.43075  
0.436207  -0.300217  -0.817836  2.05484  1.50449  -0.440339  1.18634  -4.71286  -2.43034  6.13662  0.424957  0.578338  0.507307  3.38546  2.2193  0.542541  0.123481  1.27963  -3.02825  -5.90296  -6.23751  -2.4175  4.93479  0.793854  -0.861619  
0.64119  -0.374923  -1.36882  5.86539  0.974847  -1.70621  0.58959  -7.22843  -1.6283  3.78155  0.175236  1.12334  1.0752  0.74723  1.41331  0.958905  -0.204155  0.578629  2.39751  -5.16308  -8.42222  -1.73201  1.43524  -0.619576  -0.136583  
0.78165  -1.44668  -0.395308  6.47386  0.499861  -2.49742  -0.472035  -7.08678  0.308056  -4.42165  -0.219388  1.60495  1.48761  -3.25888  0.227416  0.624507  -0.219744  -4.64301  5.5549  -2.17704  -7.58373  -0.344131  -2.60852  -1.62418  0.591053  
0.8955  -2.88711  1.21219  4.96044  0.14025  -2.68236  -1.05023  -5.29696  2.01334  -12.6852  -0.695755  1.85403  2.08336  -5.6729  -0.958281  0.555557  -0.0753499  -9.27716  3.70295  0.22521  -5.79992  0.866362  -5.41705  -1.99777  1.1127  
0.971608  -2.67461  1.7505  3.99753  -0.329732  -2.38552  -0.672458  -4.13479  1.92168  -15.8141  -1.02962  1.77935  2.7656  -5.92639  -1.31443  1.59002  -0.191636  -7.76148  -0.925038  0.647765  -6.06592  1.32535  -4.50985  -1.94606  1.13193  
0.938029  -0.051447  0.588518  4.60642  -0.913071  -1.8211  0.243829  -4.52403  -0.0873031  -13.7357  -1.03668  1.42944  3.14009  -5.26001  -0.552271  3.22845  -0.662401  -0.151386  -4.23171  -0.139585  -8.67504  1.04436  -0.254251  -1.75046  0.590686  
0.734143  2.68432  -1.00781  5.01673  -1.188  -1.11368  0.850305  -5.03847  -2.21822  -9.92701  -0.756113  0.947834  2.81474  -4.26354  0.525536  3.91913  -1.02174  7.07415  -4.35109  -0.696201  -10.0278  0.429614  3.41146  -1.48733  -0.156441  
0.368264  2.2853  -1.24694  2.8653  -0.716031  -0.283737  0.611488  -3.63567  -2.39859  -7.34903  -0.375114  0.467509  1.66147  -2.29991  0.78261  2.4738  -0.713355  7.14272  -2.27543  -0.375002  -6.07292  -0.126143  2.57424  -1.07799  -0.631895  
-0.0896938  -1.54381  0.125667  -1.84906  0.412786  0.638979  -0.316054  -0.173393  -0.522366  -6.36425  -0.0173577  0.0295991  -0.0513077  0.830388  0.0434341  -0.729598  0.249142  0.0730979  0.437403  0.561029  2.9228  -0.523011  -2.59715  -0.516435  -0.729784  
