1.22422  1.93911  7.75699  -0.407427  6.19198  1.45461  2.40583  3.31188  3.21939  0.94686  3.2379  -15.0548  0.463186  3.29585  11.286  0.300765  66.0914  4.14248  3.19914  4.48436  6.21214  29.0394  5.55761  8.64243  1.10075  
-3.09555  -3.57622  -5.74941  -2.35796  -8.20365  -1.22485  -5.66731  -5.48342  -5.3867  -3.00817  -4.67282  -2.47463  1.71429  -2.33893  -3.32085  -6.52994  -77.8804  -17.6961  10.8168  -0.620154  -7.14069  35.3199  -8.14096  2.56174  -2.6521  
-4.93231  -7.08966  -13.7558  -4.64122  -15.9142  -3.2382  -9.36449  -9.9188  -10.4189  -4.41189  -11.8961  13.4866  2.06355  -7.35438  -8.73341  -10.9062  -171.816  -28.3276  1.84575  -5.40898  -13.1711  -9.36561  -15.8038  -8.65917  -4.69095  
-3.85662  -8.07865  -14.5668  -6.66503  -15.2082  -3.8038  -8.19444  -9.17837  -11.261  -2.9179  -16.5873  31.8391  2.0282  -9.89027  -5.40607  -11.7913  -174.461  -26.8519  -17.0929  -8.35615  -11.1329  -87.4643  -15.9937  -22.7098  -4.75396  
-1.57725  -7.50827  -11.0416  -7.1282  -10.2088  -2.66389  -5.21282  -6.11103  -9.93367  -0.433345  -17.2553  42.2888  3.01784  -8.29754  -1.46281  -9.87412  -85.1766  -21.2946  -24.942  -7.74549  -6.11792  -130.695  -12.0132  -31.2414  -3.83968  
-0.165408  -6.54126  -7.64253  -5.39488  -6.9188  -0.681721  -3.4024  -4.07745  -8.33246  0.84567  -15.2901  29.3426  5.50575  -3.68366  -2.291  -6.73197  32.4101  -18.4593  -14.7615  -3.90624  -2.94977  -100.069  -8.16219  -28.3334  -2.8567  
-0.289075  -5.49131  -6.2793  -2.5544  -7.90311  0.79015  -3.10198  -3.9696  -6.61316  0.342064  -14.363  -8.65864  8.09303  0.321858  -5.11221  -3.74699  85.2541  -17.5918  -3.5944  0.299005  -2.5339  -29.1291  -6.37094  -16.5663  -1.94958  
-1.06941  -4.05644  -4.95299  -0.640623  -10.4308  1.12614  -2.89321  -4.14973  -4.25205  -0.824209  -16.1685  -45.2972  8.83823  0.984032  -4.56  -1.51721  33.3616  -14.176  -10.2387  1.84182  -3.50032  17.819  -5.90054  -4.39017  -1.05696  
-1.31759  -2.21809  -0.793062  -0.537939  -9.74892  0.6662  -2.04078  -2.85917  -1.75512  -1.27753  -17.2604  -43.6689  7.12957  -0.842382  -0.641124  0.0855621  -64.0691  -7.35093  -30.4903  0.384054  -4.83354  17.3087  -5.06074  1.78415  -0.571349  
-0.681085  -0.544302  5.64871  -1.03133  -4.10727  -0.160413  -1.18938  -0.182279  -0.479722  -0.665165  -11.7398  2.65758  4.01427  -1.89956  1.84893  1.4095  -102.863  -0.916754  -42.0374  -1.60143  -5.79729  1.976  -2.80991  2.1946  -1.01887  
0.269509  0.457038  9.94956  -0.341584  3.52695  -1.21214  -1.01513  2.29019  -0.97102  0.304836  1.73425  53.3031  0.607036  -0.000553474  1.06219  2.46754  -42.3967  1.55336  -31.7481  -1.57812  -4.96676  10.608  0.612854  1.32383  -2.28777  
0.785682  1.00822  8.44051  1.6898  8.56059  -1.95064  -1.12552  3.31914  -2.21123  0.763853  16.358  58.713  -3.31553  4.09998  1.27415  2.84185  51.532  1.17369  -10.7403  0.515774  -1.68941  40.2462  3.69102  2.34534  -3.527  
0.629098  1.77209  2.90231  3.57846  9.15833  -1.20636  -0.613607  3.09664  -2.74175  0.466867  22.3414  15.6029  -8.43289  7.86814  6.27743  2.21137  81.6472  2.30321  0.556026  2.65374  1.8793  54.8101  4.68428  4.5712  -3.82174  
0.147867  2.89546  -0.618879  4.23316  7.46442  1.41546  0.69532  2.57889  -2.12547  -0.158966  16.4396  -26.2239  -13.8628  9.16182  11.8971  0.979963  28.3601  7.07411  -3.68756  3.23831  2.36736  31.3794  3.35015  5.50189  -2.84001  
-0.150746  3.5765  1.72372  4.12876  6.89192  4.15849  2.04482  2.18435  -1.03618  -0.526839  5.51822  -19.6601  -16.859  7.40676  9.3391  0.1249  -31.5926  12.105  -10.5177  2.58182  -0.397249  -12.7072  1.51594  4.11913  -0.911468  
-0.0822579  2.7575  7.26765  4.00585  8.67031  4.23395  2.67504  1.46625  -0.16165  -0.423711  -0.450299  24.4693  -15.1272  3.65343  -3.15854  0.228245  -16.6996  11.0581  -5.70746  1.78353  -2.27961  -38.3485  1.27136  1.72331  1.23502  
0.0963085  0.291932  9.83178  3.2015  11.0574  0.878977  2.51212  0.0506481  0.530232  -0.126465  1.37608  48.9068  -9.25226  -0.0732447  -14.7689  0.876271  65.9394  1.34755  9.9505  0.920801  0.360116  -23.7953  2.32229  0.0884628  2.72455  
-0.000759819  -2.68573  6.69122  0.398667  11.4658  -3.18295  1.94729  -1.51973  1.36027  -0.0711097  4.95513  16.0724  -2.44164  -2.00385  -11.5784  1.27117  129.429  -11.344  23.1801  -0.837455  5.69467  16.2914  2.22836  -0.345532  2.86625  
-0.427994  -4.62716  1.46001  -3.95695  9.04435  -4.06766  1.31543  -2.12998  2.24846  -0.377152  3.71263  -48.4567  2.31195  -2.03185  8.17788  1.30735  102.495  -15.9587  23.6865  -3.29421  8.12312  45.7049  -0.226741  -0.322649  1.65244  
-0.79054  -4.77733  -0.384251  -7.0197  5.2184  -0.595197  0.739116  -1.28825  2.79512  -0.704355  -1.69236  -84.3875  4.44752  -1.74411  30.5157  1.65593  2.71027  -6.26267  14.3981  -4.36612  4.99867  38.8116  -2.82685  -0.404661  -0.0584443  
-0.64915  -3.59919  2.22748  -6.02283  2.0179  4.35036  0.315356  0.246726  2.92433  -0.620843  -5.57929  -60.8364  5.39187  -2.42896  38.4746  2.61873  -85.2248  11.0723  7.64505  -1.99255  -0.194314  0.88779  -2.31331  -0.398784  -1.16724  
-0.0325948  -2.12516  5.26616  -1.30505  0.100123  6.45989  0.149248  1.17687  3.01697  -0.0963932  -5.56392  -3.2626  6.16092  -3.06377  27.9317  3.23395  -93.0801  20.6643  12.5527  3.11073  -2.38536  -37.6615  1.18809  -0.075987  -1.34589  
0.529301  -0.98687  4.6713  3.73109  -1.42656  3.94762  0.198279  0.997025  3.25305  0.422492  -4.88814  40.029  5.93562  -1.10145  10.1332  2.02668  -25.6823  13.0952  25.2891  7.42838  -0.993258  -47.8368  3.80502  0.205951  -1.33649  
0.56647  -0.0383361  0.759231  5.78227  -3.46961  -0.896832  0.325743  0.528882  3.24585  0.500973  -5.94443  46.3436  3.35696  4.11048  -0.589997  -1.26535  53.9916  -5.06012  30.7579  7.82738  0.205065  -26.7285  2.65133  -0.0492496  -2.04714  
0.216005  1.20416  -2.84222  4.49039  -5.57467  -3.85202  0.490147  0.994438  2.80737  0.231905  -4.91565  29.342  -0.837587  9.3141  0.0433033  -4.99699  84.7415  -17.6228  15.7713  4.52877  -1.36152  1.61672  -0.266366  -0.617887  -3.32838  
0.0935958  2.85603  -3.46592  2.08212  -6.40205  -2.59397  0.738953  2.64938  2.79373  0.155326  3.2124  11.8797  -3.25336  9.78679  5.05637  -6.91567  56.3608  -14.9017  -16.5911  0.581643  -3.78989  11.1319  -0.548034  -0.685834  -3.8314  
0.592937  4.37055  -1.55256  0.674387  -5.42656  1.21756  1.00454  4.37735  4.12292  0.640505  15.574  1.78058  -0.883341  4.23063  5.89905  -6.18546  11.6035  -0.936805  -46.1664  -1.33863  -3.84501  0.0760606  2.5961  -0.0769822  -2.30253  
1.38719  4.92155  0.988549  0.478024  -3.71238  3.64576  1.01227  4.67543  5.68559  1.40778  21.6263  -5.73701  5.2175  -3.22733  1.42956  -3.97919  2.18453  13.9687  -52.0106  -1.1436  -1.67149  -7.68251  4.81163  0.255112  0.935664  
1.73513  4.10734  3.04153  0.52631  -2.75198  2.542  0.508303  3.0276  4.30086  1.76994  14.6017  -13.429  10.0777  -6.60766  -2.57371  -2.09225  36.6445  23.6421  -31.5678  -0.375811  -0.592049  12.0256  2.05024  -0.522451  3.92382  
1.2661  2.33744  4.47549  0.423221  -2.81556  -0.201532  -0.392422  0.369755  -1.69547  1.34546  0.163683  -18.667  9.40892  -3.75283  -0.894106  -1.18577  70.0858  27.0579  -3.62261  -0.00298553  -2.34653  55.9792  -3.75767  -1.77469  4.68431  
0.342248  0.577864  5.17719  0.67735  -2.80677  -0.93775  -1.21128  -1.7156  -9.03924  0.427967  -9.34843  -20.6991  3.72155  1.58977  5.56363  -0.555295  51.4279  22.9413  9.32566  0.280577  -4.33707  91.6714  -6.39472  -1.88811  2.9755  
-0.362462  -0.348495  4.89693  1.45128  -1.68339  1.22987  -1.51124  -2.29558  -11.3798  -0.349355  -8.22706  -23.1337  -2.67936  3.45505  11.3019  0.584448  -16.5581  10.114  1.07744  0.867725  -2.71332  84.8967  -2.72293  -0.26031  0.399326  
-0.562964  -0.318517  3.9158  1.81201  0.388526  3.17391  -1.26275  -1.73298  -5.60847  -0.661602  -2.06822  -26.4607  -6.36428  -0.537527  12.1341  1.99721  -73.8705  -7.00648  -14.7098  1.28351  2.76916  31.4884  3.32546  1.75185  -1.2009  
-0.530604  0.13224  3.04273  0.868566  2.42688  1.63502  -0.778558  -1.12324  4.24474  -0.702451  0.722367  -23.4577  -7.45168  -6.91224  8.75608  2.78836  -71.0247  -18.5052  -20.0085  0.741342  8.2355  -36.6411  5.18131  2.30264  -1.37615  
-0.590588  0.354438  2.59472  -0.621388  3.7492  -2.31746  -0.290456  -1.08133  10.5298  -0.762447  -1.30425  -7.10956  -7.40307  -9.5222  5.11715  2.5471  -31.3748  -17.9199  -9.67692  -0.727418  9.95562  -77.0579  1.20421  1.17335  -1.124  
-0.633498  0.107463  1.98001  -0.694257  4.3063  -4.12976  0.294513  -1.1375  9.31161  -0.756675  -3.39703  17.9551  -5.90909  -5.04843  4.18726  1.72723  -26.6478  -10.0591  5.60053  -2.11881  7.94416  -71.1574  -3.68505  -0.148383  -1.53365  
-0.262957  -0.340039  0.579422  1.47892  4.12777  -1.22629  1.13493  -0.431085  3.41601  -0.316523  -2.45608  36.9566  -1.58713  4.1299  5.96951  0.910159  -84.2614  -6.24695  11.4638  -2.43457  4.99779  -35.6402  -4.00713  -0.396231  -2.66386  
0.591838  -0.561182  -1.10737  4.29087  3.00145  3.61295  2.05749  0.982874  -1.56941  0.632027  -0.244214  40.6088  4.50134  12.1351  8.59653  0.149818  -136.661  -11.2643  3.62579  -1.70731  3.03855  -2.11836  0.275369  0.143917  -3.75296  
1.38843  -0.387025  -1.77133  5.3561  1.07463  5.32046  2.53297  1.85615  -2.58722  1.53514  1.12991  36.3033  8.12186  14.3887  10.321  -0.642802  -85.1795  -17.1006  -9.33371  -0.969764  1.48971  12.1197  4.66428  0.512774  -4.14713  
1.41427  -0.00410695  -0.865019  4.14345  -0.558071  2.42005  2.15155  1.07301  0.0826076  1.60183  3.29701  39.214  5.95895  10.7326  10.2868  -1.03419  81.8249  -11.5044  -14.8558  -1.2849  -0.977837  13.8204  6.0331  0.680277  -3.71525  
0.529478  0.301997  0.67016  2.30391  -0.475799  -1.49271  1.12287  -0.818102  5.19562  0.596331  8.78866  52.6255  -0.370481  4.64775  8.35706  -0.391246  252.362  8.05006  -7.27174  -2.63069  -4.11376  17.6526  5.73473  1.4004  -2.47283  
-0.592782  0.449125  1.40053  1.35124  1.5403  -2.25803  0.179666  -1.83043  11.2763  -0.788942  15.7621  61.4677  -5.58113  -0.0581849  5.23353  1.05206  287.515  30.1562  8.11475  -3.70164  -6.17819  27.5957  6.3952  2.47329  -0.338872  
-1.03304  0.604167  0.855174  1.01397  3.85529  0.153195  -0.0508217  -0.659842  15.2254  -1.45595  18.5781  48.5881  -5.96032  -1.74569  2.4094  1.99877  155.297  39.4184  20.198  -2.96331  -5.92574  36.1087  7.42332  2.15345  2.38824  
-0.458922  0.931548  -0.303639  0.360512  4.27788  2.27214  0.426934  1.67052  13.0833  -0.876258  13.9776  15.144  -2.47411  -1.09479  1.08867  1.333  -38.5467  30.4509  21.3797  -0.12566  -3.9758  37.6373  5.61739  -0.873511  4.57254  
0.59051  1.33762  -1.1562  -0.312288  2.25049  1.68552  1.00811  2.70845  4.13099  0.420064  5.04968  -19.4925  1.35253  0.353355  0.996365  -0.571628  -152.282  12.502  13.4814  3.42219  -2.03326  34.5481  0.251285  -5.32037  4.86726  
1.23886  1.50836  -1.24002  0.143855  -0.431427  -0.431929  1.09233  1.27149  -6.72983  1.34957  -1.97666  -37.8053  3.33175  1.4182  0.794331  -2.1852  -133.384  0.444125  5.22736  5.79319  -1.09708  28.6174  -4.52558  -7.99256  3.05622  
1.09571  1.1981  -0.517459  1.50666  -1.36908  -1.41194  0.59158  -1.19911  -12.7268  1.30619  -3.68804  -39.3637  3.67569  1.59735  -0.225421  -2.4174  -45.3575  1.06674  3.69886  6.11804  -0.759704  13.8648  -3.88185  -6.86081  0.574324  
0.55057  0.459965  0.7817  1.77514  -0.0408089  -0.44599  -0.071354  -2.26153  -11.5976  0.675904  -1.51469  -35.0573  3.0453  1.10059  -1.3935  -1.54468  12.763  7.38785  7.65431  4.75801  -0.0541833  -14.6865  1.64609  -2.86286  -0.750387  
0.269903  -0.417507  2.00152  -0.257044  1.71759  0.940472  -0.401744  -1.10396  -7.27112  0.31305  1.18765  -31.8043  1.29205  0.784791  -1.8128  -0.506254  0.738438  6.40933  9.66894  2.46609  1.25121  -47.8336  5.89041  1.56016  -0.525316  
0.460739  -1.15272  2.32594  -2.7529  1.78835  1.11139  -0.268829  0.834164  -4.82785  0.569184  2.35713  -28.6704  -1.44266  1.50701  -1.77358  0.305402  -40.8485  -7.34021  4.70359  -0.169708  2.4305  -66.1446  3.54391  4.93236  -0.1281  
0.694173  -1.59074  1.712  -2.57053  0.145738  -0.0298951  0.0847705  1.82323  -4.93151  0.945563  1.70601  -25.0478  -3.54687  3.01158  -2.32952  1.19349  -42.9525  -26.0569  -4.01235  -2.4149  2.6855  -60.5934  -4.09267  7.09447  -1.02546  
0.478817  -1.647  1.34669  0.726098  -1.13048  -1.55265  0.33539  1.75388  -4.08128  0.764129  -0.0611131  -24.3682  -3.12474  3.69661  -3.5027  2.32291  25.6462  -35.8045  -9.24282  -3.37673  1.97294  -43.833  -10.6424  7.77046  -2.97437  
-0.134209  -1.28181  2.49256  4.0298  -0.228849  -2.6122  0.371784  1.77447  0.348741  0.00278905  -1.43709  -25.7811  -0.466705  2.19138  -3.47568  3.17106  134.401  -29.4002  -8.66247  -2.89031  0.786879  -35.6681  -11.4905  6.1649  -4.16024  
-0.616985  -0.632093  4.5978  4.57329  2.30356  -2.54658  0.303116  2.37054  6.55718  -0.689583  -0.746922  -19.3762  1.64664  -0.575472  -0.125769  2.98448  214.662  -12.7599  -7.40359  -2.00317  -0.690134  -39.3096  -7.76596  2.47869  -3.12996  
-0.601055  -0.112993  5.08513  3.43296  4.05886  -0.704836  0.229768  2.55454  10.1047  -0.782433  2.04202  2.90818  0.854589  -1.6371  6.42188  1.59897  208.367  1.27458  -10.1932  -1.76156  -2.71513  -38.8507  -3.56543  -1.26731  -0.318698  
-0.259686  -0.191889  1.85996  3.59617  3.26014  2.72255  0.15259  1.21872  8.3882  -0.419605  4.15866  32.6576  -1.99357  0.816866  12.7824  -0.333167  108.701  4.89575  -13.6272  -1.54769  -4.88057  -21.3162  -0.85753  -2.99383  2.43133  
0.0375927  -0.917824  -3.86091  5.27145  0.502788  5.75392  0.0527779  -1.12659  2.73419  -0.0555269  2.40312  48.5262  -3.57605  4.85222  14.5108  -1.86819  -32.8087  1.74002  -9.72362  0.449415  -5.41843  5.25936  1.57374  -2.94832  3.64442  
0.271124  -1.77357  -7.8211  5.16441  -2.09285  5.656  0.0133854  -2.5485  -3.43783  0.241854  -2.72273  37.1568  -1.88023  6.55481  10.2249  -2.45643  -138.321  0.96177  2.78777  4.57065  -2.60611  20.7554  4.78341  -3.31339  3.32208  
0.72191  -2.12228  -6.43701  1.0887  -3.10174  1.80776  0.101237  -1.73021  -7.3668  0.794419  -6.28905  6.39435  1.27524  4.47331  4.01743  -2.21281  -157.695  5.52244  14.6157  8.22709  2.75266  16.3744  7.11626  -5.13247  2.47752  
1.38954  -1.84069  -0.372495  -4.51626  -2.91883  -2.75573  0.143384  0.480984  -7.8462  1.62462  -3.73069  -24.194  2.16772  1.37162  2.59181  -1.72736  -105.438  8.07678  15.873  8.01027  7.00978  3.48375  5.98346  -6.46848  1.89922  
1.74896  -1.3537  5.83848  -7.08634  -2.80637  -3.73596  -0.178073  1.86449  -4.75009  2.11544  3.58628  -41.2989  -0.653325  0.799536  8.48598  -1.48244  -47.8423  0.757549  8.03526  3.35928  6.87456  -1.51787  1.45781  -4.4974  1.57926  
1.30705  -0.98447  7.71446  -5.10874  -3.30872  -0.0248257  -0.922915  1.16188  1.08236  1.64126  8.91966  -43.1001  -4.50142  2.72109  16.1726  -1.35572  -44.6453  -12.4409  2.03386  -2.52466  2.93065  4.88766  -3.04209  0.798139  1.04428  
0.275348  -0.414661  4.53245  -1.1246  -3.85246  4.71499  -1.60816  -0.63968  7.21222  0.395756  6.99762  -32.3504  -5.27379  4.03666  16.5621  -0.781413  -93.2553  -17.2801  4.91453  -5.64676  -0.858937  13.3279  -4.07116  5.95347  -0.0161709  
-0.565041  0.922255  -0.643853  2.00189  -3.70464  5.44021  -1.51607  -1.40161  10.0335  -0.705947  -0.109765  -13.3188  -1.78054  3.13539  6.62068  0.418279  -129.651  -5.7386  11.2589  -4.70034  -1.50371  14.9582  -1.64539  7.34373  -1.4494  
-0.694403  2.87754  -4.09814  3.82114  -2.84032  0.811186  -0.471138  -0.132177  7.18305  -0.982343  -4.79197  3.89375  2.96784  2.0707  -6.32382  1.48307  -91.0882  12.2727  9.74856  -1.60436  -0.100783  9.20174  1.09949  4.66271  -2.70853  
-0.363706  4.28909  -4.61887  4.89337  -1.70918  -5.35457  0.864666  2.04385  0.0249807  -0.630961  -1.91066  5.3375  4.778  3.12963  -11.2686  1.32635  17.0427  18.5896  -3.9712  0.821809  0.0532824  0.0694231  1.50581  0.855285  -3.17558  
-0.19076  3.96585  -3.63174  4.64781  -0.484855  -7.72271  1.5212  3.14879  -6.77489  -0.33907  5.60021  -12.7972  2.39501  4.52905  -4.52594  -0.13646  119.833  8.27146  -22.3256  1.24443  -2.03676  -8.93937  0.15897  -1.07833  -2.53997  
-0.407169  1.99305  -2.8716  2.5189  1.21506  -4.44951  1.17801  2.3845  -9.06848  -0.443756  9.88196  -35.093  -1.48385  1.73573  7.02071  -1.60916  145.449  -3.82047  -32.6993  0.281929  -3.66398  -13.335  -0.168626  -0.701931  -1.12964  
-0.699094  -0.20064  -2.48792  0.0544059  3.80353  1.26882  0.507386  0.731504  -6.87416  -0.689761  6.79504  -39.2541  -3.12702  -6.58789  13.6758  -1.71855  99.0244  -0.987696  -27.8122  -0.681993  -1.99242  -7.09812  1.94353  0.28895  0.162538  
-0.716956  -1.17941  -1.55252  -0.275839  7.08334  4.3713  0.422437  -0.350653  -4.00021  -0.716097  0.39308  -19.342  -1.63815  -15.698  12.094  -0.549686  55.3979  14.8887  -10.3673  -0.950248  2.06669  10.1831  4.74725  0.390216  0.488191  
-0.507478  -0.79759  0.00466042  1.40597  10.137  2.57328  1.11537  -0.454127  -3.95461  -0.519489  -2.1013  7.70988  0.283781  -18.9586  6.71458  0.565924  73.6811  25.7927  9.70548  -0.973781  4.60494  27.3334  5.21566  -0.2955  -0.20694  
-0.331431  -0.0842074  0.845216  2.12082  11.7503  -1.79268  1.86403  -0.311902  -6.44421  -0.320988  1.01235  20.7061  -0.364327  -14.4541  3.75909  0.839583  129.974  19.3818  21.4127  -1.58308  3.06073  30.0998  2.41932  -0.635059  -1.09534  
-0.243699  -0.022687  -0.0211733  0.34631  11.0816  -4.17825  1.92234  -0.616827  -7.86938  -0.188447  4.09613  16.075  -3.10137  -6.1911  5.70316  1.04826  147.793  2.51633  19.1734  -2.70981  -1.20654  19.131  -1.66289  0.011712  -1.26463  
-0.043417  -0.630417  -1.40377  -1.2083  8.30265  -2.11448  1.37999  -1.17026  -4.93485  0.0194334  1.7552  7.65001  -4.13825  0.746636  10.6589  2.33306  87.1706  -8.71253  6.62766  -3.03807  -4.73443  13.1964  -4.53061  1.10167  -0.680506  
0.370555  -1.17638  -0.858166  1.00323  4.69668  2.52606  0.970828  -1.26711  2.32104  0.361004  -3.201  7.86193  -0.781609  4.6018  15.0182  4.33207  -12.7648  -7.33005  -5.36238  -1.28923  -5.57094  27.0078  -5.59016  1.56473  -0.239558  
0.779468  -1.02469  2.28897  5.89219  1.77019  5.34933  1.11588  -0.644808  10.3449  0.653856  -2.23373  14.6032  4.85402  6.40293  15.8487  5.20476  -82.8792  -0.176454  -7.0182  2.11944  -4.44345  48.3484  -5.83828  0.946848  -0.77707  
0.867204  -0.165956  5.57186  8.20125  -0.0883536  3.64349  1.32314  0.211241  14.3514  0.679493  8.05123  17.2152  7.56414  6.98854  12.4703  3.65825  -97.7948  3.08769  1.82504  4.99722  -3.0879  46.3184  -5.77719  -0.229356  -1.99754  
0.57174  0.868894  5.75682  4.88131  -1.92846  -0.967119  0.840639  0.640446  11.5224  0.436093  19.6906  10.5968  4.7002  6.19931  7.0896  0.507876  -84.0915  0.265354  11.6366  5.31911  -2.38192  7.42732  -4.70681  -1.06744  -2.54349  
0.147976  1.40049  2.49758  -0.817726  -4.76512  -4.05705  -0.290968  0.494515  3.31284  0.132787  20.7403  -0.445139  -0.806785  4.49237  3.51444  -2.11157  -69.5997  -3.99973  12.6467  3.19741  -2.17361  -43.0861  -2.12208  -1.13805  -1.29966  
-0.0767778  1.00465  -1.16671  -3.21982  -7.86699  -2.70746  -1.12088  0.167566  -5.14947  -0.00245052  8.50335  -8.43741  -3.58324  3.56389  3.71436  -2.93585  -50.2157  -5.07159  4.93405  0.63425  -1.93553  -63.9571  1.10847  -0.725038  1.3385  
0.0269389  -0.170484  -2.13255  -1.02127  -9.04194  1.61535  -0.818522  0.130332  -8.95022  0.116319  -6.86326  -10.7383  -1.3913  4.34208  5.64199  -2.52925  -14.8221  -2.1975  -1.8901  -0.660726  -1.12423  -41.7921  3.59574  -0.37544  3.70832  
0.314426  -1.38342  -0.495369  1.46917  -7.03131  4.50646  0.298141  0.521709  -7.40025  0.391423  -12.9476  -9.50671  3.27803  5.30259  5.33466  -2.21501  19.7002  1.80361  0.12159  -0.906156  0.572617  -5.15337  5.06205  -0.293949  4.39977  
0.486533  -1.78301  1.0514  -0.0833931  -3.17448  2.9884  1.07966  1.0636  -4.13463  0.578907  -7.82303  -7.61311  6.55333  4.02144  1.57661  -2.44603  21.387  2.63445  7.59866  -1.5441  2.70189  8.10502  6.42087  -0.182363  3.49818  
0.314264  -1.112  0.599129  -4.93081  -0.216922  -1.5744  0.816139  1.25341  -2.73752  0.423643  -0.666861  -6.64016  6.72584  0.339195  -2.50809  -2.39083  -11.6537  -2.00339  9.24237  -3.09445  3.89829  -8.15564  8.44302  0.352353  2.21312  
-0.169457  0.0780178  -1.03898  -8.40805  0.487095  -4.9028  -0.104604  0.776483  -2.78767  -0.124187  -0.31499  -7.20323  4.30238  -2.98989  -2.9578  -0.987065  -38.371  -8.38814  -0.640606  -4.28829  2.95955  -25.6742  10.8424  1.28982  1.40261  
-0.659553  0.962481  -1.88167  -7.18771  -0.0331321  -4.01741  -0.792091  -0.0832546  -1.11105  -0.781003  -5.67302  -8.93314  0.298894  -3.23104  0.574613  1.78099  -20.0135  -7.22361  -14.6293  -3.61361  0.279613  -16.9029  12.6251  2.00598  0.769408  
-0.821608  1.16446  -1.32157  -2.14316  -0.217709  0.0642589  -0.954815  -0.543682  3.39076  -1.10759  -8.32941  -10.7597  -4.11535  -0.799317  4.81189  4.57779  31.7797  7.79525  -20.368  -1.48324  -2.13524  14.7083  12.8016  1.62472  -0.393796  
-0.569317  0.873756  -0.399299  3.50939  0.0036039  3.66433  -1.0231  -0.103777  7.57313  -0.867734  -2.98565  -13.0518  -6.92907  1.29932  6.78192  5.71151  64.2928  30.8554  -15.3099  -0.165892  -2.37002  41.278  10.7806  -0.102846  -2.03116  
-0.121872  0.44222  0.134735  7.15066  -0.408868  4.169  -1.29836  0.744182  7.72115  -0.247809  6.48889  -18.5462  -6.28344  1.02836  6.78862  4.63863  40.1586  46.3395  -9.8239  -1.15682  -0.398089  40.742  6.69505  -2.04018  -3.25479  
0.257876  0.139021  0.973087  7.61535  -1.59414  2.23162  -1.42887  0.908971  4.31825  0.344996  11.4848  -28.0214  -2.80577  -0.543684  7.05272  2.57353  -22.7223  42.5338  -13.5634  -2.88841  1.94142  16.562  1.76311  -2.1088  -3.37619  
0.536507  0.218023  2.90017  4.80343  -2.24617  0.370867  -0.891532  0.0501208  1.69306  0.688535  7.81836  -34.5516  0.213576  -0.950724  8.69418  1.27711  -68.8267  22.2457  -22.1487  -1.94393  2.64357  -10.1425  -2.19795  0.814068  -2.63952  
0.862922  0.784897  4.76468  0.20612  -1.3459  0.0195525  0.0856877  -0.728028  2.86607  0.90501  -0.13664  -26.4384  0.0816749  0.367864  10.5002  1.02277  -58.2754  -1.12241  -21.6756  2.86094  1.25634  -22.1301  -4.23599  5.24449  -1.80185  
1.24626  1.34919  4.013  -2.75608  0.384864  0.434811  0.656567  -0.0165417  6.10267  1.17861  -4.02209  -0.0135839  -2.2489  1.30901  10.4504  0.155218  -4.21333  -15.9992  -6.32449  8.20825  -0.703252  -17.7346  -5.10826  7.8898  -1.23806  
1.39379  0.93263  -0.0936156  -1.14862  1.4657  0.279555  0.435464  2.02682  7.29827  1.39335  0.31988  31.4821  -3.27208  -0.268205  7.69713  -2.78657  40.8407  -19.7955  12.7678  9.10582  -0.933738  -5.6936  -6.13514  6.84457  -0.718271  
0.97048  -0.902311  -4.39178  3.89356  1.64829  -0.503349  0.232863  3.40483  4.78979  1.16683  9.01286  46.8784  -1.00095  -3.72953  3.24967  -6.58864  38.3975  -16.041  19.2563  4.27673  1.50597  6.25332  -7.35059  3.77627  0.0608906  
0.0171359  -3.09864  -4.142  7.14103  2.00665  -0.958755  1.26714  2.32303  0.617556  0.29398  13.8884  37.4408  2.80769  -5.98041  -0.867673  -7.85285  6.38423  -8.81752  10.6387  -1.99784  4.88792  15.094  -7.55276  2.076  1.02926  
-0.952254  -3.71133  1.82756  4.53368  3.01685  -0.712626  3.5206  -0.653466  -2.44663  -0.874389  9.91898  15.7178  4.56576  -4.60897  -3.15183  -4.55735  2.28382  -1.0906  1.1634  -4.18011  5.86392  18.0555  -6.05563  2.71746  1.87705  
-1.33366  -1.7926  8.8318  -1.92462  3.49035  -0.434216  5.35791  -3.00858  -3.70289  -1.6024  -0.706318  1.72594  2.58278  -0.327574  -3.88198  1.29785  57.7786  4.26038  4.6388  -1.13393  2.30009  11.4392  -3.65084  3.03562  2.33476  
-0.90199  1.47145  10.463  -5.9242  2.04362  -0.660618  5.0508  -2.92447  -4.15818  -1.35161  -11.2243  1.94238  -1.38155  3.82518  -4.84806  5.33421  131.563  4.71174  18.0463  3.18322  -4.57142  -4.01927  -1.37797  0.302423  2.20928  
0.0351536  3.80343  5.40725  -3.97017  -0.895399  -1.04942  2.69051  -1.21587  -4.69331  -0.26256  -16.4778  5.6598  -3.89131  5.23846  -7.18803  5.17992  140.368  -0.0974407  25.0865  4.45647  -10.8123  -20.245  0.836215  -4.32031  1.39666  
0.865518  3.91456  -0.740438  0.861562  -3.35117  -1.24659  0.168526  -0.221522  -5.52033  0.899264  -16.0822  0.893438  -3.04025  3.5079  -9.18463  2.73091  43.7445  -7.53477  14.6501  2.42741  -12.7466  -27.9749  3.45278  -6.87817  0.15806  
1.03975  2.35663  -1.40563  3.06795  -4.09016  -1.79809  -0.900359  -1.09938  -6.72736  1.2811  -12.4008  -11.1653  -0.236774  0.162901  -7.39724  1.7103  -105.869  -13.1548  -7.48688  0.169097  -9.46602  -24.283  5.56188  -5.59642  -0.856818  
0.382757  0.511719  3.58473  1.46551  -3.73938  -3.25563  -0.830604  -2.72351  -8.06134  0.562861  -6.97029  -20.1062  1.12696  -2.71851  -0.989422  3.38486  -205.092  -13.207  -25.0902  -0.0384055  -2.92437  -11.2768  5.10783  -3.10791  -1.20916  
-0.756416  -0.747602  7.71491  -0.227598  -3.4374  -4.60593  -1.13196  -3.36876  -8.15622  -0.783858  -0.106956  -20.4007  -0.806108  -3.59558  5.67056  5.32748  -194.264  -7.42861  -26.7287  1.11741  3.79286  9.8967  1.39075  -2.72651  -1.32845  
-1.63234  -1.31877  5.05535  0.818444  -3.04825  -3.87059  -2.32156  -2.73091  -5.35085  -1.79208  6.95112  -15.8681  -4.07161  -2.03858  7.04328  4.39957  -107.694  -0.195499  -13.9535  1.76031  8.39134  36.7668  -3.47996  -3.74541  -2.16304  
-1.55337  -1.35893  -3.24874  2.6344  -1.58707  -0.675001  -3.05204  -1.89608  -0.101074  -1.669  11.3904  -11.6465  -4.63661  0.908317  3.66791  0.396072  -31.1618  2.287  2.75771  1.58543  10.2525  58.4179  -6.31306  -2.54674  -3.88381  
-0.444337  -0.997814  -10.5931  1.93554  0.882534  2.6954  -1.76677  -1.52324  4.27143  -0.410236  11.3884  -7.71264  -0.851791  3.01927  3.30957  -3.70379  -13.059  -2.43453  13.5614  1.90373  10.0023  63.2182  -5.83171  1.85522  -5.25759  
0.993829  -0.428015  -12.054  -0.358947  2.71091  3.6067  1.25964  -0.926137  4.4973  1.14695  8.47976  -2.43307  4.48238  2.47748  12.1746  -4.8257  -23.0785  -10.0864  16.2282  3.42702  8.26274  59.4272  -3.39923  5.63401  -4.76481  
1.81763  0.204162  -8.51176  0.0021076  2.37211  2.09681  4.03042  0.762814  1.18582  1.97613  5.87437  2.25296  6.98866  -0.391848  25.3567  -2.72594  2.79768  -13.5296  16.3912  4.95578  4.73718  75.6573  -1.16636  4.81627  -2.32813  
1.68513  1.06594  -3.84195  4.29246  0.214182  0.643085  4.91617  2.99745  -1.36566  1.74776  4.47411  3.69964  5.28892  -3.16437  29.2067  0.213983  82.4661  -9.95283  21.1505  4.75102  -0.94915  121.135  -0.33987  0.675661  0.455541  
1.11933  2.47077  -0.0608966  8.2535  -2.00029  1.00969  4.13778  4.13616  0.294025  1.05892  1.9555  3.93416  1.91459  -3.41532  15.3844  1.63887  160.195  -2.6836  29.3924  2.62177  -7.21423  146.32  -1.17914  -1.65007  1.97134  
0.870792  4.23453  3.25387  7.61551  -3.00568  2.33052  2.94623  3.31625  4.887  0.730567  -3.60538  7.42289  -0.026391  -0.912919  -8.66221  1.34485  163.112  3.91286  28.8017  0.112347  -10.0947  71.5002  -3.47969  0.259114  2.20397  
1.0863  5.47491  5.93689  4.16392  -2.94185  2.6534  1.974  1.4608  7.73276  0.920944  -10.1535  13.3807  0.126629  2.20824  -25.6639  0.858991  81.6363  9.42766  6.44633  -1.17762  -6.27615  -121.399  -6.11709  3.10304  2.41568  
1.23648  5.39281  6.00019  3.33482  -2.46741  1.52379  0.826818  0.0833516  5.66846  1.05333  -12.9239  15.1459  1.05137  3.57939  -25.0229  1.32608  -16.1068  15.5452  -33.9414  -0.989376  2.81274  -334.632  -6.89289  2.53895  3.41547  
0.828222  4.12367  2.35206  6.17749  -1.61985  0.264  -0.813809  -0.452015  -0.0904461  0.598519  -9.34539  8.90369  1.50791  2.67621  -12.0557  2.12028  -54.7294  21.1076  -67.7164  -0.219029  10.788  -420.139  -4.21176  -0.825451  4.56247  
-0.00973096  2.65637  -2.45919  6.89809  0.0113532  -0.0367735  -2.44738  -0.911836  -5.76103  -0.280844  -1.56379  -0.745843  0.849925  0.905284  -0.599828  1.61479  -27.6282  21.9666  -67.9775  0.158494  11.5134  -314.31  0.759428  -2.20044  4.57168  
-0.728297  1.79198  -3.91858  0.315376  2.20347  0.142874  -3.27455  -1.67271  -8.46177  -0.961125  5.84368  -7.04088  -1.66341  -0.0967114  1.01778  -0.812467  8.46993  16.2562  -31.7948  -0.327753  4.93454  -99.6835  4.74427  0.857584  2.99102  
-1.00858  1.32115  -0.352864  -10.5473  3.71377  -0.417711  -2.91678  -1.97459  -7.60122  -1.1022  9.88474  -9.69046  -6.07937  -0.0755503  -4.44339  -3.78212  7.07992  7.47227  14.4992  -1.6647  -2.99472  75.1936  5.6919  4.97547  0.656104  
-0.977591  0.303947  4.78733  -17.1691  3.31506  -2.03744  -1.38947  -0.96295  -3.93918  -0.895918  10.3867  -12.8374  -10.0575  -0.25688  -9.52845  -5.04576  -21.1771  0.747043  39.2603  -3.39907  -6.25447  128.957  4.86249  5.20142  -1.1455  
-0.847591  -1.77762  6.08925  -15.5175  1.23046  -3.62633  1.23912  0.909543  1.21753  -0.64321  8.28475  -15.5363  -9.78027  -1.88384  -10.201  -3.56777  -40.5902  -2.3123  32.9384  -4.49794  -4.36569  95.5773  4.66002  1.45409  -1.71684  
-0.592922  -4.13828  1.53928  -10.2988  -0.762222  -3.61818  4.5218  2.02904  5.75866  -0.361247  4.2111  -10.7572  -3.9362  -4.42327  -7.1752  -0.366837  -44.2655  -3.59908  11.8852  -3.72752  -1.79983  57.3515  5.07167  -1.27292  -1.23242  
-0.123236  -5.02317  -5.50399  -8.32782  -1.00029  -1.37017  7.08823  1.12877  7.00535  0.0459035  -1.16989  4.11456  3.79064  -5.45993  -2.67359  2.63609  -51.4571  -4.29256  -1.72325  -0.859397  -2.48153  54.6109  3.64239  0.77837  -0.389059  
0.416598  -3.26644  -9.55879  -9.92102  0.25551  2.06841  7.13678  -1.4898  3.61701  0.466803  -6.57684  20.2465  7.55323  -3.0267  1.27571  4.36265  -63.493  -3.1259  0.272682  2.48997  -5.80658  66.9241  -0.624534  5.24514  0.11378  
0.735373  0.232773  -7.91874  -9.4262  0.956738  4.52327  4.00785  -4.23161  -2.59298  0.678539  -10.8037  25.9942  4.95424  1.84702  2.37024  5.11655  -56.9347  0.417798  9.88226  3.86589  -8.10825  61.9944  -4.84619  6.30288  -0.035458  
0.736116  2.82305  -2.58859  -3.6027  -0.419271  4.36033  -0.837761  -5.4298  -7.3796  0.674606  -13.5866  20.9178  -0.851721  5.33042  -0.937783  5.5481  -26.9933  2.87596  14.5973  2.36953  -7.10697  38.725  -5.06771  1.61415  -0.604508  
0.552686  2.4434  2.0481  3.45911  -2.92441  1.9053  -4.78526  -4.63661  -7.38245  0.612787  -14.847  15.4592  -4.71126  4.26991  -7.04638  5.47527  -8.53409  -0.940513  8.72963  -0.0927002  -4.11946  19.5338  -1.0151  -4.80626  -1.06599  
0.244878  -0.187543  3.13203  5.24267  -4.03467  -0.936666  -6.10976  -2.94618  -3.01801  0.43335  -13.5128  16.8584  -4.36199  -0.348096  -11.783  4.02122  -30.5291  -11.3759  -3.66075  -0.559064  -2.11405  17.12  3.31282  -6.88203  -1.09286  
-0.315076  -2.10949  1.26994  1.01528  -2.6746  -2.64076  -5.0984  -2.00375  1.84881  -0.174833  -8.01924  19.5832  -1.53427  -4.00357  -12.7421  0.899171  -62.0095  -20.7776  -12.9375  1.94399  -2.51562  21.258  4.11781  -2.78952  -0.728372  
-1.06317  -1.20639  -0.776172  -3.12287  -0.693448  -3.26897  -3.32453  -2.1974  3.2419  -1.18049  1.53257  12.7326  0.731302  -3.14277  -12.0244  -2.75553  -35.7483  -18.9994  -11.7546  5.3816  -4.27087  17.2126  1.74621  3.64942  -0.062191  
-1.47433  1.54726  -0.954651  -1.62573  -0.650777  -3.68172  -2.08483  -1.98136  0.450465  -1.85476  12.1144  -6.00384  0.898355  1.24663  -13.0234  -5.05124  66.3001  -3.84983  -1.67709  6.93622  -5.28906  5.99972  -0.628791  7.26291  1.00463  
-1.00773  3.31099  0.272296  3.81014  -2.37927  -4.0818  -1.59977  0.364485  -3.36649  -1.41305  19.351  -26.9809  -0.648594  4.93159  -15.3444  -4.96733  173.897  14.5655  7.48624  5.80471  -4.0726  0.671139  -1.31532  6.30279  2.42995  
0.16672  2.66891  0.773536  6.39277  -2.81543  -3.89434  -1.34924  4.03131  -3.82836  -0.0175795  20.1796  -37.5565  -2.8153  4.88164  -15.1648  -3.24143  195.052  22.0271  7.56353  3.45789  -0.274318  5.50945  -1.70355  2.98193  3.65005  
1.16623  1.0976  -0.795528  2.42903  0.333909  -2.75293  -0.832454  5.67847  0.870908  1.2018  14.3612  -32.7141  -4.68222  1.91551  -11.4485  -1.54883  117.416  14.0873  1.01796  1.50486  5.0809  6.25107  -3.4932  0.373033  3.97262  
1.31224  0.97765  -3.40273  -4.30675  5.44471  -0.859414  -0.0262921  3.04711  8.15476  1.34211  4.21063  -17.6431  -5.50123  -0.842251  -9.08839  -0.760588  22.2329  0.498448  -2.17805  0.116725  9.42082  -15.2411  -5.79126  -0.344527  3.52553  
0.889021  2.69428  -4.66458  -6.91595  8.4081  1.64571  0.643528  -1.83044  12.9322  0.734079  -6.29436  -2.9276  -4.52837  -1.56679  -13.4589  -0.105738  -7.84801  -5.93337  2.5017  -1.33227  9.72768  -56.8546  -6.00246  0.0301236  3.35183  
0.751199  4.31605  -3.39683  -3.04914  6.9811  4.66789  0.680062  -4.46078  11.7552  0.473744  -12.77  3.04444  -1.38742  -1.23994  -22.0648  1.84696  19.18  -3.72024  7.94293  -2.79841  5.34603  -91.8496  -3.07507  0.320541  4.1629  
1.2396  3.93667  -0.946698  2.92079  2.89498  7.21729  0.00836086  -3.27534  5.64435  1.05304  -12.938  0.37552  3.26796  -1.99065  -25.1813  5.28882  20.3125  -2.42555  4.75291  -3.53557  -0.121195  -91.6263  1.21957  0.0986851  5.1968  
1.7383  1.75015  0.278618  5.16937  -0.519373  7.43411  -0.814137  -1.7553  -1.26074  1.76514  -8.61867  -2.48075  7.70695  -4.55887  -16.5693  8.42303  -56.0216  -7.79097  -5.60979  -3.28803  -1.22533  -50.2701  4.21205  -0.277681  4.7882  
1.44829  -0.365496  -0.494005  2.76075  -1.91146  4.50913  -1.04185  -3.92742  -5.55543  1.61201  -4.4558  2.21908  10.0625  -7.45573  -2.21283  8.94229  -155.373  -11.6228  -11.802  -2.73851  4.05269  12.5823  4.76254  -0.214159  2.17485  
0.355949  -0.88684  -1.63849  -0.176695  -2.43008  0.187485  -0.555609  -8.51219  -7.02463  0.492508  -3.42011  11.0426  9.50584  -8.34938  4.81332  6.32136  -164.926  -1.04993  -7.54444  -2.50237  11.4379  67.5289  3.44157  0.570019  -1.56486  
-0.781717  0.0452243  -1.18743  -0.0006894  -3.32751  -2.70513  -0.123458  -9.52143  -7.45407  -0.756443  -3.67151  10.6379  6.81009  -6.11312  -1.29501  2.42062  -38.1753  23.3085  0.148921  -2.32709  13.9076  91.0945  1.33376  1.61108  -4.53805  
-1.31726  1.17213  0.789596  2.14272  -4.18889  -3.2586  -0.636018  -3.15549  -7.77499  -1.36467  -1.08098  -6.72198  3.69513  -1.80733  -12.1747  -0.393102  140.691  43.8547  0.528591  -1.74268  8.49074  73.4809  -0.643572  1.78974  -5.72144  
-1.3085  1.4694  2.34013  2.39585  -3.85707  -2.96651  -1.98808  7.24928  -6.98969  -1.35364  4.93582  -30.7434  1.36646  2.19157  -14.4558  -1.49493  229.865  43.4081  -6.25534  -1.0206  -0.7566  25.4157  -1.50173  0.237356  -5.37545  
-1.2104  0.875178  2.00138  -0.418309  -2.24264  -3.0651  -2.83338  14.3045  -3.90646  -1.23492  9.52706  -41.109  -0.513291  4.17703  -4.75954  -2.12124  166.561  23.2942  -9.2419  -0.752155  -6.69032  -20.785  -0.503446  -2.45493  -4.24139  
-1.24277  -0.00324244  0.363448  -3.24282  -0.462933  -2.63949  -1.74845  14.0353  0.739591  -1.29385  7.44862  -29.3562  -3.40262  4.15164  6.98644  -3.42237  21.3138  0.54964  -1.36477  -0.616497  -5.84478  -30.4814  1.90692  -4.12469  -2.8626  
-1.24917  -0.568509  -0.893666  -2.82343  0.609958  -0.421954  1.24765  8.98956  4.44  -1.38205  -0.315822  -8.68843  -8.11217  3.17114  9.60955  -4.77155  -83.7175  -11.1524  10.7571  0.57247  -1.16485  0.40537  4.04016  -2.75686  -1.66691  
-1.03961  -0.636946  -0.94041  0.102423  1.22053  2.45516  4.4749  4.15673  5.13453  -1.26155  -6.82088  1.59887  -13.1573  2.13964  3.50504  -4.40887  -94.7994  -13.6787  14.8022  3.16063  1.57958  36.1805  4.49221  1.3813  -1.01774  
-0.639012  -0.335606  -0.37789  1.91896  1.95449  3.23243  5.94909  1.55399  2.90173  -0.899844  -6.25163  -1.91219  -15.1202  1.41618  -0.931936  -1.70542  -53.35  -17.4088  8.39858  5.57221  -0.450932  37.5982  3.56759  5.46775  -0.793559  
-0.148959  0.17177  -0.218986  0.774989  2.63015  1.3287  5.06749  -0.20785  -0.424727  -0.367644  0.163137  -4.80644  -11.4778  1.2178  3.194  1.60093  -24.0274  -25.9977  2.14033  5.61674  -4.93873  8.86783  2.7258  6.46025  -0.329212  
0.372846  0.853215  -0.808109  -1.40595  2.44067  -0.303661  2.96907  -2.40092  -2.97124  0.263283  5.97922  5.27458  -3.56455  1.48059  10.6389  2.76694  -24.8427  -32.0501  6.28368  2.92253  -7.38721  -5.10972  2.72065  3.94233  0.746593  
0.790806  1.72245  -1.83113  -1.78065  1.07934  1.09875  1.30133  -4.33977  -3.96065  0.802402  6.54661  22.6942  3.6155  1.33431  10.3932  0.821824  -31.412  -27.2348  17.9975  -0.476115  -5.87749  23.4648  2.89567  0.550651  1.70466  
0.809092  2.68633  -2.83523  -0.20962  -0.734516  4.03251  0.814983  -5.24335  -3.58927  0.880718  2.77918  30.8626  5.47427  -0.42166  -1.07765  -2.13658  -23.4566  -13.7694  24.856  -2.24192  -2.59841  61.5319  2.44266  -0.613436  1.35577  
0.220514  3.42705  -3.61736  0.850022  -1.89565  4.10599  0.98671  -5.9769  -2.37934  0.243252  -1.58804  22.4202  2.23907  -3.43876  -15.6764  -2.82633  -4.74788  -3.72773  19.2959  -2.04283  -0.955096  47.4024  1.58651  1.01435  -0.373845  
-0.748921  3.40806  -4.17641  -0.285649  -1.85779  -0.252833  0.766497  -7.46112  -0.662498  -0.861722  -4.76897  8.27454  -1.25204  -5.02238  -22.6315  -0.239224  10.8469  -6.36074  6.39132  -1.44111  -1.63051  -32.3258  0.913811  3.14584  -1.96897  
-1.51634  2.14338  -4.51476  -2.40435  -0.818699  -5.14451  -0.408637  -8.30721  1.46928  -1.75616  -7.65403  5.44981  -0.686437  -2.57739  -19.7288  3.11556  15.9518  -16.9721  -3.21261  -1.82832  -2.05556  -115.354  -0.0965244  3.20443  -1.86831  
-1.6253  -0.254273  -4.35298  -3.16032  0.660419  -5.64032  -2.12136  -6.13989  3.86813  -1.87887  -10.9262  18.0497  3.10937  2.94017  -14.2678  3.95649  9.22655  -19.7885  -4.66827  -3.0397  0.211909  -125.621  -2.69838  0.910037  -0.188697  
-1.09042  -2.71741  -3.16192  -2.35686  1.98213  -1.95526  -3.29306  -1.56706  5.99585  -1.21594  -13.3099  32.4092  5.49986  6.80139  -14.2599  2.14169  -8.66038  -3.57026  -1.25443  -4.08705  4.25572  -55.212  -6.68309  -1.74141  1.55212  
-0.275131  -3.80454  -0.764302  -2.30445  2.61315  0.569207  -3.07487  1.27675  7.00966  -0.2075  -13.0043  31.2788  3.77367  4.65549  -20.4921  0.969186  -31.2113  25.1326  2.56421  -4.64996  6.74176  30.0245  -9.33087  -2.67738  2.3828  
0.456963  -3.1102  1.90395  -4.64079  2.29774  -2.01006  -1.70374  -0.106446  6.63484  0.667324  -9.88966  12.3448  0.397389  -3.05458  -27.3744  2.90928  -46.6063  45.6633  6.57104  -5.31345  6.17959  64.6799  -7.51765  -1.55685  3.04491  
0.894375  -2.01549  2.93486  -7.81476  1.37009  -7.10249  -0.502612  -2.0006  5.73387  1.14248  -5.50648  -8.08698  0.0737007  -11.3694  -29.6777  5.7858  -49.4367  41.4393  12.2764  -6.44335  5.10793  49.4773  -1.12794  0.492002  4.90707  
0.94682  -2.44542  1.01463  -8.57571  0.57872  -8.37587  -0.739173  2.1032  5.5998  1.1636  -1.47307  -11.0092  4.37003  -15.25  -26.9016  4.76468  -49.4498  14.9364  18.301  -7.38762  7.14127  35.8952  6.27265  2.24966  7.97491  
0.652177  -4.50987  -2.89219  -5.73385  0.389234  -3.42275  -2.26233  12.5764  6.30937  0.827658  1.20882  5.37075  9.93854  -13.4625  -21.8457  -1.39197  -56.5585  -15.1198  20.852  -7.03161  11.933  54.9845  10.3178  3.15547  10.3644  
0.218225  -5.80193  -5.7216  -1.51841  0.498777  3.00315  -3.35626  20.3537  6.16495  0.348083  1.68512  22.4916  11.6576  -8.45584  -16.7659  -7.46003  -61.4153  -29.7113  18.0965  -4.89224  14.2615  78.9194  9.24923  3.06357  9.78298  
-0.0948661  -3.68322  -4.82463  0.986008  0.251034  4.20026  -2.31191  15.2902  3.31005  -0.0513681  -0.624679  20.0312  6.97507  -3.22953  -11.9461  -6.80791  -43.4601  -22.3802  11.7621  -1.39885  9.00019  58.5657  4.30864  1.9589  5.35296  
-0.225651  1.67675  -0.575708  1.18061  -0.524721  -0.692864  0.7497  -2.10203  -2.06134  -0.316875  -5.06388  -2.69838  -2.36062  1.13974  -7.00213  0.867348  -0.404954  -0.454158  4.35139  2.69647  -3.07901  -11.6419  -2.30924  0.146883  -1.69705  
