-1.29494  3.32855  -3.20804  -0.43763  0.596713  -0.198187  -3.10264  2.85985  54.5437  -4.04753  -2.67474  -1.27887  -0.000404112  3.03099  -0.0949492  -1.24273  -0.851623  -1.09563  2.41735  12.6049  -2.17172  1.25825  8.00312  -1.73344  1.47804  
0.924062  3.89424  -0.385125  4.77419  -2.36173  8.68672  3.12357  6.4321  43.9488  3.11885  6.8283  0.373466  -10.5066  -25.9641  4.97552  3.03156  2.47672  5.15403  6.40641  24.6  -12.5666  -3.41822  8.92572  3.56252  -7.33287  
2.80587  4.47635  3.50983  7.04785  0.58144  14.1277  8.12379  9.57523  19.1054  8.6543  13.4962  1.77148  -12.1587  -26.765  6.91914  7.09442  5.67956  9.43787  7.56068  23.6335  -8.58111  -4.40464  9.28067  7.58473  -9.083  
3.94249  5.149  7.58806  6.19932  8.11682  14.8595  10.8805  11.5887  -14.4199  11.4156  15.2828  2.60211  -3.67677  -0.0901049  5.43822  9.94328  8.23941  10.9356  5.96149  10.6077  8.38227  0.437679  9.7745  9.58931  -3.55067  
4.05102  5.94022  9.68462  4.37188  12.975  12.4355  11.0208  11.8984  -35.8194  11.2939  12.3284  2.65502  7.81465  28.3289  3.32053  10.2404  8.92765  10.1233  4.08112  -2.22891  23.4301  9.39666  11.5695  9.62159  3.18296  
3.24898  6.72123  8.75795  3.27544  10.0939  9.50053  9.08078  10.656  -32.8633  9.24594  7.45178  2.04595  12.9958  37.0539  3.5936  7.63677  6.43612  8.05985  3.7215  -5.51167  24.5863  16.4353  14.1799  8.30204  5.24878  
2.05182  7.37875  6.05774  2.53582  2.11643  6.90411  6.21714  8.73656  -15.8473  6.63132  4.20912  1.19924  7.72211  28.3105  6.12988  3.49874  1.03289  5.61264  4.25004  -1.01422  14.2105  15.2353  14.9901  6.36808  1.92345  
1.01508  7.99161  3.76734  0.887734  -3.87151  2.98565  3.4705  6.98488  -3.51224  4.29007  3.85441  0.533692  -4.31687  18.3218  7.49097  0.0534769  -4.55404  3.26952  3.97441  3.99135  3.89961  5.16029  11.7914  4.36772  -3.07593  
0.372721  8.62839  2.87708  -1.59651  -4.01635  -3.32664  1.33164  5.59386  -0.301471  2.26593  4.5253  0.164751  -14.8044  15.4785  4.95969  -1.32188  -6.87525  1.32566  2.49115  6.24193  1.18762  -7.32252  5.75943  2.66221  -5.47642  
0.0164438  8.96533  2.65974  -3.11456  -0.811593  -8.91441  -0.133825  4.28105  4.84213  0.370214  3.72696  -0.0724318  -16.9929  14.074  0.452851  -0.987553  -4.99082  -0.054789  1.01518  8.14279  3.42589  -14.1599  1.10015  1.44887  -3.42315  
-0.242934  8.40054  1.89804  -1.94555  0.968027  -7.74788  -0.943282  2.93181  18.1012  -1.22043  1.20383  -0.344736  -10.4307  7.06072  -0.983245  -0.332861  -1.54999  -0.894642  0.640955  12.3101  3.45057  -12.9142  0.972993  0.631091  1.4844  
-0.462115  6.74903  0.187535  1.67891  -0.219504  2.33124  -1.10399  1.88948  27.6931  -2.02885  -1.11698  -0.620862  -0.715841  -2.76292  2.61632  -0.30006  -0.0684144  -1.36227  1.09357  17.8332  -1.73036  -7.9536  4.06004  -0.187813  4.9528  
-0.595149  4.6329  -1.89135  5.44814  -2.06732  14.7575  -0.789613  1.64468  19.3598  -1.82047  -1.64446  -0.752056  5.57315  -7.05912  6.43852  -0.701266  -1.2856  -1.60559  1.38631  22.1429  -8.54053  -4.88677  5.98264  -1.26374  3.08471  
-0.634318  2.8895  -3.40652  6.59307  -2.17283  18.9497  -0.364279  2.29275  0.978742  -0.846059  -0.788478  -0.689216  6.44435  -3.49304  3.27568  -0.858166  -2.85121  -1.64911  1.16922  24.0618  -11.4685  -5.00001  4.32071  -2.19183  -3.48369  
-0.647262  1.62556  -3.71518  3.94776  -0.688833  11.3048  -0.124599  3.34219  -0.268144  0.424208  0.0338037  -0.562625  5.28119  1.68709  -7.79882  -0.625586  -2.50372  -1.41064  0.905919  23.8763  -8.54392  -5.48343  1.47619  -2.11447  -9.02321  
-0.68729  0.181882  -2.81358  -1.11004  0.907725  0.216642  -0.0941714  4.04068  30.348  1.54206  0.299938  -0.542154  6.16999  1.60593  -18.6327  -0.562265  -0.649044  -0.742822  0.963014  21.7319  -2.55213  -3.81885  1.6519  -0.705208  -8.17746  
-0.725195  -1.86537  -1.37094  -5.44968  2.09422  -2.32644  -0.114691  3.95152  71.1178  2.04804  0.635517  -0.658663  9.04473  -3.96869  -19.4237  -1.10345  0.623085  0.415399  1.08489  17.1209  2.04382  -0.539701  5.48634  1.16216  -2.28128  
-0.692559  -3.95493  -0.303169  -6.42024  3.16527  5.78951  -0.124173  3.27239  82.094  1.56818  1.42523  -0.78124  9.9825  -9.67321  -8.88181  -1.87822  0.350948  1.73101  0.906159  9.61787  3.02031  2.14695  8.94255  2.07456  1.41385  
-0.571317  -5.02087  -0.0157074  -3.81281  3.53005  13.8032  -0.302986  2.56381  47.0649  0.275684  1.93726  -0.762254  5.96794  -11.0581  4.30266  -2.0775  -0.447677  2.41749  0.595457  -0.517745  1.65307  3.0761  8.07797  1.50814  -1.99497  
-0.415069  -4.64969  -0.0236644  0.106268  1.72755  10.0393  -0.873841  2.16106  -6.5016  -0.901373  1.15919  -0.584639  -1.58885  -8.14605  10.423  -1.39952  -0.541707  1.7833  0.648909  -12.1338  0.582814  2.6934  3.82468  0.373717  -8.76273  
-0.298754  -3.48434  0.432899  2.52573  -2.17459  -4.48319  -1.81362  1.8983  -30.8513  -0.978148  -0.862531  -0.374271  -8.23897  -4.28005  7.86754  -0.37157  -0.0440104  0.0194005  1.18352  -22.25  0.657322  1.68111  0.916895  -0.0409259  -10.1129  
-0.255844  -2.43787  1.36344  2.28619  -5.16244  -16.8983  -2.71579  1.49543  0.37357  0.0546674  -2.91883  -0.275993  -10.3522  -3.71252  2.94626  0.351813  0.200556  -1.71731  1.73124  -26.5496  0.365659  0.144656  2.17075  0.49678  -1.97075  
-0.262517  -1.7282  1.83261  0.505238  -3.61804  -16.8086  -2.96945  1.08209  71.9029  1.08295  -3.79353  -0.323022  -7.28669  -9.09144  1.97858  0.756473  0.0389204  -2.19817  1.77026  -22.6705  -1.78677  -1.91303  5.15876  1.04525  10.3759  
-0.259706  -0.87175  1.008  -0.702661  2.74144  -7.39278  -2.22287  1.12537  139.047  1.03584  -3.25173  -0.412161  -1.25752  -17.9242  5.20703  1.37126  -0.0980214  -1.1659  1.20024  -13.6273  -4.9249  -4.15162  5.24869  0.732101  17.6892  
-0.196808  0.481187  -0.735661  -0.164947  9.89538  -0.663224  -0.797006  1.79987  158.159  0.0375091  -1.86887  -0.406474  3.52366  -21.448  8.27438  2.51685  -0.392874  0.570445  0.298248  -5.8832  -6.54594  -6.32527  1.13345  -0.244201  15.7919  
-0.0831919  1.93903  -2.0187  1.49444  12.9687  -3.44376  0.380478  2.62927  115.583  -0.856852  -0.266957  -0.277296  2.6949  -11.1225  7.87552  3.8399  -1.66275  1.98257  -0.562686  -3.15333  -5.30321  -8.48375  -3.76337  -1.01945  8.42276  
0.00193517  2.74531  -1.75869  2.53976  10.4085  -10.6282  0.49986  2.96014  43.7303  -0.873436  1.2923  -0.144006  -4.67817  10.8308  4.70397  4.61033  -3.92981  2.47678  -1.0123  -3.10339  -2.16251  -10.2051  -5.36907  -1.15026  2.00822  
-0.0410931  2.62022  -0.181397  1.63604  4.70966  -12.4312  -0.351596  2.63956  4.97756  -0.234181  2.67571  -0.170455  -13.5378  29.3888  1.60668  4.29745  -5.7598  1.85219  -0.764295  -1.02096  1.3362  -9.96768  -3.31478  -0.990748  -0.692742  
-0.242518  2.07736  1.42846  -0.974483  -0.414715  -5.86638  -1.18049  2.02001  39.091  0.346862  3.59846  -0.40363  -15.8086  29.8927  0.327121  2.89288  -5.71794  0.143646  0.127578  4.15949  4.85086  -6.20777  -0.668271  -1.02474  -1.63318  
-0.504305  1.82156  1.92968  -3.56711  -3.10027  2.79618  -1.03213  1.34735  116.386  0.469956  3.77156  -0.702668  -8.02644  14.5881  0.538545  0.937706  -4.13634  -2.09469  1.06371  8.84505  8.75725  0.628739  -0.183827  -1.177  -3.6584  
-0.655904  1.93468  1.22532  -4.29365  -3.9157  5.96577  0.0447906  0.418081  155.938  0.133131  3.20919  -0.846725  4.38297  1.85082  1.18705  -0.693844  -2.63352  -3.64578  1.25154  9.41728  12.2082  7.46782  -1.64575  -0.979146  -6.97775  
-0.598683  1.84491  0.127864  -2.74177  -4.26712  2.70005  1.07712  -0.979192  106.235  -0.6003  2.23846  -0.736178  12.0161  6.0667  1.84721  -1.26934  -1.92581  -3.48462  0.459599  6.40182  12.7489  10.8412  -3.07248  -0.295909  -9.39217  
-0.402494  1.12633  -0.491045  -0.21877  -4.81776  -1.94535  1.21803  -2.47284  2.87047  -1.59521  1.21648  -0.487585  10.7448  20.8325  2.67358  -0.78886  -0.951738  -1.89297  -0.672631  3.41872  8.607  9.88278  -3.42169  0.379936  -8.89354  
-0.237726  0.224094  -0.409735  1.46413  -5.26745  -3.63542  0.614046  -3.2701  -71.6028  -2.353  0.322424  -0.307959  4.89475  26.4927  3.50241  -0.0884907  1.33689  -0.28307  -1.23441  2.89506  1.0605  6.89977  -3.58016  0.441168  -5.53794  
-0.206516  0.0962028  -0.0950547  1.5649  -5.05812  -3.07681  0.101479  -2.91436  -83.2752  -2.24484  -0.347038  -0.279476  1.21292  14.0097  3.53764  -0.13094  4.02483  0.291879  -0.933531  3.8202  -5.92283  4.88492  -4.9409  -0.152681  -1.18327  
-0.259678  1.08937  -0.147663  0.811535  -3.96824  -3.57576  0.124624  -1.73121  -76.0149  -1.28987  -0.698765  -0.299417  1.51083  -4.22862  2.09148  -1.07215  4.99606  0.209295  -0.275011  3.4057  -8.95273  4.622  -7.57953  -0.817741  2.12553  
-0.291708  2.36  -0.701499  0.472365  -2.14391  -6.07548  0.237477  -0.437409  -96.0598  -0.367727  -0.76926  -0.249155  2.38847  -9.54892  -0.362767  -2.12601  3.58671  0.531061  0.104349  0.331925  -7.99744  4.30438  -9.72208  -0.959705  3.42942  
-0.289982  2.7022  -1.30129  1.05928  0.290027  -7.98094  -0.231776  0.526488  -113.25  -0.307483  -0.835968  -0.177307  0.923147  1.02036  -2.16863  -2.45521  1.55909  1.46233  0.0910143  -3.80173  -6.00413  1.91519  -8.69527  -0.570479  2.89676  
-0.343079  1.92262  -1.36657  1.92959  3.40513  -6.69801  -1.22428  1.16704  -58.4629  -0.897904  -1.14835  -0.249552  -1.53356  12.3157  -1.8321  -2.03948  0.859773  2.03799  0.00872416  -6.11167  -5.67257  -2.30383  -3.03054  -0.164045  1.07096  
-0.497277  1.07723  -0.791038  1.97083  6.97407  -3.08842  -1.94645  1.58147  63.4535  -1.16156  -1.47687  -0.511533  -1.62594  10.3603  0.473885  -1.49014  0.996667  1.3307  0.0553097  -5.58343  -6.97743  -5.84114  5.5717  -0.174404  -1.61613  
-0.661312  1.21275  -0.0864396  0.711947  9.74003  -0.657043  -1.84893  1.67451  145.587  -0.566487  -1.18995  -0.779505  1.4643  -1.80778  2.86104  -1.13931  -0.353516  -0.507133  0.118867  -4.20712  -7.7657  -6.36676  12.5204  -0.505333  -4.65019  
-0.704297  2.12711  0.138427  -1.13722  9.60416  -1.62247  -1.30548  1.30834  99.5541  0.394747  -0.013467  -0.83689  4.9443  -10.3614  3.47059  -0.62845  -3.99336  -2.54844  0.0840916  -4.7771  -6.44101  -4.13397  13.8402  -0.726836  -6.96514  
-0.622496  2.75828  -0.170724  -2.37509  5.42468  -4.52066  -1.10124  0.603473  -15.8708  0.902143  1.33116  -0.697075  5.38141  -8.4505  2.13644  0.434818  -7.30446  -3.97422  0.0892851  -7.10079  -3.57989  -1.86697  10.1966  -0.656839  -7.165  
-0.547995  2.7285  -0.48805  -2.49243  -0.902813  -6.1058  -1.41632  -0.0992564  -38.8996  0.769734  1.52977  -0.587104  1.90183  -2.4891  0.293902  1.65894  -6.61564  -4.3774  0.279517  -7.08247  -0.982217  -2.12965  6.59479  -0.584725  -4.57328  
-0.566639  3.01892  -0.352228  -2.12812  -4.9758  -5.06078  -1.56723  -0.568299  106.347  0.43202  -0.0375085  -0.647939  -3.3636  -0.447192  -0.561229  2.1021  -1.37772  -3.58238  0.498347  -0.825724  0.342978  -4.76093  6.70469  -0.850391  -0.0867175  
-0.591197  4.76801  0.0527439  -2.10152  -3.71098  -3.19899  -0.880858  -0.866342  296.995  0.23951  -2.47802  -0.744336  -7.14101  -0.0378348  -0.046726  1.38549  4.67675  -1.78009  0.355028  9.7301  0.800038  -7.00102  7.72375  -1.31121  4.20177  
-0.470071  7.60295  0.134119  -2.16827  1.05843  -2.9462  0.380451  -1.20142  324.604  0.21124  -4.02644  -0.642197  -7.13628  7.01534  1.22714  0.29084  6.95783  0.0806512  -0.345629  16.8602  0.912154  -6.24885  2.68576  -1.42917  6.40063  
-0.206339  9.6232  -0.324758  -1.19838  3.74083  -4.41671  1.21543  -1.661  113.247  0.380752  -3.61612  -0.331365  -3.21858  20.5953  2.43654  -0.0695277  4.40606  0.780856  -1.39886  14.2821  0.319206  -2.64421  -10.7206  -0.961517  6.13869  
0.0018788  9.16927  -0.805318  1.09254  0.650101  -5.52238  0.943085  -2.14654  -197.008  0.912546  -1.80351  -0.067263  2.59905  28.2874  3.09966  0.382062  0.15524  0.0944672  -2.38364  3.94728  -1.6757  1.14031  -24.8081  -0.395208  4.43961  
-0.0354437  6.35732  -0.597391  3.04661  -5.72109  -4.62493  -0.110217  -2.5094  -388.273  1.62026  -0.130463  -0.0766448  7.32242  19.2702  3.12857  0.524022  -2.02768  -0.786136  -2.98777  -5.64256  -4.66692  2.62387  -27.7227  -0.500902  2.36196  
-0.305244  2.74169  0.346955  2.57965  -8.90653  -2.36663  -1.09173  -2.68416  -369.108  1.74421  0.395949  -0.320184  8.80416  -0.307046  2.69644  -0.598088  -1.37874  -0.598252  -3.09969  -8.12878  -7.0408  1.8115  -15.4056  -1.41536  0.20834  
-0.64545  -0.274084  1.27758  -0.116605  -5.30064  -0.736503  -1.56471  -2.65751  -238.288  0.707137  0.14075  -0.618504  7.0752  -11.4672  2.10925  -2.43495  -0.0670582  0.342206  -2.78059  -5.09247  -7.20917  0.731481  3.15341  -2.34375  -1.86117  
-0.969004  -2.45808  1.39747  -2.19632  1.81326  -0.85228  -1.75931  -2.43795  -164.426  -0.999335  0.250156  -0.95068  4.06584  -3.78721  1.68778  -3.33922  -0.0618806  0.488233  -2.24445  -2.91458  -4.68085  0.899176  14.0579  -2.28541  -3.01404  
-1.36435  -4.24703  0.628398  -1.44512  5.62589  -1.98611  -1.95694  -2.10007  -219.258  -2.07254  1.3356  -1.49685  1.80199  11.1134  1.65229  -2.36421  -0.925201  -0.853956  -1.8331  -5.18569  -0.0834573  1.70927  11.4144  -1.06135  -2.42737  
-1.93039  -5.73249  -0.444991  0.725787  3.01887  -2.63244  -1.94397  -1.84395  -323.097  -1.75083  2.8825  -2.33582  0.650954  11.4926  1.98903  -0.377158  -0.850004  -2.3949  -1.7631  -9.32656  5.31018  1.38149  1.45847  0.457167  -0.707104  
-2.5451  -6.39162  -1.24414  0.71414  -2.30396  -2.04501  -1.32735  -1.88024  -337.969  -0.664199  3.83766  -3.1815  -0.604212  -9.22577  2.2833  0.845844  0.752901  -2.25976  -1.88644  -10.1074  9.56207  -0.749809  -5.35005  1.17177  0.196871  
-2.85908  -5.74055  -1.64577  -2.56874  -4.05674  -0.723556  -0.216246  -2.21177  -208.566  -0.0600325  3.65793  -3.51793  -2.84152  -33.4023  1.83022  0.454909  2.42498  -0.359571  -1.72792  -4.92995  10.2861  -3.26196  -4.57568  0.753545  -1.0074  
-2.55269  -3.99818  -1.76517  -5.76671  -0.0544364  0.222076  0.702193  -2.55857  -14.6115  -0.324456  2.67828  -3.01629  -4.97027  -38.3655  0.346816  -0.789093  2.41607  1.29551  -0.883566  4.32279  5.9713  -4.01238  0.14065  -0.195035  -3.21313  
-1.59611  -2.05927  -1.55957  -4.83712  5.87777  -0.0181928  0.823977  -2.58527  107.382  -0.580468  1.56882  -1.78371  -4.75073  -22.0854  -1.22085  -1.54617  0.595173  0.776039  0.619164  13.152  -2.0515  -2.47223  3.16886  -0.849419  -3.73344  
-0.275414  -0.831372  -0.853886  -0.0136081  8.29833  -1.4314  0.217704  -2.27037  93.9912  0.150569  0.650647  -0.233037  -1.39421  -4.60771  -1.10898  -1.23517  -1.65388  -1.66214  2.27821  17.3332  -9.53493  -0.531864  2.87475  -0.93504  -1.07632  
1.00463  -0.573321  0.273182  4.28845  5.57819  -3.16777  -0.552905  -1.98806  8.84575  1.64679  -0.170649  1.22254  3.16149  -4.26723  1.32814  -0.282898  -2.99204  -3.86788  3.4165  15.2327  -12.0016  -0.855067  1.64765  -0.790368  3.34565  
1.93273  -0.752656  1.34036  4.51117  0.722  -3.98762  -1.04936  -2.16642  -32.5882  2.57958  -0.891287  2.3267  6.10788  -17.2158  4.12586  0.603766  -3.09555  -3.95791  3.49953  8.62915  -8.3609  -4.18248  2.02335  -0.82344  6.56829  
2.38491  -0.546755  1.76329  1.62079  -2.37304  -3.10098  -1.23687  -2.78297  15.1228  1.85818  -1.12481  2.96002  6.58309  -23.8732  4.04393  1.03515  -2.241  -2.0431  2.46893  1.50668  -1.83933  -8.19457  4.15281  -1.05175  6.77133  
2.40548  0.402941  1.27908  -0.673651  -2.45597  -0.897878  -1.25374  -3.29714  87.3805  -0.194971  -0.538767  3.09829  6.01532  -13.4586  0.0895131  0.954494  -0.679136  0.0331594  0.884698  -3.00628  2.77518  -9.24502  6.53425  -1.17001  4.54791  
2.15723  1.67525  0.113748  -0.445709  -0.902916  1.15769  -1.11894  -3.10108  89.1079  -2.03903  0.5014  2.84799  5.78133  3.75103  -4.72028  0.497003  1.21134  0.47092  -0.386361  -5.14582  3.16271  -5.59357  7.85651  -0.973711  1.76032  
1.84102  2.51158  -1.15951  0.914639  0.662367  1.60867  -0.819312  -2.08436  -1.34833  -2.29854  0.962388  2.43533  5.58054  9.37695  -5.96101  0.00899505  2.53051  -0.852055  -0.935424  -7.49375  0.80615  0.805255  7.84117  -0.629825  -0.35876  
1.5866  2.56768  -1.87285  1.25719  1.71713  0.232029  -0.531817  -0.762989  -115.188  -1.04163  0.0887455  2.06432  4.62811  -0.923059  -2.32166  -0.0400771  2.34488  -2.35475  -1.1887  -11.085  -1.24279  5.89205  7.03992  -0.520992  -1.90057  
1.37694  2.13636  -1.62754  0.369223  2.03556  -1.7441  -0.514306  0.121842  -165.025  0.239914  -1.68702  1.76298  3.42881  -12.7918  3.03164  0.512584  0.778575  -2.2811  -1.79936  -13.4  -1.61974  7.04376  6.45784  -0.849923  -3.31629  
1.106  1.63328  -0.619949  -0.391755  0.916176  -2.69829  -0.808813  0.133087  -116.31  0.0655976  -2.97164  1.41539  3.21524  -10.5526  5.95145  1.20566  -0.794773  -0.542523  -2.61197  -10.9888  -1.50491  5.10507  6.964  -1.37185  -4.27104  
0.737225  1.14634  0.375247  -0.137159  -1.80443  -2.04904  -1.11246  -0.598837  -0.328757  -1.47134  -2.74645  0.96031  3.64498  4.42238  5.36211  1.34267  -1.03797  0.966259  -2.59477  -3.74268  -2.60879  2.9689  8.57825  -1.53016  -3.85929  
0.384272  0.636126  0.588347  0.787502  -4.35333  -0.733094  -1.12116  -1.48282  115.095  -2.66731  -1.45767  0.512327  2.52587  15.9283  3.53824  0.729469  -0.0076028  0.304383  -1.08241  4.21797  -4.82846  2.31707  10.3457  -0.94149  -1.88245  
0.197069  0.36765  -0.0168766  1.53447  -4.0423  -0.307912  -0.933147  -1.84126  160.853  -1.91281  -0.627569  0.249242  -1.28107  11.8536  2.88988  -0.139038  1.01776  -2.21647  1.09475  8.06848  -6.22882  2.17846  11.0143  0.117997  0.251762  
0.181747  0.717026  -0.667425  1.51351  -0.393935  -1.49538  -1.04599  -1.40214  103.544  0.514735  -1.21509  0.210828  -5.35675  -2.01666  3.49252  -0.75557  0.971836  -4.01566  2.16364  6.20212  -5.09714  0.746967  10.0277  0.780676  0.223456  
0.187698  1.49371  -0.569851  0.435224  3.32688  -3.51579  -1.86321  -0.577573  -22.7966  2.60907  -2.4674  0.269026  -5.47737  -8.57085  3.84913  -1.27928  0.0105515  -3.02693  1.20693  0.880893  -1.68427  -1.89296  7.78436  0.32572  -3.0841  
0.0987277  1.81593  0.256556  -1.34759  2.97795  -4.8488  -3.1328  -0.19747  -126.776  2.67906  -2.60437  0.29728  -0.283448  1.67351  3.20027  -2.23778  -0.892079  -0.217885  -0.842306  -4.04544  2.09139  -3.7395  4.93424  -1.03505  -7.87545  
-0.0124448  1.03523  1.05139  -2.58033  -1.67362  -4.64683  -3.97481  -0.747964  -132.64  1.06558  -0.778866  0.305212  6.59015  20.5842  2.29459  -3.5119  -1.06804  1.36243  -2.22399  -5.62353  4.17343  -3.45016  1.5718  -2.20216  -10.3319  
0.0286028  -0.316989  1.15185  -1.87893  -5.80179  -3.43777  -3.56629  -1.85643  -57.5207  -0.343149  1.84311  0.371406  9.85256  31.0894  2.14842  -3.99243  -0.66365  0.123178  -2.11805  -3.05128  3.53284  -2.09568  -2.74109  -2.1693  -7.9578  
0.269342  -0.894449  0.617591  0.511718  -4.14766  -2.47807  -1.94245  -2.61662  1.72427  -0.211795  3.18325  0.490874  7.84408  24.3283  2.73424  -2.59709  -0.210928  -2.16491  -1.18525  2.00503  0.544925  -1.60392  -7.91213  -0.944889  -2.09356  
0.545074  0.00641395  -0.0196098  2.39848  3.06453  -2.34271  -0.118165  -2.50472  -21.8561  0.966593  2.42075  0.557215  3.88008  7.7742  3.15067  0.314623  -0.0790631  -2.59475  -0.441545  5.93137  -2.93902  -1.96576  -12.2921  0.567845  3.17138  
0.645206  1.64094  -0.401465  1.91037  9.56876  -2.32533  0.776509  -1.89055  -75.6378  1.7091  0.814834  0.496906  2.33482  -2.73596  2.70915  2.83556  -0.269448  -0.694079  -0.0608293  5.29084  -4.15045  -1.09787  -13.7084  1.51623  4.66402  
0.533961  2.67711  -0.57489  -0.196384  9.06161  -1.44352  0.511935  -1.54636  -35.1507  1.30746  0.232045  0.374423  4.04569  1.2025  1.6146  3.09661  -0.513796  1.25559  0.494233  0.0207598  -1.20475  2.08718  -12.0998  1.73689  2.88878  
0.370648  2.77306  -0.692356  -1.28647  1.70791  0.11585  -0.0971955  -1.79517  143.655  0.447875  1.06976  0.325431  6.11384  12.8821  0.659593  1.08097  -0.502368  1.42054  1.35436  -5.54181  4.58873  5.54998  -10.5837  1.47639  1.26859  
0.324806  2.93221  -0.757226  0.0909152  -5.89379  0.97366  -0.113475  -2.23195  339.998  0.151302  1.95391  0.404909  5.61206  17.8645  0.498278  -1.27957  -0.123231  0.694466  1.76847  -5.96229  8.87068  6.10315  -12.1151  0.815404  2.60774  
0.394168  4.18848  -0.708708  2.49472  -7.31601  0.259717  0.52027  -2.3289  366.518  0.494672  1.50002  0.517993  2.34844  8.6987  1.15535  -1.96944  0.389118  1.09605  0.924951  -0.402027  7.77025  3.314  -14.6852  -0.331888  6.51813  
0.414236  6.14113  -0.585297  3.29666  -2.56594  -1.12931  0.997865  -2.04177  159.85  0.600989  0.0385206  0.504209  -1.99466  -7.50482  2.11884  -0.859767  0.629888  2.53698  -0.88302  5.40654  2.11126  0.216937  -11.9847  -1.74349  9.99378  
0.230865  7.05271  -0.462501  1.65281  2.47896  -1.57654  0.555629  -1.7728  -142.488  -0.237571  -0.783014  0.282767  -5.99911  -16.6109  2.8546  0.293886  0.44853  2.54223  -2.22093  4.47153  -2.93798  -0.293051  -1.45959  -2.78658  10.2709  
-0.1348  5.45057  -0.296073  -0.926907  2.44946  -0.94262  -0.791849  -1.81247  -327.596  -1.64973  0.00198954  -0.0623044  -8.75232  -11.8153  3.2899  -0.19669  0.107769  -0.535762  -1.82694  -3.5773  -2.79793  1.23113  9.08248  -2.96765  7.04215  
-0.480647  1.56525  0.0181744  -2.65666  -2.32594  -0.85811  -2.36493  -2.01831  -303.526  -2.49072  1.45393  -0.324415  -8.8394  -0.372742  3.70691  -2.12208  -0.0862684  -5.06147  0.0486367  -11.2258  1.74956  1.8386  6.94707  -2.45923  2.19015  
-0.585105  -2.84446  0.447831  -3.31864  -6.7868  -2.45044  -3.46987  -2.01734  -167.008  -1.99852  1.74822  -0.330254  -4.98051  4.28841  4.22357  -3.56416  -0.178992  -7.69856  1.7621  -11.0355  5.6247  0.115667  -10.6727  -1.88683  -2.23822  
-0.396831  -5.90274  0.769104  -3.66027  -6.52536  -4.59899  -3.67696  -1.62369  -84.4562  -0.516174  0.2245  -0.0985642  1.51043  -3.19929  4.42327  -2.8399  -0.299868  -7.01295  1.83269  -4.38783  4.92624  -2.15197  -29.6421  -1.63645  -5.40955  
-0.0803589  -6.96201  0.778327  -3.75147  -1.70923  -5.48394  -2.77843  -1.05567  -122.247  0.9214  -1.88703  0.155407  6.50981  -14.6783  3.79977  -0.186329  -0.149826  -4.53684  0.342052  -0.17292  0.952591  -2.51991  -30.9666  -1.52166  -7.10196  
0.135207  -6.6746  0.507228  -2.98198  3.83994  -5.60721  -0.882074  -0.813533  -196.976  1.64191  -2.81527  0.216867  6.75923  -17.6392  2.43353  2.4892  0.775436  -2.50071  -1.25725  -3.93131  -1.80213  -1.02394  -11.1118  -1.13628  -6.6305  
0.165118  -6.06773  0.201836  -1.46398  6.56089  -7.62565  1.24574  -1.30094  -178.818  1.85286  -2.04733  0.093435  3.4487  -8.20045  1.09256  3.39078  2.21099  -1.52919  -1.65174  -10.3515  -0.695266  0.0518035  12.9776  -0.364853  -3.38053  
0.121819  -5.66488  0.111712  -0.413516  5.78266  -12.1629  2.29921  -2.46156  -30.4244  2.12516  -0.62  0.00685823  0.78447  5.88572  0.504384  2.31637  2.91331  -1.05221  -0.789646  -9.25205  2.62191  -0.830108  21.2636  0.507761  1.57818  
0.159752  -5.33927  0.295012  -0.411304  3.17529  -14.9085  1.44098  -3.70161  156.529  2.54275  0.173686  0.134148  0.970169  13.7529  0.631254  0.552229  1.94695  -0.978958  0.347387  1.26689  4.75357  -2.77917  11.0144  1.04872  5.5878  
0.286144  -4.74309  0.548978  -0.137924  0.596019  -10.0013  -0.706762  -4.29227  254.033  2.54849  0.0402715  0.382944  2.07944  11.4622  0.870725  -0.459445  0.0275931  -1.73551  0.782718  10.9688  4.43679  -3.8857  -2.78284  0.983841  6.92736  
0.350164  -3.72211  0.509175  2.20036  -1.20156  2.96611  -2.3699  -3.93968  217.969  1.62153  -0.426824  0.474204  1.45873  4.04521  0.900193  -0.327064  -1.00296  -2.73775  0.170381  8.76006  3.21383  -3.54483  -6.12741  0.382856  6.68186  
0.214947  -2.41481  -0.0692249  5.99396  -2.28803  16.5696  -2.30015  -2.92719  117.599  -0.0918748  -0.748141  0.255373  -0.394907  -0.555511  0.963101  0.181836  -0.306218  -2.14125  -1.30327  -3.92774  2.83578  -2.7894  -0.853538  -0.315695  7.11532  
-0.0858612  -1.19363  -0.997144  8.01667  -2.87499  21.8637  -1.06206  -1.72093  53.1156  -1.83895  -1.06027  -0.115377  -0.916711  1.25592  1.13908  -0.040501  0.756197  0.993945  -3.11618  -14.3291  2.84655  -2.6111  0.859954  -0.55942  8.11029  
-0.369978  -0.520394  -1.63037  5.89286  -3.15724  16.939  -0.333322  -0.546879  56.4812  -2.8374  -1.64987  -0.326164  0.626116  6.15039  0.776687  -1.46403  0.109917  4.81033  -4.40276  -12.9121  1.31523  -2.69244  -6.94429  -0.171111  6.61701  
-0.470926  -0.678821  -1.31981  1.17018  -3.39455  8.28247  -0.925088  0.514374  80.3504  -2.73462  -2.33263  -0.236781  2.32179  6.9904  -0.63067  -3.41323  -2.45161  5.87913  -4.22184  -3.78728  -2.50019  -2.08955  -16.9671  0.375693  1.0784  
-0.372046  -1.40051  -0.0373469  -2.16576  -3.64838  3.70027  -1.8305  1.15904  72.4789  -1.67947  -2.56502  -0.0147603  2.83782  -0.534728  -2.05697  -4.37258  -4.67723  2.68813  -2.36386  1.34686  -6.60282  -0.83361  -18.2456  0.355159  -4.75368  
-0.190397  -1.84282  1.4515  -2.23679  -3.44541  4.8448  -1.55088  0.954238  34.2453  -0.208214  -2.0346  0.063478  3.22122  -12.8835  -1.37493  -3.11369  -4.07729  -2.55013  0.0979826  -2.19689  -7.69945  -0.421569  -8.94859  -0.423334  -4.91219  
-0.0542243  -1.20408  2.12753  -1.25905  -2.08178  7.29526  -0.12448  -0.0910322  -3.87108  0.954592  -0.923734  -0.0833393  4.27318  -20.3241  1.99243  0.0721643  -0.55345  -5.85885  1.47222  -6.92603  -4.25496  -2.2295  2.37756  -1.32962  1.30735  
0.00723584  0.464942  1.51254  -2.10218  0.391753  6.84437  0.715505  -1.21385  -41.5773  1.26902  0.433115  -0.26114  4.07605  -15.1962  5.48333  3.25074  3.48074  -5.2515  0.996353  -2.80775  1.79273  -5.39919  6.74434  -1.54365  6.83836  
0.0680852  2.16214  -0.0183328  -3.86667  2.62987  4.04212  -0.388982  -1.52934  -107.558  0.731652  1.80286  -0.219306  0.381953  0.322533  5.84503  4.31357  5.50614  -2.23442  -0.335149  10.695  6.29773  -6.72801  3.36827  -0.917733  4.26621  
0.204746  2.78675  -1.61106  -2.88344  2.97278  2.26475  -2.58809  -0.99149  -196.174  -0.109482  2.84905  0.0717848  -5.1581  15.2661  3.57479  2.82053  5.05287  0.336785  -0.680603  23.972  6.3719  -3.39345  -1.28413  -0.0513777  -4.69152  
0.385904  2.17686  -2.53667  1.77056  1.1686  2.88826  -3.54334  -0.487604  -240.254  -0.552118  2.9184  0.376722  -7.68673  19.5648  3.4218  0.34495  3.40384  1.27736  0.844339  27.3221  2.70587  3.73984  -1.08027  0.438565  -9.85476  
0.465114  1.1768  -2.51151  5.73075  -1.11612  3.90619  -2.04144  -0.778871  -176.19  -0.200443  1.47465  0.41924  -4.86473  12.9894  8.86834  -1.1307  1.64756  1.61516  3.28008  19.7499  -1.34225  10.0986  4.13666  0.489504  -4.09597  
0.306122  0.79574  -1.68216  4.27076  -2.01105  3.06615  0.609762  -1.54631  -24.7386  0.88947  -1.12091  0.136897  0.0197131  4.05561  16.4323  -1.08575  -0.289103  2.38295  4.67888  8.04128  -3.09392  11.3598  9.3615  0.381481  7.60057  
-0.0754492  1.24919  -0.491277  -1.05741  -1.60143  0.817827  1.97242  -1.80074  121.427  2.2476  -3.50591  -0.287096  2.13609  -0.0683858  17.5387  -0.619663  -2.61559  2.8095  3.80069  -0.724007  -2.75548  7.71101  9.73863  0.224549  12.822  
-0.496523  1.90849  0.447953  -3.33486  -1.83509  -0.651295  1.06045  -1.17217  191.584  3.09521  -4.29544  -0.607026  1.05828  -1.18477  7.39406  -0.904587  -4.41668  1.39414  1.07826  -4.68943  -2.41343  3.69821  4.90891  -0.0765953  5.44321  
-0.744532  1.93427  0.601656  1.27783  -3.99626  -0.402482  -0.869721  -0.45071  193.439  2.70921  -3.23311  -0.697965  0.645857  -6.01643  -8.8103  -1.84418  -4.33548  -1.54607  -1.89121  -6.61206  -3.198  3.42604  -1.21446  -0.450717  -7.46065  
-0.745119  0.938458  -0.107971  7.8733  -6.77805  0.440625  -1.99716  -0.651738  170.497  1.06592  -1.26868  -0.591803  3.4224  -15.7884  -20.045  -2.32626  -2.49784  -3.47197  -3.63314  -9.61638  -4.14901  6.20475  -4.64366  -0.609237  -13.5544  
-0.599353  -0.791841  -1.1435  7.85074  -7.42952  0.649723  -1.85818  -1.74177  132.62  -0.803875  0.443865  -0.401751  7.3512  -22.4632  -19.9248  -1.51936  -0.869325  -2.37186  -3.77449  -13.9091  -3.81929  7.4391  -4.85056  -0.4933  -8.33185  
-0.478186  -2.53632  -1.72171  -0.892575  -4.80892  0.470749  -1.34878  -2.66681  60.3615  -1.51922  1.47112  -0.258066  8.65732  -16.8548  -12.0211  0.287943  -1.02549  0.599722  -2.95981  -16.8628  -2.21405  3.76382  -4.03334  -0.495271  1.3554  
-0.486488  -3.61899  -1.49385  -10.9805  -0.695992  0.752771  -1.20964  -2.64143  -37.3627  -0.722065  2.01317  -0.268721  6.01851  -0.0783507  -4.96451  2.01257  -2.06144  2.17478  -2.067  -15.8647  -0.662259  -3.25599  -3.48952  -0.968969  5.81766  
-0.603315  -3.82437  -0.881392  -13.6023  2.01762  1.3849  -1.2159  -2.02019  -105.499  0.423428  2.2612  -0.451054  0.64887  15.0457  -3.604  2.68612  -1.71092  0.695237  -1.47751  -11.04  0.0861085  -8.69035  -1.89807  -1.59026  2.21079  
-0.71529  -3.5243  -0.631603  -7.88463  1.90851  1.62166  -1.00233  -1.66897  -97.9384  0.510091  2.11924  -0.673918  -6.12986  16.0761  -5.90187  2.11244  0.475639  -1.99906  -1.00603  -5.16567  0.687892  -8.83133  2.31581  -1.53814  -4.87554  
-0.702515  -3.31343  -1.02247  -0.790192  -0.374168  1.545  -1.10809  -1.72203  -31.5042  -0.388917  1.48718  -0.727859  -13.0275  3.95944  -7.23207  0.891037  2.24553  -2.82568  -0.38639  -0.674893  2.08544  -4.05351  7.66932  -0.454283  -10.0526  
-0.531392  -3.41085  -1.57397  1.18435  -3.28012  2.07651  -2.50078  -1.4558  31.0558  -0.767055  0.514586  -0.516928  -17.0753  -7.90239  -5.69994  -0.14848  1.51657  -1.12026  0.218422  2.6958  3.77933  2.19321  10.2472  0.971697  -11.565  
-0.301885  -3.36205  -1.61442  -1.803  -5.32672  3.28404  -5.00896  -0.412772  43.011  0.382373  -0.615856  -0.181182  -14.5377  -7.79732  -2.8017  -0.733006  -0.7766  0.876205  0.248387  6.86975  3.93576  6.28007  7.81317  1.57929  -10.1469  
-0.18617  -2.39948  -1.03474  -4.9874  -5.2956  3.61484  -6.77664  0.828684  5.05879  2.12172  -1.9291  0.01821  -5.15155  2.44137  -0.525256  -1.40252  -1.90618  0.955828  -0.647634  12.1144  1.19959  6.52521  2.46699  0.903452  -6.5554  
-0.282674  -0.262912  -0.374859  -4.95828  -2.80364  1.78688  -5.83648  1.32972  -53.8198  2.62311  -3.41856  -0.0598899  6.07588  10.5482  0.568168  -2.72455  -1.09124  -0.58954  -2.01635  15.6028  -3.32191  3.70757  -1.71625  -0.352093  -1.61509  
-0.50566  2.3236  -0.178796  -2.11861  0.777132  -1.00097  -2.24872  1.03137  -104.045  1.55896  -4.59275  -0.323757  13.1011  7.79317  0.678095  -4.20021  -0.43993  -1.81768  -2.72105  13.9833  -6.28383  0.231021  -3.00777  -1.01586  2.71508  
-0.647966  4.02033  -0.423234  1.45714  2.88756  -1.90757  1.73061  0.795592  -119.05  0.680635  -4.65353  -0.574923  14.3791  -2.49549  -0.357597  -4.31914  -1.59661  -1.6324  -1.89689  7.34328  -4.76436  -1.57997  -3.07494  -0.55015  4.46662  
-0.589663  3.89625  -0.673671  4.30457  2.35107  0.232888  3.78357  1.13255  -75.4737  1.69255  -3.28706  -0.716259  12.6045  -10.7443  -2.70661  -2.10085  -2.91333  -0.62544  0.0464578  -0.112027  0.611066  -1.26116  -3.78358  0.556529  3.79461  
-0.4503  2.21239  -0.693169  5.55749  0.89491  3.30679  3.69057  1.37475  25.0984  3.99748  -1.17437  -0.823658  9.45526  -12.5242  -5.5657  1.48668  -1.53621  0.173914  1.42495  -3.60981  5.46414  -0.637321  -4.45959  1.34574  2.83982  
-0.507682  0.159133  -0.681713  4.44112  0.990076  4.22051  3.13631  0.481555  134.473  5.18312  0.46589  -1.04169  3.21892  -11.0064  -7.36053  4.06326  2.11346  0.515157  0.602156  -1.90171  5.38685  -1.96242  -3.11398  1.22432  3.22316  
-0.932174  -1.2272  -0.893977  1.26827  2.28481  2.30831  3.55034  -1.45417  180.663  3.71168  0.871463  -1.43352  -6.8901  -9.1113  -7.08311  3.98574  3.94582  0.645475  -2.40597  1.95677  0.570267  -5.30769  0.184836  0.325827  4.22952  
-1.57951  -2.01337  -1.22298  -1.69138  1.70774  -0.263714  4.57739  -2.95841  131.93  0.560528  0.205363  -1.90095  -16.2265  -3.6171  -5.21115  1.847  1.22225  0.525577  -5.60472  3.33386  -3.91555  -8.00461  2.70386  -0.756491  3.74197  
-2.04638  -3.13654  -1.3477  -1.85846  -2.08619  -1.23806  4.88425  -2.59051  35.9976  -2.04935  -0.816459  -2.20242  -17.569  9.90454  -3.2215  -0.267546  -3.3505  0.0274649  -6.51454  -0.487991  -3.1565  -7.19941  2.11484  -1.47491  0.674792  
-1.96513  -5.21021  -1.18065  0.789116  -5.71794  -0.504694  4.08096  -0.45442  -19.7356  -3.1163  -1.58514  -2.07168  -9.14655  28.1991  -2.34811  -0.865353  -4.21516  -0.376805  -4.27258  -8.51191  2.10846  -2.98049  -0.575442  -1.6177  -3.94251  
-1.29643  -7.58504  -0.930256  3.36394  -4.33774  0.557919  3.27511  1.90967  5.8274  -3.53445  -1.91252  -1.40782  2.23875  39.9939  -2.67805  -0.239586  0.384349  0.165456  -0.346884  -16.4834  6.08091  1.41216  -2.46031  -1.28632  -7.92306  
-0.353848  -8.77333  -0.71498  3.18298  2.2925  1.05554  3.6551  3.05082  65.3141  -4.38509  -1.98475  -0.391139  7.74864  36.532  -3.27069  0.191811  6.03353  1.72594  2.73592  -19.2201  4.22764  2.66982  -2.35472  -0.713076  -9.25423  
0.455095  -7.96743  -0.364214  0.751013  8.6431  1.19374  4.93103  2.81451  76.5249  -5.24128  -2.11183  0.605918  5.13595  20.3009  -3.02707  -0.554307  7.31635  3.06367  3.44308  -13.9541  -1.53125  0.512104  -2.03839  -0.100764  -7.10219  
0.935058  -6.01224  0.22526  -0.917457  9.2817  1.22435  5.58837  2.02805  12.6946  -4.65601  -2.40045  1.28074  -0.277733  1.71203  -1.78107  -2.1541  4.27684  2.78514  2.17609  -2.80803  -4.96825  -2.36678  -3.62859  0.457594  -2.26856  
1.17958  -4.63274  0.72593  0.179541  4.62564  0.812704  4.5988  1.31575  -71.0641  -2.27266  -2.49534  1.60015  -2.628  -10.868  -0.560697  -3.3915  2.17189  0.987671  0.541707  8.04224  -2.53159  -3.17163  -6.80895  0.976593  3.28002  
1.36901  -4.68306  0.675878  2.64451  -0.286877  -0.216286  2.52166  0.544838  -104.613  0.155941  -1.80991  1.7381  -1.4889  -15.8509  -0.755488  -3.24595  4.68929  -0.678193  -0.128875  12.7247  2.80852  -1.43359  -9.02802  1.45902  7.59212  
1.53116  -5.33326  0.106217  3.18627  -1.94931  -1.07438  0.829776  -0.544985  -81.175  0.297228  -0.240113  1.83595  -0.322454  -15.4415  -2.78311  -1.68534  9.04076  -0.809706  0.324777  10.1538  4.99126  1.09615  -7.77125  1.73774  9.81989  
1.53292  -5.13033  -0.400948  0.304693  -1.52842  -0.706134  0.36167  -1.46981  -55.5151  -2.26966  1.36811  1.87038  -1.05462  -12.3239  -5.54557  0.335774  8.99543  0.0653409  1.07956  4.28046  1.62568  2.5386  -1.93695  1.4897  10.2537  
1.29041  -3.67217  -0.436077  -3.8624  -1.74963  0.787596  0.630581  -1.19724  -70.4651  -5.35721  1.75634  1.75418  -2.15151  -9.8313  -7.24467  1.59822  2.36169  0.177491  1.18406  0.00110532  -3.58055  2.56964  7.82528  0.534364  9.26322  
0.920114  -1.92933  -0.345919  -5.71877  -2.57854  2.0284  0.577924  0.608342  -105.806  -6.22188  0.479407  1.49981  -1.71119  -11.2892  -6.85177  1.51643  -6.00211  -1.12694  0.369251  -1.24703  -4.98951  2.20401  18.4537  -0.800712  6.87157  
0.626184  -1.04242  -0.776516  -4.09107  -1.62717  1.93777  -0.247347  2.68865  -107.814  -4.15222  -1.5133  1.20799  -0.270413  -15.3882  -4.88412  0.55952  -9.22661  -2.24715  -0.721628  -1.90952  -0.810293  2.16809  24.7541  -1.75471  3.64773  
0.471805  -1.16307  -1.68291  -1.49183  1.79427  1.12263  -1.292  3.00728  -54.3343  -0.776872  -2.71246  0.923215  0.135552  -13.9811  -2.86291  -0.19342  -5.68977  -1.03238  -1.02072  -4.81283  5.53811  1.83952  23.1752  -1.77143  0.986446  
0.333499  -1.80787  -2.15438  -1.16295  4.96265  1.23517  -1.58826  0.694325  22.9047  1.94535  -2.45527  0.589505  -1.2469  -0.018182  -2.13423  -0.0166128  -0.240609  2.39314  -0.000722948  -9.78399  9.30035  0.106322  16.5904  -1.09647  -0.16868  
0.100237  -2.85805  -1.49087  -3.31221  4.79106  2.97155  -0.700753  -2.91029  76.9716  3.54278  -1.38837  0.193922  -3.33391  20.4669  -3.01274  0.809449  1.53534  5.11112  1.65877  -13.8306  8.82842  -2.8197  13.0382  -0.574678  -0.775067  
-0.149047  -4.54734  -0.218431  -5.04263  1.47087  4.99561  0.855345  -5.39583  91.379  4.64487  -0.617337  -0.113046  -4.97803  28.901  -4.70937  1.28779  -0.847412  4.12433  2.46289  -14.125  6.13382  -5.0617  16.442  -0.731788  -2.74463  
-0.227559  -6.35377  0.411793  -4.00215  -1.99743  4.9633  2.03145  -5.59205  81.3771  5.38401  -0.602091  -0.133621  -5.91036  11.9719  -5.95064  0.708283  -3.22833  -0.578118  1.46507  -10.624  3.94617  -5.07062  19.0777  -1.14306  -6.19981  
-0.0764499  -6.71502  -0.0431491  -1.15217  -3.38622  1.64061  2.10821  -4.57278  66.5833  5.05199  -0.895675  0.132885  -5.73225  -21.2663  -5.81789  -0.628266  -2.22472  -5.91172  -0.692232  -6.03447  3.26046  -3.67466  6.59236  -0.895509  -8.67822  
0.158491  -4.62455  -0.607405  0.71659  -3.18612  -3.77313  1.29895  -4.33217  52.1988  3.40069  -0.824902  0.444666  -3.33579  -44.3631  -4.37132  -1.68852  1.08274  -8.42576  -2.32297  -3.51167  3.59229  -3.16505  -26.7017  0.303883  -7.62767  
0.293519  -1.34235  -0.164304  0.702827  -2.84449  -8.14953  0.505353  -5.59186  32.2645  1.30048  -0.252424  0.557883  1.69836  -38.6674  -2.5915  -1.73407  3.04107  -6.7627  -2.40223  -4.06226  4.69658  -3.95447  -68.6334  1.65283  -3.52635  
0.289159  0.391652  0.937459  0.775011  -2.32227  -8.50099  0.424206  -7.0449  -1.2801  -0.501265  0.300762  0.46933  7.48338  -12.1632  -1.64095  -0.999917  1.93122  -1.95306  -1.58471  -5.97965  6.631  -3.15922  -96.5859  2.00703  0.347349  
0.227159  -0.705377  1.166  2.74489  -0.385133  -4.28753  0.889408  -6.67529  -50.9753  -2.73995  0.213118  0.364739  10.3804  8.74676  -1.98937  -0.302694  -0.543804  3.62706  -1.26104  -7.04804  8.58652  2.08876  -94.8444  1.04591  1.57351  
0.162032  -2.82938  -0.18935  5.23814  3.02947  1.80695  1.15583  -3.75094  -106.415  -6.68448  -0.596603  0.361168  7.90873  6.17225  -3.15922  -0.107093  -1.72655  7.30145  -1.78801  -7.18825  8.49357  10.0152  -64.7318  -0.42852  1.25838  
0.078039  -3.09164  -1.81882  5.10595  5.79589  5.78253  0.796758  0.423873  -142.745  -11.6892  -1.56291  0.385147  0.97827  -12.6686  -4.1589  -0.158923  -0.880971  7.18198  -2.08344  -8.13479  4.97765  14.7318  -21.1914  -1.33031  1.89605  
-0.00879646  -0.89497  -1.69409  1.80772  5.45935  5.51699  0.227127  3.56313  -134.462  -14.6684  -2.05883  0.325707  -6.67926  -25.3131  -4.23106  -0.0766993  0.766306  3.60798  -1.13537  -10.1465  -0.755625  12.4864  17.5083  -1.27671  3.40528  
-0.00471957  1.44786  0.584937  -1.18847  1.71191  2.3774  0.212536  4.28876  -76.304  -12.8926  -2.04708  0.213673  -11.314  -17.9472  -3.35022  -0.0121745  1.98037  -0.431868  0.541329  -10.1757  -5.78433  6.41783  38.3068  -0.695825  2.92874  
0.128568  1.64338  3.23999  -0.533389  -3.2882  -0.449924  0.868126  3.27738  11.0673  -7.09638  -2.06319  0.156504  -11.634  1.77575  -2.26381  -0.449012  2.49277  -1.4079  1.44659  -4.96658  -8.36757  3.46607  38.134  -0.126612  -0.830536  
0.242436  0.269359  4.19618  2.41994  -6.904  -1.20612  1.36173  2.63872  98.8161  -1.21365  -2.53231  0.134848  -9.04548  14.3938  -2.04822  -1.40809  2.31473  1.51195  0.9617  4.03904  -9.68329  6.49698  24.875  0.353231  -4.15505  
0.118122  -0.109918  3.10601  2.92665  -8.00107  -0.794125  0.767158  3.95185  167.273  1.16213  -3.2398  -0.00236229  -6.07696  8.43203  -3.28532  -2.20182  1.08297  5.57665  0.0776229  10.6923  -11.7141  11.3316  12.1676  0.954551  -1.53136  
-0.247507  1.47677  1.25647  -1.11333  -7.10536  -0.845971  -0.791841  6.54858  203.389  -0.0965827  -3.573  -0.292804  -4.25572  -9.4405  -5.35863  -2.13474  -1.11234  7.28242  0.00549121  10.3159  -14.055  12.1404  9.30283  1.6102  7.13708  
-0.549123  2.67142  -0.0925509  -5.9521  -5.20087  -1.34929  -2.0263  7.80311  191.877  -2.07843  -3.17572  -0.505685  -3.33612  -21.7939  -6.65506  -1.25694  -2.89337  5.68146  0.607268  4.73447  -13.2882  8.05613  14.5157  1.81559  14.3532  
-0.452094  0.307296  -0.701332  -6.07007  -2.85163  -0.949794  -1.67793  5.47563  123.034  -1.93144  -2.19985  -0.3495  -2.25445  -16.25  -5.85339  -0.18005  -2.58262  2.39381  0.737248  -0.417823  -6.34256  2.77184  19.6814  1.10292  12.0316  
0.032686  -5.66114  -0.953255  -0.844922  -0.279279  0.790636  0.14828  0.0510518  13.0295  0.541356  -0.984968  0.168344  -0.618643  4.4152  -3.22364  0.718784  -0.207997  -1.00824  -0.0342241  -2.67161  5.7359  -1.21694  20.9396  -0.380078  0.398691  
