0.821374  4.13676  6.81939  0.40892  3.91412  -4.14066  3.16048  3.94742  1.61297  6.74573  3.33025  2.88097  -20.6918  69.1867  2.8064  -3.45791  0.0959258  2.73324  -1.05136  5.84473  5.98633  3.64665  8.12972  5.24617  68.8754  
-0.510721  -5.21565  -4.56674  -6.72836  -9.5947  25.6862  -8.69793  -11.8973  -1.49864  -2.92672  -6.21363  0.410471  69.4616  54.6835  -0.82272  7.0884  0.378343  -2.44669  -1.49749  -5.93567  2.33865  -5.4023  -10.3716  6.26141  -205.481  
-1.91194  -11.1919  -13.2508  -8.05642  -15.196  27.9414  -13.5471  -19.9426  -2.74853  -10.7886  -12.8775  -4.24548  107.68  7.72161  -3.83377  9.31766  -0.0973544  -7.08169  -3.40357  -12.1955  -2.71332  -11.3916  -21.6035  3.31555  -300.213  
-3.19169  -12.3725  -17.0842  -4.19615  -11.5411  4.48343  -10.6312  -18.6614  -2.0808  -15.0652  -15.2025  -9.52382  89.0904  -72.7799  -5.41607  3.26363  -1.38654  -10.3585  -6.69058  -11.4943  -7.42961  -11.6071  -23.689  -3.28137  -207.937  
-3.80906  -9.90818  -15.807  -0.913243  -4.2649  -16.2035  -5.26098  -12.7431  -0.98441  -14.9331  -13.6233  -11.3043  53.2232  -153.45  -5.36246  -3.33456  -2.59834  -11.3505  -9.46979  -7.27386  -8.67763  -5.54752  -20.3708  -9.11546  -76.5075  
-3.18307  -6.4018  -11.703  -1.9429  -0.275541  -10.3188  -3.05529  -7.59217  -0.643884  -11.3889  -9.79068  -7.62849  38.3379  -191.478  -4.66552  -3.30988  -2.50331  -9.63062  -9.33632  -4.43285  -6.17594  3.2837  -16.4741  -9.8583  -38.4834  
-1.35237  -3.97478  -8.05201  -4.88385  -1.76968  16.0529  -4.92789  -4.72306  -0.749022  -6.79028  -5.44678  -1.27143  44.663  -167.216  -4.46658  3.29245  -0.747283  -5.89283  -5.36516  -4.69308  -3.31591  8.88532  -13.8037  -5.27364  -89.5955  
0.696494  -2.87496  -6.3373  -4.77981  -5.4559  34.3283  -7.51272  -2.25052  -0.250288  -3.10359  -1.70246  2.86942  42.8997  -95.3707  -4.46564  10.3806  1.49903  -1.81137  0.663753  -5.26899  -3.19402  7.55544  -11.2172  0.733896  -132.703  
1.65808  -1.62918  -5.29709  -0.545848  -6.85116  23.8873  -7.38921  1.33369  1.12887  -0.700887  0.953168  2.49124  11.6932  -10.8796  -3.36999  12.1222  2.42907  1.02477  5.05327  -2.55036  -5.05544  1.41947  -7.53151  3.83492  -103.367  
1.11315  1.31257  -3.05847  3.85296  -4.67011  -7.30638  -4.21013  5.02051  2.55141  1.01373  2.37559  -0.474911  -38.8826  53.4044  -1.2091  7.62934  1.39825  2.27188  4.87897  3.05479  -5.51439  -3.43254  -3.30368  2.99683  -23.4992  
-0.00419973  5.71978  0.204677  4.31992  -1.18063  -32.1338  -0.201831  6.5309  3.12139  2.26612  2.68801  -2.50911  -78.5079  80.751  -0.0819805  0.596809  -0.338585  2.83094  0.658069  6.95923  -2.56648  -2.9094  0.0191748  0.842587  47.9902  
-0.368729  9.23288  2.39618  1.07497  0.967285  -31.5927  2.37377  4.89087  2.83417  2.66337  2.37206  -1.99567  -85.4475  73.1255  -1.47892  -4.28018  -0.960837  3.53711  -3.67004  5.62569  2.61799  1.25043  1.80269  0.65008  79.1563  
0.312431  9.20297  2.2201  -2.3826  1.44909  -11.4506  2.92537  1.33389  2.27005  2.21223  2.1349  -0.0510433  -63.0326  47.2379  -3.31757  -4.68287  -0.0802967  4.0192  -4.21951  1.07941  7.38924  3.61862  2.47491  3.14414  76.0181  
1.06001  5.27523  0.889749  -3.356  1.76514  6.92682  2.27683  -1.88849  1.6688  1.9006  2.49106  1.28973  -32.2718  26.3174  -1.35981  -1.83785  0.933605  3.18078  -1.14652  -1.13137  9.89997  0.862251  2.49808  6.07351  57.3174  
0.88257  0.163205  0.573714  -1.75652  2.77536  9.63127  1.50348  -3.25797  0.762823  2.77035  3.35276  1.05572  -12.4027  25.4709  5.59873  0.9448  0.711311  0.856762  1.2949  1.57639  9.71599  -4.93443  1.82906  6.63265  38.6575  
0.0170554  -2.52741  1.66495  1.30301  3.60833  2.71829  1.16647  -2.80582  -0.496295  4.61724  3.9908  -0.233208  -7.60933  35.3999  12.9898  1.25558  -0.422731  -1.44967  -0.67725  5.87009  7.47551  -8.61439  0.513447  4.11209  31.2502  
-0.396732  -1.45482  2.4808  4.66988  3.12028  2.38221  1.20958  -1.65922  -1.47995  6.00655  3.51231  -1.35776  -7.90236  26.9599  14.3487  -0.558246  -0.923457  -1.98231  -6.00624  6.85586  4.71348  -7.09736  -0.671163  0.243642  35.6744  
0.20102  1.40521  1.73524  6.58664  1.67543  14.6968  1.2194  -1.03284  -1.47466  5.65613  1.68607  -1.34883  -0.314646  -14.2931  8.0154  -2.37444  -0.0458216  -0.706301  -9.75983  4.13908  3.25107  -2.06998  -0.732905  -2.6508  36.7478  
1.02728  2.84374  0.427533  4.99385  0.741434  27.6859  0.721273  -1.33717  -0.527804  3.54585  -0.517893  -0.0484628  18.9672  -60.6386  -1.02119  -2.85701  1.15165  0.686708  -8.49264  1.7321  3.75125  2.07614  0.466118  -3.59666  20.4048  
0.870744  1.47789  0.581677  -0.0913509  0.761438  24.5092  -0.57626  -1.98621  0.610734  0.744897  -1.46502  1.76023  40.0371  -63.7327  -6.34147  -2.59094  1.06531  0.841863  -3.80211  2.27638  4.91687  2.48409  1.96544  -3.18458  -2.03893  
-0.431888  -1.22592  2.51647  -5.21598  0.398152  2.71399  -2.56568  -1.92045  1.35239  -1.4705  -0.371849  2.7958  45.5375  -11.1669  -6.22278  -2.73782  -0.503325  0.225383  -0.13172  3.52371  4.81257  0.0165197  2.6369  -2.37769  1.80233  
-1.73388  -2.74488  4.22808  -6.27228  -1.5232  -22.2876  -4.52615  -0.537167  1.76483  -2.29306  1.59358  2.23986  23.751  50.3214  -4.04582  -3.01819  -2.06193  0.0888672  0.306067  1.72612  3.09758  -2.30329  2.2149  -1.49181  47.6581  
-1.7957  -2.02055  3.7554  -2.92731  -3.88786  -33.1498  -5.23424  1.66186  2.09643  -1.60284  2.16193  0.515925  -20.9983  62.9844  -3.44388  -1.93174  -2.06355  0.478655  -0.560448  -2.84004  1.40527  -2.51097  1.3149  -0.279611  107.036  
-0.536847  -0.215407  1.48618  0.903909  -4.06795  -27.4987  -3.76435  3.31307  2.2007  -0.120428  0.333405  -1.05362  -67.7527  24.3566  -4.39296  1.1602  -0.488307  0.227987  0.245155  -5.80419  1.29384  -1.27302  0.637964  1.31197  129.148  
1.01694  0.749337  -0.39589  1.52602  -0.994544  -17.4048  -0.625938  3.21975  1.80948  0.851208  -2.28761  -1.52058  -89.8433  -9.76228  -4.31323  4.90827  1.33221  -1.07389  2.78118  -4.28818  2.28031  -0.672164  0.372841  2.75327  92.4863  
1.84487  0.113036  -0.395899  -0.586694  3.27256  -14.2889  2.0477  1.36547  1.16805  0.504907  -3.0157  -1.11881  -71.2722  4.84701  -1.8771  7.15151  2.1892  -2.05724  4.05024  -0.556487  2.49394  -1.79227  0.327102  3.28525  27.5678  
1.78671  -1.27859  0.835248  -2.10789  5.50889  -17.6612  2.14589  -0.935845  0.974434  -0.489565  -1.04132  -0.706958  -18.2413  44.5169  1.286  6.81669  2.01984  -1.34102  1.59682  0.835282  0.941551  -3.62381  0.271296  2.48023  -15.7931  
1.38959  -2.11849  1.55345  -1.11187  4.55664  -18.5996  -0.260179  -2.04619  1.55323  -0.421572  1.63152  -0.568747  43.8018  48.7444  2.5049  4.55186  1.5766  0.212849  -3.4551  -1.38319  -1.28028  -4.22968  0.0653888  0.653312  -19.1961  
1.17415  -1.93497  0.898467  1.24598  2.13563  -10.8591  -2.59519  -1.34077  2.45402  1.66256  2.45797  -0.169094  86.7213  -6.01724  0.915716  1.71415  1.43407  0.142324  -7.2442  -3.99848  -2.04789  -2.75423  -0.346753  -1.14609  -9.80481  
1.18697  -1.26223  -0.500569  3.03071  0.581946  3.27152  -2.05765  0.466118  3.02593  4.80126  1.17931  0.763612  96.8812  -79.2333  -1.87149  -0.902997  1.50504  -2.44545  -6.87054  -3.48426  -0.0917527  -0.0572762  -0.724428  -1.86937  -24.3863  
1.13818  -0.764401  -1.53231  3.96772  0.414059  15.7593  1.60304  2.2124  3.07566  7.09669  -0.149399  1.44578  78.7249  -112.129  -3.48954  -3.19354  1.3599  -5.20426  -2.96804  -0.126  3.95686  2.35223  -0.468834  -1.46547  -64.6728  
0.787803  -0.503005  -1.70333  4.81562  0.372315  18.9725  5.73247  3.37045  2.66524  7.55185  0.191702  0.821154  44.922  -82.0824  -2.86792  -4.98605  0.776531  -4.8623  1.22087  2.67408  7.79819  3.74131  1.02642  -0.970831  -92.173  
0.159279  -0.107535  -1.21731  5.24578  -0.665458  10.4421  7.24699  4.03475  1.57612  6.62819  1.63336  -0.980342  6.43179  -9.1641  -0.803976  -5.73083  -0.068377  -0.960333  2.972  2.41037  8.65293  4.32489  3.3719  -1.26215  -67.0205  
-0.509372  0.490669  -0.482968  3.79908  -2.37589  -4.5622  5.39953  4.16444  -0.424493  5.24422  2.32527  -2.53789  -28.6469  70.3188  1.01597  -5.10455  -0.800783  3.48492  2.21823  -0.0731952  5.05909  4.39098  4.89104  -1.78652  7.77866  
-0.952812  0.782225  0.140875  0.252401  -3.58381  -14.9805  2.1222  3.33707  -2.73989  3.8847  1.52287  -2.72482  -52.3794  123.989  1.4309  -3.87203  -1.15019  5.20895  0.838878  -2.01654  -1.63149  3.69165  4.09133  -1.07389  83.6339  
-1.07195  0.207592  0.352851  -2.98282  -3.66902  -12.2898  -0.165275  1.50651  -4.02883  2.77902  0.327481  -2.04072  -59.1545  128.478  0.50481  -3.4516  -1.12747  3.9907  0.315578  -1.80157  -7.70945  1.92431  1.63244  1.24997  109.38  
-1.00791  -1.14223  0.0854066  -2.9585  -3.07912  0.491131  -0.811151  -0.367601  -3.52879  2.17644  0.112164  -1.91525  -50.9762  79.8243  -0.84465  -4.03856  -0.993223  2.25351  0.476497  -0.231898  -9.94228  -0.465292  0.0432197  3.43901  76.8446  
-0.993472  -2.50138  -0.293219  0.257495  -2.50584  10.2925  -1.05046  -0.99659  -1.95918  1.90864  0.893815  -2.84823  -37.6665  4.03433  -1.72329  -3.61943  -1.01441  1.93448  0.424037  0.817928  -8.51256  -2.29846  0.621435  3.29473  23.376  
-1.06969  -3.08547  -0.218354  3.12507  -1.85501  7.77558  -2.20968  -0.121364  -0.543934  1.14148  1.54239  -3.77019  -29.0587  -58.7688  -1.80138  0.0223764  -1.17049  2.49995  -0.0229442  0.507972  -6.68401  -2.68084  1.22431  0.823389  -8.03839  
-0.963815  -2.65711  0.473935  2.40253  -0.338504  -1.56106  -4.08414  1.07419  0.683508  -0.62778  1.21395  -3.4476  -26.5401  -87.8656  -1.23531  6.05858  -1.10081  2.16975  -0.327849  -0.281651  -7.10579  -1.84121  -1.43555  -1.3881  -6.75311  
-0.342968  -1.48576  1.30179  -0.942194  2.34429  -3.91037  -5.10856  1.15635  2.90223  -2.46129  0.149578  -2.16861  -22.7477  -90.862  -0.365489  10.2229  -0.436558  0.367077  -0.387185  -0.195594  -8.77098  -0.808409  -6.98049  -0.879368  5.93321  
0.749495  0.0556984  1.65821  -2.64376  5.03804  4.82007  -4.01993  -0.0251117  6.53338  -2.74825  -0.809947  -1.55784  -9.66727  -77.3119  0.360634  8.80861  0.747185  -1.60278  -0.777624  0.954476  -8.27302  -0.399663  -10.5738  1.92772  7.47942  
1.75207  1.67133  1.49652  -0.243415  5.75901  12.0214  -1.20869  -1.1915  9.77854  -1.2759  -1.0299  -2.61968  12.4639  -40.3284  0.416977  2.56274  1.83458  -2.12504  -1.66985  2.01154  -4.00561  -0.644496  -8.59713  4.23381  -3.19674  
1.99063  3.0051  1.31407  3.60895  3.72033  2.93588  1.63885  -1.00212  9.79661  0.180134  -0.311751  -4.2658  34.7261  21.8922  -0.461753  -3.97766  2.11373  -0.977446  -2.32865  1.96829  1.77366  -1.15007  -4.05165  4.05549  -9.70922  
1.28598  3.64908  1.44392  4.07782  0.635506  -19.9628  3.20676  0.548087  5.45713  -0.10793  1.18461  -4.18669  48.0655  78.5696  -1.86512  -6.9985  1.3809  0.654131  -2.29662  1.26713  5.35757  -1.72329  -3.49268  2.30134  1.23171  
0.136608  3.45814  1.57578  0.125011  -0.548732  -37.0214  3.6762  2.13685  -1.39486  -1.72241  2.83766  -1.32908  51.8839  83.0205  -2.81932  -6.44868  0.112485  1.53674  -2.50082  1.25833  5.57457  -2.44574  -7.70767  1.40681  24.9478  
-0.718544  2.81537  1.12892  -3.89883  1.33582  -32.1466  4.02656  2.33708  -7.43487  -2.805  3.56843  2.63394  52.2587  26.9013  -2.54302  -4.58105  -0.93274  1.38566  -4.02679  2.21992  4.56313  -3.22433  -8.36416  2.38404  39.205  
-0.903567  2.35751  0.0915252  -3.53242  4.16387  -10.4073  4.49226  0.731911  -10.3925  -2.49518  2.57709  4.68013  50.6106  -37.3934  -1.14206  -2.7066  -1.27475  0.704025  -5.83777  2.54639  4.68434  -3.50781  2.82795  3.84873  18.5466  
-0.592692  2.37397  -0.7418  0.036157  4.47214  7.62609  4.14462  -1.9078  -10.1606  -1.72067  0.368003  3.51459  37.6768  -50.6334  0.459034  -0.679688  -0.947759  0.0665041  -4.9165  0.488396  5.54536  -2.66904  22.045  3.86034  -45.2085  
-0.187905  2.55747  -0.55019  1.33872  1.08116  7.79813  2.16727  -4.16428  -7.95213  -1.50573  -1.2991  1.04961  4.71033  -14.7739  1.35559  1.25783  -0.318846  -0.224625  0.37134  -3.32376  4.77758  -0.744467  34.2107  2.06186  -128.025  
0.0827564  2.42708  0.51641  -2.03557  -3.34649  -4.11199  -0.800312  -4.66538  -4.89843  -1.46408  -0.997745  0.392184  -38.9168  11.84  1.45799  1.90716  0.225316  -0.037461  7.53563  -5.88372  1.34852  1.27223  27.9351  -0.270142  -178.573  
0.205711  1.87076  1.32358  -5.86808  -4.70498  -10.8097  -3.05076  -2.74744  -1.54187  -0.60757  0.72601  2.208  -66.8543  -10.5023  1.42071  0.587723  0.431673  0.552655  11.5686  -4.75647  -2.78333  2.10948  8.16714  -1.87632  -150.147  
0.153475  1.14715  0.900176  -4.69149  -1.56508  -2.6557  -3.50059  1.0248  1.75932  1.1527  1.69426  3.59123  -61.9635  -50.197  1.71755  -1.74376  0.192842  1.06194  9.73706  -0.89309  -4.69536  1.39495  -8.89268  -2.69184  -40.9021  
-0.197542  0.446131  -0.440067  0.880447  3.14292  13.3953  -2.67705  4.95719  4.42808  3.10348  0.366013  1.09252  -38.6698  -42.9362  1.84712  -3.37978  -0.43342  0.74979  4.45542  2.10051  -3.80524  0.0779781  -12.4737  -3.33648  93.9651  
-0.853058  -0.323955  -1.31733  4.94753  4.74551  22.3771  -1.93148  7.21499  5.78831  4.89976  -2.3934  -5.21109  -28.7967  21.7741  0.739684  -3.4609  -1.18869  -0.649158  0.937395  1.65841  -2.56116  -0.499386  -6.48332  -3.92905  178.417  
-1.48146  -1.2239  -0.72998  4.12604  1.36018  16.1338  -1.95631  7.07497  5.40825  6.57263  -4.10193  -11.2126  -41.6183  76.0888  -1.80472  -2.21016  -1.66352  -2.32471  2.03224  -1.06663  -3.72037  0.0214344  -2.20432  -3.77454  173.261  
-1.5741  -1.95116  0.836472  1.57496  -4.0863  -0.776711  -2.33236  5.2403  3.29226  7.33072  -3.24855  -12.566  -47.2991  49.6661  -4.31289  -0.347625  -1.51294  -2.90017  5.56071  -2.54434  -7.17673  0.783257  -4.89769  -2.17554  103.265  
-0.905738  -2.02317  1.87031  1.85865  -6.50022  -17.1414  -2.25775  2.94653  -0.113228  5.56465  -0.825305  -8.72834  -10.2386  -45.3227  -4.83192  0.955523  -0.708259  -1.7381  6.54399  -0.702215  -9.81561  1.01701  -9.96529  0.752048  30.3206  
0.20824  -1.32205  1.42524  4.27945  -3.46945  -24.2778  -1.34937  0.934307  -3.82862  0.862166  0.836166  -3.07599  63.4449  -126.505  -3.1777  0.485595  0.41302  0.287609  1.94869  2.91155  -8.65508  1.23186  -10.6945  4.10887  -0.447318  
1.17222  -0.307381  0.0668512  4.01376  2.43861  -19.7548  0.22049  -0.639888  -6.33025  -4.57247  0.542036  0.624323  122.931  -134.083  -1.47026  -1.30151  1.37623  1.58354  -6.3562  4.85939  -4.07852  2.60553  -6.39132  6.85159  8.17714  
1.60787  0.383154  -0.834508  -0.823435  6.20373  -5.99686  2.00329  -1.52968  -6.11628  -7.53139  -0.721418  1.37266  122.081  -90.3084  -1.74594  -1.5499  1.87099  1.46577  -12.8088  3.38885  0.270296  5.15375  -1.74689  8.24154  20.8442  
1.57121  0.496582  -0.517451  -6.25094  5.06736  11.1086  3.44816  -1.11687  -2.86183  -6.86066  -1.19451  0.924739  65.9982  -55.6599  -3.15045  2.35961  1.87096  0.825466  -12.3661  0.0456446  1.01619  7.13496  -0.39508  7.85513  11.1126  
1.33177  0.278146  0.587002  -7.31869  0.681875  22.6604  4.11129  0.859815  1.82032  -4.16314  -0.410939  1.49352  2.93311  -46.2469  -2.44896  8.66821  1.52757  0.956777  -4.54499  -2.13883  -1.51998  6.81626  -1.2947  5.54256  -13.9328  
1.03725  0.0926034  1.53608  -3.89697  -3.08206  20.2497  4.0046  3.57942  5.09296  -1.55501  0.473153  3.75998  -26.5071  -25.7211  2.084  11.2873  0.999775  1.85297  5.76833  -1.70188  -3.59879  4.51626  -1.14678  1.64761  -25.4772  
0.647848  0.0277102  1.79576  0.0913418  -3.89363  3.43251  3.61775  5.52081  4.85354  0.308484  0.29956  6.61348  -24.91  27.6768  7.83764  5.84517  0.397944  2.04212  11.5536  0.121909  -1.91465  2.29759  1.39501  -2.69834  -8.87994  
0.134003  -0.140831  1.45917  1.87925  -2.35448  -16.2421  3.36806  5.75816  1.35041  1.72428  -0.576865  8.25757  -23.4679  79.0868  9.89959  -4.40629  -0.172102  0.319857  8.75369  1.06777  2.98347  1.52152  4.62112  -5.76418  15.0824  
-0.364358  -0.582716  0.897156  2.04766  -0.372752  -22.8483  2.92685  4.67345  -2.97053  2.61442  -0.729191  7.5848  -41.1218  82.4675  6.17349  -10.6926  -0.578172  -2.54353  -0.62951  0.215706  7.22247  1.36561  5.93721  -6.14449  8.39081  
-0.616465  -1.09437  0.485345  1.96261  0.89808  -11.3462  1.48924  3.31043  -5.18661  2.80907  0.520981  4.95063  -65.7882  52.289  -0.204561  -7.67585  -0.711086  -4.15371  -10.0746  -1.38907  7.43549  0.122857  4.35292  -3.86688  -40.4784  
-0.506599  -1.18194  0.499355  1.55959  1.32929  5.3157  -1.09877  2.15049  -3.93964  3.17057  2.19002  1.86604  -72.8354  53.9319  -4.05219  0.479873  -0.550244  -2.82083  -13.5117  -2.17988  3.95712  -2.5138  0.996825  -0.674944  -93.7868  
-0.130147  -0.575846  0.962043  0.530394  1.03496  7.95593  -3.61662  0.801439  -0.45363  4.99897  2.77929  -0.186735  -53.5682  116.158  -3.27906  4.56007  -0.174232  0.533018  -9.64657  -1.67124  0.211815  -5.04671  -2.06252  1.12872  -95.0701  
0.2776  0.36081  1.49266  -0.0534208  0.298062  -8.10055  -4.29342  -1.16228  2.25657  7.9902  2.11953  -0.766873  -21.9458  178.118  -0.389583  0.450909  0.251693  3.0151  -2.28818  -0.513769  -0.810318  -5.94252  -3.45477  0.573829  -27.2704  
0.465099  0.86206  1.56794  0.901226  -0.0247501  -25.9599  -2.65334  -3.27306  1.7238  9.75427  1.55902  -0.436525  2.10648  146.921  0.811447  -6.59482  0.481327  2.47117  3.17665  0.648524  0.77554  -5.21694  -2.98863  -1.07831  61.9967  
0.320709  0.517637  1.08678  2.41426  0.988497  -23.846  -0.261193  -4.34474  -1.6763  8.30053  2.15771  0.0533994  10.3749  8.37756  -0.821885  -8.14669  0.326545  -0.38564  4.02483  1.77437  2.56884  -3.92345  -1.41183  -1.56677  101.588  
-0.0266267  -0.254154  0.551321  2.33799  2.9229  0.795746  0.695815  -3.64462  -4.75722  4.53593  3.13117  0.277553  7.77901  -143.782  -3.28089  -2.01274  -0.127447  -2.70762  1.77786  2.87145  2.77658  -2.60762  0.344727  -0.0320199  66.8253  
-0.297224  -0.616358  0.509138  0.144818  3.71384  26.3733  -0.248601  -1.87787  -4.47564  1.43461  2.65048  -0.00651392  2.12964  -200.988  -4.09799  5.72084  -0.514685  -2.31915  0.0915002  3.37398  1.87282  -0.90548  1.68899  1.89097  2.66555  
-0.301413  -0.150115  0.891872  -2.56751  1.61997  28.3761  -1.16751  -0.798276  -1.06284  0.722362  0.178614  -0.976575  -3.22162  -143.855  -2.7883  7.66699  -0.494536  0.329415  1.045  2.60621  1.4789  1.30473  2.50816  1.71731  -27.4015  
-0.127323  0.815332  1.10829  -4.26765  -2.43815  4.84848  0.168713  -1.64388  2.29288  1.13253  -2.5492  -2.36841  -7.63777  -46.5732  -0.801382  2.89395  -0.127429  2.94042  3.36027  0.816451  2.18724  3.07775  2.87694  -1.01434  -9.99498  
-0.0207282  1.60863  0.722471  -4.79694  -5.2018  -21.262  3.65147  -3.77599  3.09817  0.313487  -3.27629  -3.2825  -8.42782  8.82858  0.20282  -3.08602  0.172814  3.75178  4.14969  -0.707919  2.96123  3.34399  2.38275  -3.81736  10.8208  
-0.0721322  1.74217  -0.141902  -4.16445  -4.21414  -25.4989  6.56527  -5.03363  2.31321  -2.26817  -1.68688  -2.87937  -1.03667  5.68764  -0.303432  -5.13422  0.118465  2.81265  2.47834  -0.791581  2.5861  2.529  0.0735848  -3.64433  -7.63899  
-0.105408  1.04376  -1.09208  -1.78843  -0.479524  -6.30235  6.28512  -3.65765  2.7971  -4.94491  0.31436  -1.35671  15.9174  -17.0568  -1.63541  -3.55578  -0.109606  1.18949  0.815944  0.5161  1.32743  2.49175  -4.21615  -0.186905  -53.3401  
0.0775421  -0.337782  -1.87704  1.92758  2.44669  14.7096  3.06541  0.0276901  5.3796  -5.97398  0.747669  0.0846949  36.815  -25.9572  -2.63253  -2.00675  -0.0954218  -0.370169  2.30569  2.06112  0.732931  4.39092  -8.36999  3.54739  -72.5083  
0.415849  -1.7639  -2.30225  4.33439  2.08665  15.9044  -0.278791  3.89519  7.6032  -5.19727  -0.456544  0.446989  50.8508  -19.8036  -2.52291  -1.7766  0.289208  -1.61564  6.63343  2.63706  1.8205  6.93603  -9.18692  4.14623  -31.3823  
0.638863  -2.15788  -2.00857  2.77746  -0.549922  -2.65469  -1.38816  5.94954  6.74017  -3.52395  -1.7377  -0.0809254  48.907  -7.52389  -1.44778  -0.320016  0.719362  -2.13915  9.52549  1.9081  3.65965  7.33229  -6.16637  1.07426  43.7441  
0.574233  -0.807967  -0.714551  -1.79908  -2.2319  -20.6838  -0.634339  6.00797  3.20028  -1.59963  -1.77332  -0.466101  30.4903  9.04349  -0.290161  4.03927  0.789672  -1.3857  7.19652  0.470545  4.10074  4.13373  -3.21356  -3.06895  91.523  
0.347643  1.67859  1.20214  -4.94341  -0.919148  -19.1916  -0.171013  5.46993  0.032767  0.451557  -0.699592  0.0993374  5.94062  23.2135  0.177873  8.38888  0.473798  0.469757  0.97247  -0.752338  2.16647  -1.05553  -4.30434  -5.22734  72.6108  
0.228023  3.55961  2.68959  -3.40962  2.30972  0.65303  -1.09161  5.55834  -0.629647  2.30706  0.364515  1.6515  -8.96071  11.4066  0.0694373  8.11159  0.116994  2.178  -3.53985  -1.23352  -0.523784  -5.0351  -7.07325  -4.39904  3.46038  
0.317721  3.4673  2.91202  0.953925  4.52419  19.6132  -2.30099  5.99104  0.291206  3.16195  0.554803  3.6586  -4.22165  -40.4097  0.172152  2.88391  0.0191563  2.45834  -2.36045  -1.14498  -1.25211  -5.92637  -3.29941  -1.64092  -59.7001  
0.472438  1.6597  2.15544  3.51803  3.77256  20.0096  -2.12406  5.43007  0.429609  2.30877  -0.0511467  5.36454  15.5262  -97.2304  0.863634  -2.28727  0.151889  1.23479  2.404  -0.974607  0.555841  -4.44651  11.5939  1.53709  -67.4704  
0.501603  -0.392993  1.58192  2.60694  0.660646  2.66945  -0.385317  3.11351  -1.12924  -0.12512  -0.625187  6.04073  33.6806  -92.9075  1.47155  -2.81554  0.284349  -0.518354  4.82594  -0.740313  2.36555  -2.53475  30.2698  4.08231  -16.0539  
0.355158  -1.52455  1.95745  1.15245  -2.42816  -15.0805  1.62725  -0.10335  -3.14264  -3.18816  -0.268119  5.37528  34.8243  -6.37564  1.03945  0.343325  0.249167  -1.91194  1.64255  0.132406  1.53675  -1.35863  38.0308  5.19767  50.6699  
0.0823922  -1.64256  2.76453  2.08383  -3.40791  -17.3401  2.91717  -2.40316  -3.93395  -5.74028  1.28535  3.83787  17.2371  97.7077  -0.386226  2.69597  0.00398006  -2.62798  -4.394  1.75517  -1.00043  -0.83685  27.2625  4.34533  80.0625  
-0.288876  -1.14433  2.79305  3.90575  -1.96859  -4.76568  3.67743  -2.59636  -3.12592  -7.12138  3.26828  2.31642  -6.5026  128.67  -1.60492  2.18073  -0.443824  -2.4205  -7.7752  2.74071  -1.54543  -0.416374  6.10024  2.01498  59.5522  
-0.726828  -0.213239  1.5936  2.87719  0.556189  7.94385  4.34471  -1.06938  -1.65816  -7.29716  4.25687  1.07273  -21.1599  68.6813  -1.56432  0.736739  -1.00701  -0.927928  -5.99926  1.15574  1.3222  0.328153  -9.58505  -0.139137  29.4391  
-1.1064  0.972862  0.0650784  -1.1052  2.48656  8.0421  4.33058  0.811483  -0.660118  -6.4884  3.31764  -0.691648  -22.6086  -8.83064  -0.560496  0.15837  -1.45614  1.49238  -1.49944  -2.86498  3.72286  1.53952  -11.7209  -0.826548  42.288  
-1.23613  1.82332  -0.569467  -3.44367  3.01979  -3.44682  2.52039  2.02129  -0.590715  -4.74502  0.981689  -3.74659  -21.6492  -25.1503  0.177614  -0.559441  -1.51637  3.3809  1.59254  -6.04126  0.553193  2.72307  -5.88924  -0.768236  105.648  
-0.989677  1.79969  -0.175267  -0.737622  2.48194  -15.5549  -0.939415  2.58758  -1.15399  -2.01156  -1.08896  -7.31156  -33.8037  17.893  -0.0157952  -2.27668  -1.07209  3.46737  1.60147  -4.73108  -7.46658  2.68001  -2.45621  -2.09585  169.326  
-0.410562  1.23385  0.201014  4.18532  1.59716  -19.8548  -4.01971  3.05089  -1.65436  1.31469  -1.56901  -9.15942  -62.0632  49.6234  -0.50796  -2.35836  -0.27661  2.35265  0.117403  0.881013  -12.8966  0.700191  -4.84274  -5.61496  172.873  
0.322477  1.03537  -0.360141  5.34079  0.688063  -16.6527  -4.47283  3.50358  -1.51071  4.15045  -0.612768  -7.71084  -88.2332  21.6775  -0.231593  2.07425  0.580482  2.09694  -0.468246  6.15718  -9.30508  -1.80133  -8.11045  -9.15849  104.051  
1.0025  1.38581  -1.53459  1.21446  -0.414515  -10.0542  -2.21646  3.33881  -0.677767  5.30251  0.531678  -3.85505  -85.3719  -36.2522  0.930064  7.93612  1.28754  3.69373  0.578969  6.42435  1.00039  -1.79145  -6.94952  -9.41927  6.44308  
1.46491  1.24007  -2.12609  -3.15778  -1.82155  -1.68479  0.467153  1.96348  0.297463  4.54232  0.936864  -0.227586  -44.7051  -58.4334  1.8337  7.28824  1.7739  5.47944  2.19795  1.72904  8.90452  1.94897  -2.01223  -5.52911  -66.8756  
1.58482  -0.389403  -1.39864  -2.75443  -3.13136  8.27621  1.30269  -0.45503  0.70654  2.92542  0.824975  1.45653  9.63499  -21.33  1.13151  -3.13328  1.98168  4.75117  3.05263  -3.3857  8.23188  6.22175  2.13829  -0.279829  -97.3907  
1.27947  -2.93757  0.228853  0.760055  -3.63279  16.5778  0.384781  -3.06112  0.322866  1.79514  0.955578  2.01548  39.2833  37.9242  -1.37231  -15.7262  1.76125  0.933616  2.8683  -4.65812  2.03523  5.90038  2.87187  2.6221  -101.276  
0.575956  -4.714  1.73386  1.31324  -2.93909  17.8258  -0.187769  -4.94413  -0.280935  1.49032  1.43589  3.46239  29.8175  68.6194  -4.28305  -18.7222  0.982999  -3.46538  2.34042  -1.91971  -1.74716  -0.108052  1.60961  2.23442  -99.5211  
-0.308082  -4.82474  2.41951  -3.17447  -1.32812  11.194  0.925412  -5.55706  -0.100417  1.32492  1.47964  6.28539  6.26725  55.367  -5.5572  -9.39582  -0.211845  -5.33976  1.95375  1.72196  0.583294  -6.3974  0.908054  0.89136  -97.7598  
-1.02033  -3.98814  2.19508  -7.44099  0.481742  3.38388  2.4153  -4.64305  1.42842  0.843906  0.468626  8.55489  4.01649  16.365  -4.28528  2.57499  -1.35263  -4.07616  1.27148  3.47753  5.21689  -6.06006  1.37098  1.17621  -90.3055  
-1.32413  -3.13803  1.30558  -5.59853  1.82605  2.38514  1.82712  -2.32178  3.72327  0.663856  -0.960497  7.92325  25.9271  -31.0637  -1.87433  5.76716  -1.96525  -1.85973  -0.320201  2.93996  6.02848  1.5336  1.75123  3.05434  -68.9523  
-1.28349  -1.87535  0.174424  0.768423  2.45162  8.74704  -1.12578  0.651248  5.27984  1.6531  -1.27178  4.2509  37.9882  -79.1559  -1.15519  -0.783283  -1.96282  -1.08323  -2.13708  1.32175  1.15313  9.3331  1.03363  4.40205  -26.7783  
-1.08473  0.846268  -0.581498  4.36068  2.56362  14.8543  -3.48948  2.97187  4.9473  3.36953  0.353445  -0.104553  11.6223  -109.849  -3.5176  -7.83107  -1.58958  -1.93585  -2.0263  -0.0824979  -6.09474  9.82026  -0.48096  3.87362  34.7058  
-0.67334  4.60252  -0.454954  1.80105  2.57551  13.0891  -2.13525  3.76361  3.19411  3.87183  2.89862  -2.57832  -38.2244  -94.2118  -6.71119  -7.01745  -0.969492  -2.60956  1.61897  -0.440111  -11.2044  3.03784  -1.75996  2.42995  95.5816  
0.236005  6.99253  0.387058  -1.5653  2.67964  3.77557  2.31319  3.46331  1.90327  1.4358  4.30847  -2.72289  -67.1623  -26.5446  -6.24809  0.730523  0.07584  -1.53627  7.35272  0.503625  -12.0484  -3.70706  -1.97461  1.83018  122.755  
1.60205  5.94648  1.07237  1.32319  2.52768  -5.22221  5.61678  3.3698  2.49704  -3.41145  3.51115  -2.14918  -50.9548  51.5453  0.0630826  7.96079  1.53866  0.973936  10.7776  2.11804  -9.21254  -3.92634  -0.892027  2.22641  98.0687  
2.64196  2.25368  0.831406  9.24272  1.47397  -6.13593  4.49382  3.99969  4.1642  -7.7468  1.46115  -2.51607  -10.446  77.157  8.98945  9.27559  2.69602  3.24988  8.12938  3.00895  -4.58823  1.51414  1.11194  2.00777  41.8244  
2.35692  -0.986248  -0.214346  12.9876  -0.696029  1.14536  0.475143  4.26507  4.28168  -8.48913  0.018151  -3.89452  15.9908  28.5646  14.087  5.75342  2.52153  4.03569  0.207573  2.19079  -0.325052  6.27554  2.97874  -0.0139568  -2.71943  
0.687723  -1.57532  -1.29854  6.41503  -3.23816  8.39275  -1.80717  2.82202  0.973236  -5.15054  -0.0976731  -5.08834  14.9049  -43.9119  11.6032  2.22388  0.897584  3.45075  -7.6261  0.186765  1.84772  5.77448  3.43702  -2.93259  -12.7731  
-1.0974  -0.382537  -1.94041  -5.45643  -4.80065  6.48104  -0.0821566  0.146581  -4.74369  -0.520031  0.0708281  -5.11521  4.25209  -63.8308  4.05074  2.04435  -0.868621  2.45024  -9.9641  -1.4196  1.5951  1.13813  1.92658  -4.69771  -7.08569  
-1.56122  0.101435  -2.26403  -11.5882  -4.4102  -5.18664  2.90933  -1.34755  -9.62234  1.67859  -0.808288  -4.00708  3.24129  -4.06292  -2.37339  4.51266  -1.2416  1.7531  -6.01895  -1.57202  0.45999  -3.57149  -0.818966  -4.42813  -19.2488  
-0.640607  -1.01552  -2.40399  -7.08332  -2.25685  -16.8414  2.91899  0.142393  -11.1048  0.1986  -2.58815  -2.31307  9.65892  89.2288  -3.64175  6.08235  -0.188263  1.53136  0.215615  -0.524376  0.623927  -6.3368  -3.24238  -3.07896  -56.7729  
0.326189  -1.98337  -2.02468  2.17463  0.461973  -17.7143  -0.399109  3.48803  -9.5172  -2.54226  -3.73812  -0.357545  10.8616  145.501  -0.928191  3.71069  0.753629  1.71021  4.11986  0.893708  2.69965  -8.06143  -4.28438  -1.8273  -94.2378  
0.222913  -0.817703  -0.786563  7.0702  2.36515  -7.85307  -2.98277  5.46042  -7.30189  -3.06181  -3.14018  1.69254  6.64673  129.659  1.72936  -2.03649  0.344336  2.05129  4.25838  2.20184  4.94253  -9.33613  -4.18699  -0.550199  -106.588  
-0.567384  1.87096  0.945647  5.10081  2.66278  1.17885  -1.40584  4.02536  -6.33968  -0.662668  -1.38544  3.31218  9.90888  59.6774  1.85806  -6.62536  -0.848212  1.92571  2.35662  3.08999  5.00389  -8.5126  -3.89707  1.43891  -97.255  
-0.834272  3.24534  2.27853  1.12778  1.40274  -0.948407  2.74644  0.323  -6.2515  1.69238  -0.0679558  3.74508  25.5919  -19.3774  0.30535  -5.49283  -1.26128  0.582178  0.544695  2.87729  2.41728  -3.87586  -3.71213  3.53604  -86.0836  
-0.182116  1.59438  2.71894  0.188489  -0.728056  -11.0962  4.69715  -2.89055  -5.21219  0.77989  -0.0120154  2.87025  39.0656  -69.7035  -0.657293  0.889985  -0.37988  -1.92639  -0.454564  0.968326  -0.850638  3.1446  -2.92995  3.78011  -80.3615  
0.543006  -1.37718  2.5933  2.16148  -2.72168  -15.6635  2.18317  -4.23838  -2.07052  -2.91148  -0.547979  1.57568  31.1607  -80.8832  0.0252175  6.46579  0.676985  -4.32303  -0.885121  -1.93134  -2.40059  8.38486  -0.92429  1.14115  -68.3352  
0.508843  -2.24106  2.43443  3.66942  -3.56214  -5.82544  -1.94109  -4.55911  2.48814  -5.35024  -0.549229  0.839235  1.03563  -70.104  1.57137  5.12218  0.722571  -5.13996  -0.904408  -3.70117  -1.68441  8.92108  1.66497  -2.69999  -37.9631  
-0.00360798  0.232148  2.2841  2.99688  -2.66696  12.2626  -3.23212  -4.94643  6.61799  -3.41093  0.20028  0.420508  -32.1842  -67.156  2.6282  -2.86946  0.00103964  -4.24594  -0.408865  -2.66244  -0.234409  5.95425  3.32199  -4.73079  10.246  
-0.143245  3.44952  1.83875  1.26019  -0.337456  23.851  -0.714961  -5.09472  8.76514  1.53123  0.930385  -1.14034  -51.1825  -82.6959  2.49836  -10.7519  -0.351287  -2.95961  0.599532  0.308792  0.240686  3.12837  3.19254  -3.81667  67.822  
0.219914  3.65121  1.05706  -0.280718  2.21453  20.9658  2.57849  -4.10651  8.46135  5.04695  0.980088  -4.86401  -58.6479  -89.2013  1.29184  -11.6678  0.036636  -2.42226  2.16162  2.07311  -0.303949  2.64916  1.97684  -1.84118  123.086  
0.349686  -0.120083  0.233388  -1.95024  3.55524  9.87139  3.61079  -2.45098  6.17613  4.52144  0.569195  -9.80702  -69.5251  -52.5911  -0.396845  -5.07897  0.376323  -2.31344  4.47936  0.169849  -0.352286  3.63431  1.03624  -1.28841  157.691  
-0.189853  -5.06091  -0.432152  -4.16079  3.0733  3.28407  2.54487  -1.89334  2.92214  1.5853  0.358304  -13.4677  -86.7718  17.1315  -1.62915  3.18369  0.0216482  -1.51954  7.17099  -4.50788  1.34476  4.03217  0.911738  -2.19135  151.294  
-0.782973  -7.52556  -0.942188  -5.52875  1.56983  6.7769  1.56449  -3.20794  0.0655947  -0.590762  0.527622  -13.8048  -91.0062  66.1449  -1.28868  6.60532  -0.512892  0.171611  8.59749  -8.24307  4.2907  3.11497  1.02905  -2.24461  102.132  
-0.544612  -6.33216  -1.13376  -4.11928  0.750622  13.5119  1.59275  -4.59995  -1.13874  -1.16505  0.575502  -10.7035  -59.6854  59.7344  1.18233  3.60688  -0.299926  1.72354  6.99802  -7.84693  6.51369  1.64508  0.785617  0.0840977  38.6951  
0.432597  -3.17126  -0.649281  -0.333911  1.88733  12.1581  1.44641  -3.34498  -0.426605  -1.68491  0.0123475  -5.52632  3.63501  27.8902  4.89529  -1.61302  0.584968  2.25257  2.75906  -3.48634  6.21287  0.258651  0.41291  3.34813  -1.87881  
1.09093  -0.402231  0.43893  2.67047  4.64655  -0.841231  0.168213  1.01181  0.996037  -2.89011  -0.991565  0.437092  64.9669  29.8808  7.67225  -3.27143  1.01863  2.20846  -1.36675  1.76004  3.1256  -1.34249  0.475625  4.55403  -9.14513  
0.717416  0.97385  1.28227  2.17727  7.17033  -17.0754  -1.07405  5.59557  1.28633  -3.35451  -1.72359  6.60871  89.2116  73.603  7.66894  0.639269  0.30029  2.66692  -3.15634  4.885  -1.36045  -3.46596  0.91175  2.5534  -1.39918  
-0.172691  1.37719  1.0057  -1.11204  7.49822  -24.6491  -0.311298  6.74065  -0.370209  -2.12727  -1.53979  12.4525  73.5067  97.7603  5.15752  6.48186  -0.855943  3.80226  -3.54663  5.28856  -5.30342  -5.40746  1.03394  -0.602437  8.53409  
-0.517048  1.54443  -0.176261  -3.82188  5.2432  -20.0354  2.47537  3.51858  -2.9849  -1.21772  -0.316444  16.7922  47.9996  53.138  2.47423  8.55295  -1.17663  4.54369  -5.18965  4.3934  -7.4791  -5.94127  0.536775  -1.80242  32.0773  
-0.0367876  1.84421  -1.04608  -3.44542  1.91755  -10.8808  4.86856  -1.48325  -4.74839  -3.57471  1.47124  18.2768  43.3109  -26.1482  1.88434  4.86624  -0.426377  3.85683  -8.45056  3.52861  -7.96924  -4.59779  0.297152  -0.0366516  77.2915  
0.459397  2.36102  -0.72228  -0.701896  -0.432946  -7.02544  4.55148  -4.61626  -4.65376  -8.66884  2.93625  16.4667  60.0123  -57.7522  3.39524  -0.809734  0.291744  1.90271  -10.2381  2.69442  -7.64549  -1.97791  1.65783  2.70873  115.508  
0.121176  3.00851  0.336104  1.5631  -1.1078  -10.1743  1.75528  -4.30377  -3.02312  -12.0912  3.1969  12.2344  71.155  -9.66791  4.84412  -3.1807  -0.0890818  -0.241663  -7.59892  1.2613  -7.15239  0.990054  4.63927  3.47981  99.3205  
-0.868904  3.40466  0.895837  1.51032  -1.26512  -13.0615  -1.16591  -1.90247  -0.792253  -10.5971  1.94497  7.1541  51.2768  64.516  4.14504  -1.11652  -1.25415  -1.76717  -1.54871  -0.731638  -6.36612  3.64306  7.0361  1.11412  21.3145  
-1.4756  2.94861  0.319567  -0.0943654  -2.45213  -7.75932  -2.21596  0.0543051  1.21877  -6.21844  -0.20219  2.63785  0.325233  93.8333  1.27109  1.60909  -1.8217  -2.72033  3.89546  -2.42905  -4.7017  5.44316  5.92746  -2.75996  -63.769  
-0.994916  1.39127  -0.888836  -1.11066  -4.68164  6.35484  -1.33179  0.34684  2.27666  -3.52248  -2.04498  -0.49099  -57.7135  67.6649  -1.94775  1.36473  -0.942304  -3.5211  6.18692  -3.1419  -1.95737  5.73374  0.620734  -5.15122  -90.9239  
0.141131  -0.707833  -1.8144  -0.325484  -6.18871  21.8647  0.222569  0.0229877  1.64728  -3.09418  -2.67038  -2.04313  -94.464  30.4186  -3.62001  -1.35448  0.679795  -4.23852  6.3349  -2.95973  1.23821  4.19069  -5.97196  -4.18718  -50.8777  
0.857088  -2.29423  -2.01871  1.70777  -5.23253  29.1349  1.34871  1.09018  -0.69263  -0.0805767  -2.0664  -2.35865  -95.8183  19.6426  -3.14678  -3.40915  1.53091  -4.39388  6.36368  -2.29111  3.77237  1.55698  -9.74419  -0.624646  6.97342  
0.62964  -2.69248  -1.60657  3.61795  -2.00607  23.8282  1.66731  4.11062  -3.25016  9.28626  -0.903057  -2.03434  -68.8476  28.3311  -1.18193  -2.86051  0.940164  -3.34813  6.37762  -1.23441  4.85424  -0.487385  -9.49933  2.81767  31.0555  
0.0187901  -2.12349  -0.78564  4.26464  1.49356  11.3733  1.19861  6.99904  -3.62156  21.1366  0.123309  -1.46856  -35.7956  29.609  1.01172  -0.130637  -0.227304  -0.93839  5.3514  0.278827  4.55327  -0.613864  -8.0176  3.74265  13.0822  
-0.0510217  -1.32472  0.258724  3.19452  3.4035  4.01429  0.169784  6.59561  -0.601377  26.2496  0.628117  -0.618903  -17.8923  10.9757  2.07266  3.74018  -0.598064  2.04348  3.86718  1.85927  3.57273  0.857662  -8.22999  1.99512  -20.3896  
0.600787  -0.771061  1.12418  0.862564  3.49169  9.80625  -0.921579  1.82089  4.30415  19.5654  0.419928  0.653636  -18.4894  -22.5731  1.18682  7.68062  0.171614  3.95438  3.88321  2.64906  2.50842  1.93104  -8.95983  -0.424813  -41.0487  
1.19882  -0.293562  1.31243  -1.44629  2.68727  22.1577  -1.50531  -4.76058  7.84227  5.82384  -0.536836  2.06161  -20.8681  -59.4686  -1.0814  9.499  1.08136  3.3939  5.41226  2.17123  1.35344  0.672215  -5.98504  -1.23276  -33.8199  
0.94247  0.517597  0.829683  -2.45267  1.64929  22.9491  -1.45632  -8.97797  7.75528  -5.31132  -1.85919  2.92739  -6.09786  -87.2403  -2.70264  6.79629  1.00605  0.607046  5.4471  0.964642  -0.185176  -2.55735  2.26276  0.227091  4.53694  
-0.0398103  1.67553  0.412942  -2.2356  0.317764  0.0599191  -1.16457  -8.8215  4.45895  -8.64238  -2.72451  2.85669  25.1289  -92.0789  -1.70873  0.186807  -0.0233368  -2.3403  1.82774  0.0308324  -1.98414  -4.57556  11.7254  2.55086  60.3409  
-0.828273  2.58796  0.742865  -2.31478  -1.21057  -37.471  -0.85567  -6.02893  0.212136  -6.82817  -2.44729  2.24598  50.4971  -70.8689  1.78921  -5.86004  -0.930766  -3.2787  -2.72687  -0.290893  -3.25923  -1.82489  16.9014  3.47026  97.4136  
-0.745025  2.6045  1.46273  -3.9659  -2.07616  -64.8477  -0.129172  -3.81922  -3.03063  -5.0553  -1.17459  1.96436  49.0106  -42.4845  5.34279  -7.35456  -0.859734  -1.90067  -2.81481  -0.56164  -3.24773  5.90195  16.7251  1.58875  77.0168  
-0.0189879  1.75001  1.40556  -6.30417  -1.37293  -63.3832  1.42151  -3.56387  -4.8081  -4.54028  0.233452  2.49296  24.4515  -32.2453  6.27334  -4.94664  -0.0293055  0.214781  2.78457  -1.20263  -1.95662  14.1191  14.2216  -2.50457  -3.38359  
0.584063  0.828207  0.0631724  -6.53598  0.67481  -36.3816  3.21346  -4.01311  -5.60739  -2.56729  1.09601  3.4671  2.91445  -40.5345  4.09726  -2.31875  0.661056  1.54099  8.20868  -1.67875  -0.210515  16.8114  10.6571  -6.47524  -98.5497  
0.600484  0.627547  -1.41888  -2.69472  2.70038  -2.99873  3.84263  -3.37963  -5.79832  2.18849  1.53059  3.94001  6.09599  -35.2916  0.763738  -1.29947  0.636471  1.99749  6.41737  -1.21942  1.03865  11.4865  3.63721  -7.79622  -152.958  
0.19146  1.05984  -1.21256  3.6154  3.4372  19.8643  2.53552  -1.32896  -5.32862  6.50149  2.06411  3.06653  29.4464  9.25889  -1.33517  -0.995799  0.0872332  2.25223  -2.34763  -0.219355  1.28968  1.37274  -6.9039  -5.66209  -148.959  
-0.25642  1.25922  1.14101  7.83843  2.79535  28.4712  0.125575  1.25021  -4.15985  5.80093  2.80313  0.73516  48.1862  76.0108  -1.38486  -1.329  -0.472165  2.28617  -9.97496  -0.134189  0.640175  -7.5168  -13.9171  -1.69145  -113.248  
-0.585143  0.642827  3.94845  6.66848  1.60964  29.4776  -1.86997  3.53908  -2.59056  -0.212233  3.2317  -2.14499  43.249  119.856  -0.344439  -3.92963  -0.797323  1.52211  -9.26179  -1.54329  -0.221065  -11.4705  -9.11934  1.39399  -80.2326  
-0.838406  -0.255667  4.87595  1.63996  0.595965  31.0134  -2.93269  5.22116  -1.05846  -6.43356  2.84366  -3.97347  19.0545  115.518  0.382028  -8.12014  -0.976641  0.27534  -2.01635  -2.81862  -0.199828  -11.1903  5.94047  2.02153  -58.9589  
-0.978571  -0.328914  3.16155  -2.32649  -0.154882  36.3428  -3.75655  5.97053  0.17668  -7.25808  1.77371  -3.54746  -3.91583  82.6866  0.218547  -9.1705  -1.0865  0.0144036  3.24194  -1.59333  1.47194  -9.61683  18.9323  0.787666  -37.1662  
-0.876829  0.718967  0.224375  -2.17871  -0.79745  41.8636  -4.72512  5.37426  1.02844  -2.2829  0.631501  -1.20849  -10.9379  55.7608  -0.361004  -3.79484  -1.04055  1.50736  1.28865  2.18754  4.0374  -8.46532  19.4079  -0.631957  -6.52599  
-0.532912  1.79087  -1.7505  0.304013  -1.20441  39.4459  -4.79377  3.46386  1.39204  3.32262  -0.117995  1.19109  -5.21619  43.7884  -0.475108  3.9206  -0.750939  3.28926  -4.07524  5.39521  5.1856  -7.10101  10.1286  -1.21909  25.1948  
-0.115674  1.49496  -1.5957  1.18583  -1.06999  23.0018  -2.51583  0.86104  1.15475  4.15652  -0.468839  1.84965  0.837058  32.7323  0.390004  6.11994  -0.266588  3.02744  -5.27749  4.62416  2.87697  -4.16643  2.19575  -1.12978  45.2754  
0.256438  -0.248288  0.178515  -0.660421  -0.42679  -4.72491  1.92005  -1.86044  0.458678  -0.0178709  -0.639844  0.730355  1.62452  12.5886  2.02616  1.15917  0.300434  0.411696  -0.487991  -0.0413227  -2.43741  0.343993  0.458858  -0.860216  52.3697  
