-1.10541  0.0719172  -3.50465  -0.985466  -0.0759446  -0.913045  -7.05559  -5.00734  -1.92449  -2.37692  -2.63035  -3.10188  -1.73121  -12.7513  -44.5934  4.55766  -0.207341  1.71375  6.39525  -43.1357  -1.82743  -2.15801  -3.95474  -2.36354  -19.8305  
1.68458  3.12903  -0.694546  4.43056  -1.38752  2.89141  31.4816  4.63538  0.219443  3.41463  1.6349  6.69997  5.66282  -114.766  -23.7114  -2.57157  2.25551  8.30411  23.6115  43.1927  4.88427  1.52106  2.98024  2.68198  -61.5462  
4.04517  5.79387  4.39126  5.66963  -0.457796  4.28272  45.9585  12.0665  2.06856  7.0673  4.39878  10.493  9.81938  -118.975  17.6204  -1.95265  3.99726  11.375  18.8847  75.7578  7.73824  5.13981  7.75792  6.66838  -56.6542  
5.31098  7.255  10.3874  3.205  2.20292  3.14515  33.0038  15.3039  3.09299  7.60483  5.35721  7.46483  9.72906  -28.771  63.3067  2.41893  4.49515  13.0968  -7.37321  56.7854  6.75315  7.62038  9.43754  8.40576  -9.33018  
4.92698  6.82549  13.1937  0.837692  3.85058  1.54979  10.6344  13.5804  2.85925  5.74622  5.39586  1.96029  6.98213  66.8487  73.1899  0.23396  3.58169  18.6064  -34.0191  28.5652  5.17485  7.67371  8.54881  7.27045  32.9371  
3.1172  4.94025  10.477  0.646327  2.62487  1.59755  -0.447531  8.23063  1.61905  3.304  5.45811  -1.08359  4.097  95.6999  30.8791  -9.86058  1.63332  27.9573  -40.1701  13.9858  5.44097  5.49489  6.36766  4.08685  32.58  
1.02219  3.11554  4.4161  0.983704  -0.428733  3.70835  4.89673  2.13128  0.348726  1.79757  5.59279  -0.0555644  2.51752  65.1578  -31.6163  -17.1565  -0.352128  34.1584  -22.9667  -3.33436  6.65829  2.99574  4.07168  0.920513  -1.58425  
-0.0999282  2.5477  -0.502905  -0.387147  -2.63968  6.52872  15.2197  -2.1796  -0.0558857  1.42921  5.12921  3.37917  2.01327  25.9068  -62.9424  -12.959  -1.19118  30.5805  2.76436  -38.2971  6.27191  1.99359  2.36796  -0.413486  -31.0307  
0.0569332  2.78103  -2.02803  -2.78661  -2.58957  7.78406  16.6954  -4.0718  0.339238  1.37349  3.57753  6.78367  1.62851  3.43971  -44.0579  -3.23388  -0.469292  18.5391  17.4915  -69.5881  3.39717  2.42307  1.46741  0.282062  -30.6644  
0.653157  2.16078  -1.87713  -3.2537  -1.25349  5.44699  6.57897  -4.51144  0.575169  0.944616  1.2455  8.8199  0.896439  -13.3601  -5.35742  -2.30022  0.89283  5.3345  10.199  -65.414  -0.220722  2.72872  1.07828  1.74195  -7.77066  
0.6549  -0.214763  -3.01473  0.14605  -0.486188  -0.69211  -6.40232  -4.5192  -0.168591  0.27954  -1.019  9.27538  0.0903691  -32.2335  7.03807  -14.5602  1.39593  -4.22103  -13.9078  -31.1195  -2.24535  1.81668  0.546078  2.6806  15.2916  
-0.0825234  -3.20173  -5.91694  6.50776  -0.979978  -7.78451  -12.1662  -4.05529  -1.73133  -0.133359  -2.4892  8.36061  -0.345241  -38.4674  -20.2302  -27.2312  0.521237  -11.7128  -35.0717  -6.13666  -2.00575  0.165565  -0.637887  2.90155  26.1456  
-0.793631  -4.52939  -8.15271  12.8989  -1.9306  -11.0069  -8.26108  -2.51449  -3.28452  -0.263718  -2.92732  6.22205  -0.32661  -22.8979  -53.1208  -23.7498  -0.668476  -19.863  -32.8691  -10.2136  -0.618327  -1.04054  -2.26999  2.96076  27.8226  
-0.791195  -3.08752  -7.4402  15.9437  -2.21985  -7.43597  0.0182338  0.0238973  -4.36065  -0.564201  -2.51334  2.78639  -0.0855493  -5.2752  -43.191  -2.85245  -0.771139  -25.944  -6.30299  -13.9659  0.472494  -1.30892  -3.49058  3.04842  26.7822  
-0.247558  -0.148207  -4.3638  13.2832  -1.36659  0.662313  6.13736  2.27059  -5.25731  -1.25912  -1.62984  -1.88497  0.194202  -9.95429  22.9013  18.231  0.247287  -22.9078  20.8327  21.1889  0.655227  -1.07877  -3.56841  2.59358  22.704  
0.133137  1.84418  -1.59957  5.19516  0.546768  7.08739  7.67041  2.56414  -6.2936  -1.9446  -0.743646  -6.81002  0.535839  -27.5855  104.419  21.0988  1.01694  -7.45896  21.931  83.8969  0.192746  -0.883311  -2.62293  1.06585  10.597  
0.0437766  1.56286  -0.859469  -4.58803  3.17175  7.03091  6.42504  0.357857  -6.93746  -2.04398  -0.258748  -9.76099  1.07158  -20.7295  139.056  5.23692  0.506479  13.9816  -3.18401  113.421  -0.283285  -0.774359  -1.45519  -1.10341  -10.1101  
-0.0922913  -0.154664  -1.14666  -10.9571  5.76252  1.29501  5.3037  -3.06442  -6.09889  -1.47127  -0.315539  -8.48372  1.88978  27.3364  98.6097  -12.081  -0.62894  28.3452  -26.5274  65.2564  -0.252072  -0.587479  -0.708983  -2.7339  -30.4916  
0.246465  -1.39393  -0.355138  -11.4643  7.14813  -4.64893  5.74267  -5.37778  -3.38835  -0.676502  -0.688461  -2.67672  2.93442  82.0096  14.3791  -14.7882  -0.826397  25.8874  -23.2178  -35.1053  0.3303  -0.372974  -0.350037  -3.08217  -36.9962  
0.937426  -1.07298  1.89931  -8.19417  6.44687  -5.62354  7.25201  -5.07927  0.191321  -0.106035  -1.00817  5.30935  3.9165  88.4565  -54.4182  -4.46881  0.431122  8.54657  0.667055  -110.564  0.978299  -0.33442  -0.0302994  -2.61779  -24.6735  
1.30677  0.256858  3.59331  -5.06484  3.99712  -1.0307  7.91249  -2.78372  3.05199  0.176362  -1.06843  11.9475  4.28885  31.5295  -75.5612  4.09815  1.90373  -10.9318  17.7727  -101.692  1.18034  -0.49615  0.256242  -2.44588  -6.75536  
0.906199  1.31575  2.5544  -3.67672  1.28002  5.03762  4.98909  -0.601833  4.42989  0.327078  -0.890692  14.6116  3.49988  -45.3579  -66.2077  1.67963  1.97195  -19.0396  14.1222  -16.8636  1.10238  -0.690675  0.167953  -2.98927  -6.53632  
0.0173284  1.52558  -0.973929  -2.54808  -0.322718  7.38354  -3.3222  0.0433593  4.82963  0.35428  -0.521109  12.4569  1.4413  -84.0132  -63.1273  -4.61428  0.425061  -13.2369  5.34861  80.628  1.52899  -0.823575  -0.335434  -3.45781  -33.6137  
-0.666258  1.44611  -4.3239  -0.115568  -0.644347  4.03362  -14.7382  -0.031688  5.16898  0.0598648  0.0688133  6.34467  -1.27782  -66.6192  -78.2436  -1.0045  -1.39472  -4.24414  15.0592  126.681  2.83776  -0.923026  -0.675974  -2.7343  -68.6256  
-0.755036  1.88127  -4.87348  2.81088  -0.571754  -1.89718  -21.7838  1.1678  5.71138  -0.668854  0.793818  -1.07356  -3.60531  -22.7659  -89.6372  15.1225  -2.09788  -4.97469  43.0847  101.571  4.13966  -0.94547  -0.268812  -0.692155  -78.1178  
-0.471808  2.85427  -2.33466  4.13399  -0.942565  -4.53507  -16.2887  4.10887  5.96325  -1.59765  1.24306  -5.74985  -4.69047  10.7942  -72.4116  30.7422  -1.57713  -15.6987  62.6409  34.0656  3.91488  -0.760657  0.63201  1.53787  -48.564  
-0.31108  3.61911  1.24492  3.01924  -1.80189  -0.503669  2.57094  6.62405  5.34364  -2.16295  0.893834  -4.57839  -4.34577  26.6913  -29.0138  30.4495  -0.819398  -21.7517  47.9454  -28.3339  1.57819  -0.366934  1.13544  2.65325  -2.09509  
-0.512553  3.60883  3.49438  0.447036  -2.66269  7.24377  24.1342  6.0644  3.71864  -1.83469  -0.350557  1.32912  -2.99163  41.3073  14.2201  11.4018  -0.675412  -8.54944  0.937112  -53.8812  -1.69191  0.0437546  0.821614  2.33901  25.139  
-0.889468  3.03245  3.55227  -2.19471  -3.18461  11.4827  32.3611  2.39814  1.44468  -0.589955  -1.95105  6.42694  -1.2876  63.5967  34.3342  -14.8392  -1.04363  20.7845  -49.929  -41.0746  -3.88084  0.346283  0.336992  1.26772  18.7957  
-1.06735  2.39865  2.24748  -4.0118  -3.39001  7.69244  18.7067  -1.50047  -0.763201  0.909327  -3.12479  5.34858  0.158542  82.3154  29.5977  -32.8597  -1.17581  45.5284  -73.811  -10.6413  -3.80909  0.702115  0.494791  0.179773  -2.48561  
-0.828822  1.6988  0.766736  -4.30357  -3.33227  -0.949658  -9.55055  -2.93483  -2.01737  1.74053  -3.46732  -1.81003  0.85695  82.5367  11.8947  -34.5828  -0.534439  46.7475  -59.8408  12.2478  -1.9222  1.26069  1.00807  -0.737644  -11.1971  
-0.266984  0.466489  -0.576067  -2.68068  -2.83056  -6.44886  -34.0057  -2.14634  -1.75691  1.49916  -3.08775  -9.56714  0.615001  63.4494  -9.32313  -22.7094  0.724562  25.1652  -21.1226  12.9689  0.158971  1.70639  0.642321  -1.57847  0.0964689  
0.313971  -1.31029  -2.21951  0.00662222  -1.69411  -4.08269  -39.6435  -1.4982  -0.370502  0.655372  -2.21619  -12.7958  -0.104217  33.9889  -30.7846  -6.51124  1.97033  -1.51159  17.486  -5.60031  0.723931  1.37278  -1.13045  -2.16959  16.6924  
0.625771  -2.76132  -4.14618  1.72144  -0.146145  3.07632  -26.5528  -2.19684  0.901704  0.00912831  -0.941973  -11.5001  -0.219741  -0.820544  -47.3034  5.59205  2.63194  -17.4556  35.8199  -25.86  -1.09402  0.00590989  -3.07246  -2.06583  23.0055  
0.579578  -2.90722  -5.21118  1.28045  1.12888  8.079  -8.2089  -2.83641  1.12189  -0.212384  0.578006  -9.02938  1.06037  -39.0963  -48.628  11.5536  2.53426  -21.503  29.1275  -27.8235  -4.62442  -1.73822  -3.28902  -1.08715  18.4587  
0.324065  -1.71586  -4.08332  0.00717596  1.48013  7.55009  1.79257  -1.51436  0.733215  -0.55194  1.80572  -6.57361  3.12159  -71.066  -29.267  15.5807  1.89805  -21.4136  8.0254  -5.47526  -7.71565  -2.7218  -1.34945  0.318339  12.3225  
0.125921  -0.105068  -0.917692  0.42088  0.906335  4.13896  2.10973  1.34161  1.06065  -1.49243  2.08936  -1.46542  4.09814  -78.8654  0.212632  21.5768  1.1216  -20.227  -10.8012  25.472  -7.93258  -2.3304  1.16538  1.36498  9.95243  
0.168951  1.07292  2.38883  3.08869  0.189363  2.15561  3.07769  3.19159  2.45507  -2.59618  1.37562  8.51965  2.58842  -54.4612  17.1741  27.1877  0.500946  -13.0097  -15.9526  39.2354  -4.55374  -1.00083  2.35588  1.5701  9.58144  
0.396346  1.71719  3.7443  5.60999  0.290396  2.7024  13.805  2.36064  3.28563  -2.76898  0.473436  20.7832  -0.795101  -12.124  6.64437  26.0282  0.028509  2.88514  -7.03555  23.2585  0.466791  0.210745  1.83393  1.12365  10.5342  
0.538922  2.10018  2.72537  5.20312  1.4408  3.90856  30.3633  -0.0420786  1.37945  -1.45325  0.31605  29.7054  -3.85967  24.4914  -22.2422  15.8282  -0.543539  19.4353  7.54225  -9.6023  3.90744  0.540526  0.593762  0.676091  16.8991  
0.346212  2.20176  0.749162  1.81377  2.74467  4.45829  38.0085  -1.57546  -3.34495  0.6284  0.919952  32.5503  -4.89301  44.9832  -41.5014  1.93285  -1.34974  23.4864  17.1781  -33.9876  4.05535  0.077216  -0.480134  0.769473  29.9753  
-0.15382  1.81627  -0.498953  -1.98055  2.82915  4.92959  26.1402  -1.2917  -8.0861  2.07543  1.24869  31.6734  -4.07334  55.3164  -29.8795  -8.65867  -2.06105  10.4486  16.6226  -36.5687  2.09898  -0.46392  -1.32858  1.36113  41.6278  
-0.62529  1.1062  -0.578142  -4.0251  1.15846  5.54737  0.609168  -0.461262  -9.44367  2.07412  0.293007  30.1129  -2.7964  59.5815  5.79228  -14.3383  -2.00366  -10.4121  10.2117  -25.5254  0.666516  -0.460773  -2.02464  1.81131  41.3175  
-0.694033  0.577976  -0.307064  -4.62754  -1.19666  4.50798  -20.6996  -0.630982  -6.59912  0.978998  -1.73884  26.589  -1.91313  50.2724  35.3887  -17.6429  -0.807152  -24.5343  8.14551  -17.9792  1.20065  0.0609663  -2.17243  1.41397  29.6911  
-0.30105  0.376021  -0.556931  -5.38232  -2.34907  0.00970263  -25.2748  -1.72653  -2.09707  -0.219743  -3.45048  17.0838  -1.01553  22.2105  32.8518  -18.3593  1.01801  -24.4435  14.8683  -21.3944  2.865  0.533282  -1.49171  0.0871842  18.6745  
0.219653  0.0270001  -1.30849  -6.62802  -1.44074  -6.49687  -17.4655  -2.35679  0.694862  -0.793658  -3.52639  1.36989  0.668244  -12.7212  0.155018  -12.0154  2.31498  -13.6852  20.8127  -29.2337  3.86742  0.499149  -0.597255  -1.45624  13.0787  
0.424875  -0.841252  -1.70941  -6.80734  0.317836  -10.5591  -11.5714  -1.57245  0.648121  -0.674647  -1.9574  -14.2821  3.05564  -34.0869  -34.9572  2.51582  2.22791  -1.84142  10.13  -30.7412  3.27379  0.151058  -0.458114  -2.29668  -3.55412  
0.153137  -1.77527  -0.919506  -4.31299  0.767402  -8.87203  -14.8932  0.208477  -0.592884  -0.292013  0.0362091  -22.5491  5.11011  -34.8211  -44.9765  16.5415  0.95319  2.92181  -19.3835  -21.1365  1.47785  0.142426  -1.11717  -2.07714  -53.4931  
-0.349451  -1.92861  0.974514  0.488842  -0.88133  -2.7568  -20.3624  1.95177  -0.827899  -0.169834  1.15976  -22.3709  5.79543  -26.7746  -27.6038  17.8315  -0.493707  -1.62168  -46.7052  -2.20565  -0.631585  0.813661  -1.48301  -1.13026  -130.251  
-0.676569  -1.21659  2.74451  5.2939  -3.05147  2.8607  -16.4302  3.10164  0.371931  -0.534323  1.0934  -19.1653  4.97593  -23.0023  -5.80364  3.80448  -1.25759  -10.3399  -44.2803  21.4673  -2.35608  1.69717  -0.730517  0.0771678  -187.092  
-0.635865  -0.589329  2.81587  7.7863  -3.40273  3.81242  -1.36054  3.72263  1.65846  -1.1147  0.466864  -17.7697  3.34419  -22.6047  -3.79224  -13.8927  -1.34326  -13.2999  -7.83949  43.6984  -3.15396  1.92467  0.553982  1.33205  -172.913  
-0.397062  -0.913038  0.686317  7.45532  -1.39038  -0.0336713  14.5574  3.85683  1.8451  -1.38238  0.00625454  -17.0931  1.54909  -17.8534  -22.6001  -20.101  -1.36268  -3.24524  33.2903  56.4526  -2.66154  1.16366  1.00633  2.42317  -84.1879  
-0.296431  -1.81725  -2.33752  5.53983  1.11186  -5.22686  20.1843  3.23475  1.27303  -1.14687  -0.153875  -12.8891  -0.482548  -8.6117  -40.1267  -11.3469  -1.71611  16.7845  41.3844  52.398  -1.14624  0.00813633  0.102742  2.80697  24.1604  
-0.499057  -2.02137  -4.11422  3.22429  1.85742  -7.72647  14.069  1.6674  1.04648  -0.833159  -0.3895  -4.52423  -3.15722  -0.405602  -34.8918  1.66645  -2.10495  34.3295  8.46908  29.0591  0.101721  -0.666728  -1.31844  1.97245  85.9052  
-0.818266  -0.767375  -3.58646  0.342441  0.618391  -5.55846  3.78807  -0.584837  1.33929  -0.947469  -0.949004  3.35069  -6.03087  7.42742  -8.24053  7.11093  -1.84976  38.9797  -33.5035  -9.09021  -0.426838  -0.63533  -2.11926  0.22074  82.3985  
-0.8687  1.30061  -1.60869  -3.81624  -0.746305  0.352899  -2.48946  -2.96021  1.15029  -1.29835  -1.58287  6.31448  -7.37224  20.7493  19.2715  5.11755  -0.652728  32.4548  -44.0093  -51.7009  -3.04121  -0.438553  -2.00798  -1.23942  51.5958  
-0.44121  2.79313  0.252076  -8.59001  -0.479864  6.79465  -2.02419  -4.89383  -0.131245  -1.05275  -1.81504  5.37548  -5.55116  37.068  31.5484  5.70913  0.939771  24.931  -15.4684  -84.3569  -6.25475  -0.609065  -1.48369  -1.27907  40.4374  
0.213619  2.90605  1.42138  -11.693  1.19423  9.9109  2.79436  -5.78575  -1.50123  0.214016  -1.51559  5.01657  -1.08742  41.494  31.7889  14.9659  1.81475  22.1403  19.2413  -92.9159  -8.00836  -1.01213  -1.05424  0.034804  55.6661  
0.515792  1.99083  2.40181  -11.404  2.49978  7.63233  7.39604  -5.01988  -1.31345  1.75205  -1.09911  6.67394  3.21213  25.4706  30.8687  26.8757  1.15959  19.1893  21.4807  -72.2749  -7.47492  -1.11751  -0.887419  1.49193  65.6583  
0.0956872  0.957001  3.42612  -8.3982  2.11852  1.66475  7.30711  -2.56002  0.547568  2.27639  -1.06504  6.5694  4.72693  3.36218  26.8772  30.4331  -0.734036  8.74376  -12.02  -34.2838  -5.58327  -0.758907  -0.996383  1.95763  44.2307  
-0.745445  0.372074  3.69029  -4.7993  0.449307  -3.13532  0.425649  0.398838  2.09448  1.3711  -1.38564  0.816554  3.47852  -0.379811  6.29871  22.3981  -2.47877  -8.38932  -45.2154  -2.05225  -3.70711  -0.333125  -1.28492  1.43161  3.29876  
-1.20658  0.166304  2.33863  -1.70382  -1.03456  -2.6025  -10.8512  1.98994  1.25795  -0.0617741  -1.47764  -8.94137  1.69445  19.8744  -32.0092  9.6557  -2.61285  -23.7533  -39.4599  10.0706  -2.15965  -0.218339  -1.35875  0.834243  -21.8746  
-0.759496  -0.0130115  -0.118724  1.32429  -1.35293  2.4775  -20.3592  1.33486  -1.69562  -0.882806  -0.875575  -16.6589  1.07173  42.7459  -63.3158  -0.239541  -0.902918  -30.6306  6.74851  9.91306  -0.180285  -0.244298  -0.717963  0.853097  -14.0592  
0.25784  -0.336902  -2.01968  4.39557  -0.797127  6.29232  -23.0951  -0.444991  -4.21266  -0.938752  0.131903  -18.359  1.1431  45.4737  -58.4851  -7.37884  1.3315  -28.6487  55.1971  15.79  2.72603  0.0593088  0.592739  1.1852  7.00439  
0.922144  -0.639236  -2.23351  6.02282  -0.341406  3.31458  -19.5089  -1.39095  -4.01642  -0.942491  0.676516  -15.6681  0.488208  29.9915  -18.8121  -17.0967  2.34173  -19.3978  63.6141  31.8038  5.77361  0.780784  1.74208  0.937638  7.92178  
0.664379  -0.58533  -1.24087  4.68171  -0.530426  -5.6799  -13.7852  -0.850779  -1.34406  -1.34431  0.205387  -12.5703  -1.15318  15.1224  20.5462  -31.0351  1.5531  -2.76294  23.7513  40.8788  7.4121  1.42317  1.88707  -0.336007  -21.28  
-0.163081  -0.00354892  -0.280607  1.13758  -1.00095  -13.4014  -8.37344  -0.0565975  1.36045  -1.73937  -0.898701  -10.3487  -2.6639  8.85682  27.2761  -42.6634  -0.00264947  18.6264  -32.8987  26.9201  6.74918  1.42331  1.20016  -2.0971  -57.5305  
-0.731241  0.903663  0.0808302  -1.85532  -0.996889  -12.7155  -1.66527  -0.344673  1.79222  -1.50285  -1.67497  -7.09861  -3.11048  0.781328  6.6948  -41.8096  -0.88  34.5209  -64.3843  -2.15219  4.30464  0.72292  0.82206  -3.29857  -69.4384  
-0.646468  1.67595  0.203157  -2.29136  -0.210395  -3.85223  8.10974  -1.30858  -0.26161  -0.653082  -1.55394  -1.62396  -2.72297  -15.8797  -8.22049  -23.1503  -0.717832  32.5398  -53.2528  -21.1358  1.40704  -0.215482  1.63343  -3.33268  -48.2636  
-0.243287  1.95993  0.447171  -0.50071  0.953961  5.42586  18.4994  -1.34167  -2.92335  0.172996  -0.835835  4.09041  -2.14404  -25.5217  2.1941  7.52521  -0.37002  11.2309  -16.6501  -16.7134  -0.935633  -0.820078  3.14499  -2.47552  -13.7486  
0.0164639  1.76721  0.655812  2.05041  1.90221  7.23724  24.4694  0.108353  -3.80692  0.455428  -0.170618  6.95414  -1.45151  -4.45766  22.3077  34.7045  -0.606731  -14.9745  13.3383  -0.79096  -2.44967  -0.791299  3.81474  -1.46783  7.64567  
0.16914  1.38427  0.616981  4.35717  2.50114  1.22903  24.1613  1.62826  -1.83742  0.23652  0.268332  6.17765  -0.40887  46.9353  23.3087  43.3782  -1.05624  -27.2073  17.9699  7.08429  -3.20269  -0.272774  2.46227  -0.726519  7.32064  
0.572729  1.04653  0.550014  5.72473  3.11294  -5.29518  21.1683  1.51489  1.86443  -0.129418  0.951548  3.60668  0.728773  95.3119  -0.70402  30.87  -0.748738  -18.9434  4.54551  1.77395  -3.12109  0.186871  -0.551245  -0.0621216  -1.56148  
1.25404  0.75199  0.770086  5.13742  3.98182  -4.82081  19.5462  -0.0585889  4.70736  -0.368363  2.28196  1.17144  1.3076  103.087  -27.1161  9.39031  0.500731  -0.820069  -4.6346  -8.09346  -2.12926  0.00774922  -3.5005  0.86086  -1.12363  
1.75059  0.348296  1.14957  2.39519  4.74996  2.9222  17.9499  -1.1751  4.64436  -0.34597  3.86585  -0.583249  1.12736  63.7906  -33.8151  -4.8198  1.6951  10.8958  5.11318  -15.563  -0.512487  -0.787063  -4.64615  1.94424  13.3953  
1.66483  -0.25576  1.38147  -0.507696  4.73236  10.8983  10.7246  -0.323735  1.97731  -0.00375406  4.61768  -1.34787  0.670602  7.05357  -24.2627  -6.65477  1.76576  8.8299  27.2129  -20.4368  1.0288  -1.33805  -3.61145  2.59828  30.1037  
1.14035  -0.97103  1.56052  -0.811303  3.63362  11.8587  -4.41924  2.04643  -0.897365  0.510072  3.70228  0.0452784  0.338685  -31.0462  -19.2229  -5.25681  0.79939  -1.67991  40.9754  -20.8196  1.87047  -0.733568  -1.6013  2.20942  31.8447  
0.59303  -1.54701  1.94588  1.40887  1.86822  5.40776  -21.2792  4.24124  -1.82478  0.752653  1.37675  4.32364  -0.0694798  -40.7612  -28.4377  -11.1525  -0.158332  -10.0803  32.6032  -11.0262  1.91009  0.789367  -0.270411  0.636441  12.2894  
0.129371  -1.67543  2.19673  2.37256  0.131742  -1.93051  -29.5454  5.06009  -1.03706  0.327906  -1.13625  9.6524  -0.80141  -41.2118  -38.414  -22.498  -0.372967  -10.2971  9.59612  8.05374  1.48666  1.74741  -0.269403  -1.5639  -15.747  
-0.491247  -1.18261  1.53837  -1.19459  -1.2207  -3.42484  -24.3121  4.59407  -0.774869  -0.626468  -2.64903  12.057  -1.46529  -54.6387  -29.4603  -26.6384  -0.14218  -3.30494  -6.17496  23.6625  0.932967  0.93594  -0.856625  -3.29222  -28.3172  
-1.32798  -0.231539  0.0315574  -7.64979  -2.25729  1.25525  -10.6314  3.59989  -2.65968  -1.49843  -2.9143  8.76048  -1.46182  -80.7358  0.319584  -14.5742  -0.196859  6.4661  -1.92978  24.6756  0.346638  -1.04691  -0.944069  -3.50685  -10.413  
-1.97277  0.660454  -0.88491  -11.6545  -3.00955  5.92054  1.17814  2.63273  -5.63951  -1.82572  -2.55666  1.04268  -1.02851  -96.6009  31.8469  8.42126  -0.72521  15.2438  11.157  17.9184  -0.326675  -2.26266  -0.358596  -2.05751  26.8508  
-1.9598  0.975758  0.128614  -10.0206  -3.19264  4.13394  4.43814  1.75667  -6.79863  -1.69501  -2.19426  -6.56313  -1.25643  -81.5574  44.1674  27.1246  -1.23669  20.5245  10.5153  21.3773  -1.05144  -1.56364  0.12099  -0.0395733  50.8945  
-1.32777  0.66286  2.32583  -5.06598  -2.56032  -4.2369  0.442098  0.823927  -4.24996  -1.42697  -1.78706  -10.1223  -2.6935  -38.0785  32.9952  29.6628  -1.23606  20.137  -9.81769  38.2636  -1.70903  0.119173  -0.111677  1.03257  36.0556  
-0.589775  0.245559  3.21828  -1.4538  -1.44942  -12.4527  -4.42098  -0.216309  0.91363  -1.08714  -0.943641  -9.37002  -4.30024  11.9194  10.0577  16.7365  -0.761737  13.3142  -29.451  45.2597  -2.16544  0.945992  -0.747377  0.679265  -9.56038  
-0.168386  0.32917  1.33391  -0.712088  -0.713918  -12.9583  -4.9194  -1.13907  5.54361  -0.560871  0.29785  -7.21254  -4.32845  47.9781  -11.8064  0.557701  -0.196328  2.70491  -25.0233  15.2436  -2.35816  0.347164  -1.14603  -0.0627277  -47.8181  
-0.0367169  0.981564  -1.82966  -0.376969  -0.93908  -4.58671  -1.40188  -1.52605  7.17378  0.0698809  1.25476  -6.45789  -2.24188  65.8448  -29.2374  -4.72958  0.190266  -6.47958  -0.616245  -46.9739  -2.20348  -0.495058  -1.32023  0.0871907  -45.0619  
0.055203  1.6531  -3.27145  1.62881  -1.79291  5.84263  0.906074  -1.0883  5.86597  0.591237  1.30022  -7.19088  0.659577  71.5323  -44.5534  5.15087  0.364393  -10.8669  13.2343  -98.7814  -1.66573  -0.320573  -1.77342  1.01014  -3.95184  
0.195834  1.73027  -1.81186  3.67396  -2.29143  9.47757  -3.42401  -0.0131254  3.63701  1.12568  0.601382  -7.37311  2.66357  65.4195  -56.1547  19.9937  0.356792  -11.9287  -4.71067  -95.7197  -0.860652  0.626434  -2.34081  1.28238  38.5697  
0.293426  1.07275  0.572002  2.76902  -1.76916  3.75457  -14.8726  1.07331  2.37554  2.10422  -0.0798315  -5.59436  3.2988  39.5799  -56.3332  23.2983  0.217403  -13.4438  -37.259  -36.046  -0.0493441  1.06499  -1.89387  0.0610649  45.6575  
0.325985  0.0111192  0.94548  -0.777181  -0.503065  -5.04597  -27.5038  1.55591  2.31362  3.48555  -0.271842  -2.69671  3.18342  -6.66604  -39.5252  8.07609  0.104867  -16.0721  -44.7528  33.4847  0.645992  0.41242  0.236851  -1.60094  14.1394  
0.393206  -1.04908  -1.41975  -3.12569  0.669218  -7.93189  -33.0228  1.2566  2.25965  4.29841  -0.251833  -0.452476  2.67727  -54.956  -10.8906  -14.598  0.180918  -15.5783  -11.1362  59.189  1.34951  -0.510787  2.76537  -1.82139  -23.6112  
0.500483  -1.93816  -4.31315  -1.71534  1.25262  -2.09085  -26.8819  0.344819  1.07246  3.45724  -0.50319  0.934196  1.50901  -79.1384  15.7583  -25.5208  0.326618  -7.35502  34.5222  28.9794  2.18808  -0.599958  3.29517  -0.125338  -29.3325  
0.45532  -2.63946  -4.91455  1.30759  1.43142  6.625  -11.0137  -0.930691  -1.12792  1.09725  -0.948317  3.32141  -0.147047  -69.299  28.0256  -16.1153  0.145886  7.06042  48.1205  -19.3562  2.88665  0.131019  1.0183  1.97619  6.4822  
0.0863133  -3.09012  -2.58518  1.98135  1.54826  10.0576  9.06309  -2.37473  -3.10329  -1.29819  -1.04319  8.32602  -1.08573  -41.44  23.0273  4.04207  -0.603377  18.6504  18.6367  -38.9656  2.79072  0.615864  -1.90568  2.77035  54.6235  
-0.515604  -3.19528  0.713251  -0.037561  1.49926  5.89315  28.3665  -3.74989  -3.70836  -2.33163  -0.603475  14.8137  -0.342363  -21.0065  6.80332  17.1054  -1.65328  16.9496  -21.403  -20.741  1.44984  0.0766383  -2.39391  2.09443  69.9437  
-1.06652  -3.03768  2.423  -0.889804  0.871947  -1.07143  43.4584  -4.7667  -2.91349  -2.03903  -0.188608  19.1357  1.22083  -18.8005  -11.2719  12.4965  -2.40077  -0.690852  -33.176  3.50246  -0.815608  -1.0814  0.128072  0.953408  30.0538  
-1.36305  -2.88299  1.73185  2.06214  -0.349292  -4.91454  50.7745  -5.07002  -1.66661  -1.57035  -0.436828  18.07  1.55158  -25.0509  -23.2478  -6.81152  -2.47531  -24.791  -11.7548  2.62414  -3.02396  -1.71225  2.91061  -0.0873292  -42.3098  
-1.40337  -2.81735  0.0491308  6.10744  -1.49168  -4.34797  46.4779  -4.21386  -0.866565  -1.75057  -1.13873  11.5243  -0.0806912  -24.8697  -25.1663  -29.7645  -2.03721  -39.4483  15.3464  -17.8386  -4.38432  -1.09665  2.80574  -1.29885  -96.4473  
-1.26153  -2.4155  -0.71268  6.05455  -1.78457  -2.2678  29.7854  -1.87223  -0.625274  -2.28872  -1.31976  2.52136  -2.0132  -13.5898  -19.6899  -44.5304  -1.48054  -34.4443  23.1979  -27.9781  -4.92552  0.363043  -0.332882  -2.61856  -98.5308  
-0.948509  -0.98972  -0.160747  0.650244  -1.15524  -1.24538  5.63211  1.51274  -0.508581  -2.35821  -0.343937  -4.97519  -2.27429  4.14023  -15.9453  -42.1226  -0.91898  -14.672  13.2025  -15.4542  -5.26594  1.46789  -3.6013  -3.0134  -60.9519  
-0.440011  1.59632  0.406488  -5.55373  -0.265466  -1.20758  -16.9123  4.39322  -0.218514  -1.54359  1.23555  -8.56228  -1.24824  24.0488  -21.7481  -20.2123  -0.104884  3.43585  2.07797  -1.50532  -5.66956  1.26472  -4.19752  -1.68129  -26.5966  
0.213678  4.39892  -0.0911697  -7.31643  0.23568  -1.10752  -29.5469  5.0686  0.214617  -0.10637  2.09778  -8.74031  -1.28722  44.0761  -32.394  11.8565  1.11008  6.91912  -2.36749  -10.5097  -5.44131  -0.0156943  -2.10467  0.495004  -24.3826  
0.848412  5.94435  -0.873513  -4.52151  0.321379  -1.05685  -29.4907  3.38127  0.844481  1.32133  1.39592  -8.40137  -3.55441  57.9088  -31.823  34.4734  2.33959  -1.51576  -6.93533  -33.4182  -3.5614  -1.03153  0.416393  1.57679  -42.3919  
1.25304  5.57753  -0.0648657  -1.65535  0.40159  -1.78467  -20.887  1.16925  1.93026  2.03113  -0.499941  -10.3864  -6.21592  53.1775  -12.6025  31.2051  2.86284  -7.41591  -17.0067  -34.9145  0.00760117  -0.613066  1.40605  0.796811  -45.3617  
1.26568  4.14366  2.72741  -2.00618  0.693367  -2.86036  -12.2437  0.489027  3.32604  1.50668  -2.41871  -14.3384  -6.40966  22.9148  5.28435  5.11919  2.33706  -1.27972  -24.3365  2.91377  3.71772  0.838938  0.783298  -0.518234  -13.7352  
0.861287  3.08447  5.23069  -3.96002  0.975355  -2.77362  -10.7792  1.48565  4.03126  -0.0807174  -3.36863  -15.9436  -3.56674  -21.3732  -12.8248  -20.4726  1.17017  11.445  -16.1117  55.1856  5.55155  1.58052  -0.356923  -0.685488  37.4707  
0.198322  2.78026  4.6351  -3.6419  0.925197  -0.965939  -16.6626  2.39117  2.95397  -1.63418  -3.06079  -10.5709  -0.0213578  -54.8704  -74.5389  -22.2132  0.0417308  18.7181  7.43624  79.6671  4.83463  0.567505  -1.23954  0.135044  74.5411  
-0.436444  2.12784  0.901123  -0.220635  0.512056  1.11297  -22.1902  1.69248  0.346778  -1.89733  -1.72868  1.23894  1.63466  -60.7565  -134.097  0.48964  -0.846071  17.738  30.1275  62.6156  2.92193  -0.974378  -1.84177  0.228751  75.6143  
-0.801914  -0.000463377  -2.7235  2.71558  -0.0474569  1.58924  -18.3612  -0.300217  -1.92422  -0.766272  0.236837  12.3891  1.02528  -44.7742  -123.388  24.2414  -1.76714  16.8974  35.4842  29.4472  1.89203  -0.743894  -2.2342  -1.24566  47.6165  
-0.865025  -3.07061  -2.91641  1.29549  -0.588756  0.479133  -3.77548  -2.15538  -2.02003  0.416536  2.39883  14.8375  -0.375972  -27.3931  -19.8372  25.0115  -2.69361  21.2256  21.675  11.2467  2.51299  1.62345  -2.10559  -2.92593  16.5875  
-0.783742  -5.15311  0.229029  -3.80994  -1.08973  -0.198243  12.7994  -3.0792  0.0283694  0.248657  4.24815  7.44598  -1.28678  -23.7851  118.285  2.54048  -2.9121  21.9415  0.178171  10.6949  3.52693  3.45712  -1.17239  -2.81235  2.39335  
-0.709397  -4.98904  3.34433  -7.13543  -1.46711  1.09113  19.9799  -3.38192  2.44428  -1.13251  5.31373  -2.22878  -1.60423  -31.8732  195.735  -20.3087  -1.82355  6.84326  -16.3611  6.72901  2.99602  1.83422  0.200866  -0.739753  0.318208  
-0.626214  -3.33843  3.33318  -3.37205  -1.47575  3.18826  14.3098  -3.53245  3.59026  -2.19222  5.41026  -4.62133  -1.72641  -39.0007  163.74  -21.6044  -0.00499865  -20.1838  -22.883  -12.145  0.285286  -2.67549  1.07312  1.41851  -12.7538  
-0.398968  -2.00245  0.389187  7.08829  -0.903787  3.24974  2.85131  -3.54305  3.30377  -1.78352  4.64519  3.00416  -1.82608  -36.8612  60.8122  -2.25029  1.07176  -37.3893  -21.1366  -31.594  -3.30164  -5.9983  0.742554  1.98155  -49.7266  
0.0256533  -1.83143  -2.59543  17.3053  0.138222  0.176536  -4.94445  -3.32622  2.24675  -0.416073  3.1762  14.2384  -1.98843  -28.2978  -27.9953  16.4846  0.656455  -27.6123  -15.406  -30.2136  -5.64297  -4.84479  -0.499554  1.24486  -91.1843  
0.47223  -2.16417  -3.23417  19.1447  1.19975  -3.70449  -7.13314  -2.95811  0.517528  0.468268  1.02916  19.3962  -2.35076  -21.8925  -46.8838  15.9934  -0.312444  0.858518  -9.20194  -7.12885  -5.52621  -0.510923  -1.46189  0.697321  -98.36  
0.610292  -2.10976  -1.77931  10.4724  1.76275  -5.24957  -10.2425  -2.14235  -2.41085  0.196446  -1.69444  13.5949  -2.56101  -22.6207  -6.62507  -0.90045  -0.324353  21.266  -3.82237  15.199  -3.42937  2.49002  -1.07457  0.869923  -53.1011  
0.200571  -1.70836  -0.226181  -2.50645  1.51429  -4.42533  -20.2684  -0.0102121  -6.36806  -0.562586  -4.41259  0.0208595  -1.56241  -26.8115  41.3571  -14.7972  0.781689  16.8866  1.50555  15.0863  -1.01046  1.3926  0.479338  0.655732  17.7177  
-0.654494  -1.50559  0.00502187  -10.6846  0.458307  -4.24689  -33.5899  3.74965  -9.73457  -0.806451  -6.09328  -13.2571  1.24181  -24.5136  55.5634  -11.1391  1.60634  -2.35902  7.15737  -5.6236  0.184873  -2.01701  1.68784  -1.09316  64.7504  
-1.47742  -1.46903  -0.804199  -10.1112  -1.05611  -6.28244  -38.5085  7.66011  -10.4695  -0.34042  -5.93082  -19.3575  4.6308  -9.14025  32.3222  5.08357  1.01544  -13.5446  11.2563  -23.3927  -0.293725  -3.78563  1.01085  -3.74388  64.2257  
-1.7291  -0.985346  -1.56933  -4.78852  -2.36539  -7.53602  -26.5457  9.19525  -7.83395  0.276939  -4.07301  -16.9935  6.16055  14.5666  -1.87735  15.612  -0.414915  -6.49997  12.0457  -15.8165  -1.66285  -2.27348  -1.52938  -5.14651  37.9886  
-1.26557  0.111926  -1.6829  -1.75712  -2.74083  -3.60362  -1.87405  7.1889  -3.01295  0.569922  -1.53659  -10.3129  4.64837  33.5563  -15.7323  8.99571  -1.21131  7.91852  11.4732  17.7244  -2.6847  0.48058  -4.13375  -3.80269  24.4036  
-0.4865  1.118  -1.35726  -3.91084  -1.89838  5.0418  21.5776  3.08785  1.80951  0.560067  0.683838  -4.60968  1.68214  39.4631  3.76222  -7.29865  -0.875503  12.6453  13.3779  55.6682  -2.69017  1.58223  -4.8192  -0.561231  36.4175  
0.0563122  1.33335  -1.11244  -7.873  -0.35016  11.8685  32.8366  -0.61337  4.79445  0.449837  2.31642  -1.50478  0.0163735  36.4826  42.6374  -14.9287  -0.256914  2.33276  17.2792  70.9104  -2.00702  0.534778  -3.26919  2.00202  54.1765  
0.197842  0.964138  -1.36299  -8.41341  0.884797  10.7495  32.2349  -2.94508  5.26849  0.286422  3.50555  1.91026  0.531935  33.4557  71.0501  -4.22022  -0.108638  -14.3474  16.7903  49.9624  -1.41896  -0.767681  -0.977664  1.91257  55.3436  
0.243471  0.810844  -2.26908  -4.04004  1.13254  2.94055  26.671  -4.85504  3.84765  0.105156  4.06955  8.84606  1.41483  28.242  68.7627  15.395  -0.0458023  -25.0765  7.16341  0.86839  -1.2593  -0.682812  0.473262  -0.440544  41.7692  
0.489329  1.22285  -3.49837  1.94905  0.668134  -3.90823  18.888  -7.2483  1.99916  0.137042  3.47686  18.0769  0.596418  6.66419  42.3635  24.9056  0.576532  -23.3675  -6.51831  -53.3407  -1.09347  0.378407  1.02306  -2.73388  32.4602  
0.786714  1.77978  -4.09249  5.26002  0.371427  -3.81576  5.58263  -9.27843  1.09813  0.530209  1.7213  24.1901  -1.61152  -36.7456  15.792  14.6235  1.2818  -9.83307  -13.535  -90.5223  -0.356464  0.897118  1.8014  -2.8257  37.7243  
0.715406  1.92324  -3.03229  4.78144  0.706625  1.6275  -13.6044  -9.15578  1.48097  0.929282  -0.148107  22.8987  -3.05845  -82.2337  3.17976  -6.84987  0.801433  9.37714  -9.97175  -102.658  0.889612  0.338102  3.35041  -0.573116  47.3285  
0.157499  1.4864  -0.292902  3.05548  1.15316  5.70121  -29.5157  -6.27499  2.33026  0.635128  -0.818306  15.3716  -2.65445  -98.4699  -2.54046  -21.6607  -1.11542  24.0789  -2.73475  -94.7287  1.97087  -0.297651  4.60772  2.21782  43.8168  
-0.465894  0.519528  2.83678  3.06686  0.82368  3.95448  -31.0532  -2.05458  2.63932  -0.656143  -0.0852225  6.62387  -1.80197  -75.6663  -12.2992  -19.026  -2.91952  24.5613  0.0922089  -72.7669  2.39337  0.11024  3.92084  3.49531  23.682  
-0.61364  -0.939194  4.79991  5.04752  -0.358793  -1.7573  -18.9922  1.51359  2.22864  -2.36285  0.837569  0.0986631  -2.4738  -38.1645  -20.0983  -3.54485  -2.80566  9.75134  -1.43689  -37.3261  2.28284  1.4067  0.916526  2.62167  1.62507  
-0.199767  -2.54562  5.11367  6.49826  -1.33988  -5.99165  -7.43801  3.70638  1.71194  -3.41443  0.582601  -5.0543  -4.40116  -17.9485  -11.576  9.77544  -0.800748  -9.0367  -3.72144  9.32335  1.93045  2.45772  -2.94738  0.607906  -4.20039  
0.359365  -3.46302  4.39337  5.27102  -0.973919  -5.30926  -8.40297  5.29051  1.59582  -3.13505  -1.0081  -11.4517  -5.06955  -17.5451  9.25296  8.36805  1.22709  -16.5477  -8.41414  52.7019  1.16769  2.5217  -5.73564  -1.01443  11.2779  
0.639583  -3.06692  3.23474  2.26585  0.633925  -1.15154  -17.2327  7.1683  1.70016  -1.70794  -2.87038  -19.3789  -2.60349  -9.4227  16.2825  -7.09963  1.70297  -8.2889  -19.1391  72.149  -0.307222  1.85467  -6.75141  -1.45318  35.8794  
0.600076  -1.88609  1.71087  0.641546  2.04138  2.00989  -18.075  9.08066  1.52578  0.0846266  -3.90802  -26.0501  1.92099  23.6332  -5.48388  -22.3194  0.988823  4.97711  -30.4289  61.017  -2.02658  0.97115  -6.72535  -1.00948  50.5271  
0.446169  -1.34932  0.180968  2.16106  1.82473  0.871733  -3.88252  9.65358  0.957892  1.41148  -3.84573  -28.4163  5.45119  59.1602  -31.2739  -21.5332  0.619105  9.08448  -29.8393  36.1605  -2.73396  -0.140329  -6.41524  -0.505679  44.2976  
0.241881  -2.24904  -0.194192  4.69472  -0.0136032  -3.84786  13.4389  7.52518  0.385164  1.75917  -2.99497  -25.9549  5.94991  57.8883  -17.588  -3.27308  1.21959  1.88528  -15.0196  22.0686  -1.66412  -1.6937  -5.35575  -0.47655  20.5307  
-0.137504  -3.68709  1.27121  4.17789  -2.01724  -8.14768  15.9829  2.51212  0.204365  1.13109  -1.57311  -20.6439  3.96316  14.0888  43.8606  16.3318  1.75776  -6.31904  -0.462497  25.1022  0.289006  -3.18424  -2.35656  -0.804482  -8.84212  
-0.65783  -3.96008  3.16156  -0.600801  -2.60512  -8.3626  0.662777  -3.95763  0.404012  0.131516  0.4296  -14.874  1.41161  -31.2252  105.148  18.9719  0.974269  -6.74563  0.79517  28.6852  1.30118  -3.41724  2.6252  -0.960844  -32.8853  
-0.927675  -2.45372  2.6753  -5.90656  -1.41988  -4.2831  -17.2692  -9.29576  0.591614  -0.282012  2.81986  -9.63981  -0.499772  -35.6906  107.402  3.43401  -0.852371  -2.61477  -2.69042  15.8858  0.5918  -1.80074  7.48787  -0.599055  -45.7627  
-0.540746  -0.311114  -1.26625  -6.70344  0.521355  0.947254  -21.5096  -11.0436  0.255237  0.475629  4.93427  -4.3301  -1.79839  -6.32545  45.4004  -12.4761  -2.02505  -2.8056  8.99382  -7.7375  -0.668266  0.667977  9.383  0.0194802  -44.2376  
0.375334  0.931684  -6.19089  -2.23695  1.84198  3.79115  -11.434  -8.41438  -0.964709  1.95908  5.91901  2.03703  -2.69807  9.00333  -23.4124  -11.1766  -1.33512  -8.40018  36.0903  -19.3095  -0.748606  2.12974  7.32759  0.214632  -27.0753  
1.11115  1.00427  -8.14664  2.83996  1.94144  3.13263  0.839766  -3.02908  -2.98062  2.96845  5.2996  9.18685  -2.86637  -17.4806  -38.6755  6.32084  0.488069  -10.5578  51.1657  -5.82618  0.609776  1.62565  3.19501  -0.383572  -0.545825  
0.995398  0.862012  -5.70549  3.35807  1.24327  0.568575  6.94632  2.10178  -5.02035  2.68761  3.33646  14.8783  -2.01042  -54.566  -0.11143  21.5254  1.4913  -2.54694  32.2719  20.521  2.02724  -0.113314  -0.244792  -1.29276  19.9522  
0.0645868  1.20256  -1.30849  -0.994994  0.515441  -1.40337  10.7739  4.81689  -5.91375  1.49214  0.954244  16.0995  -0.66389  -48.3155  35.5149  17.1775  0.598945  11.0667  -3.83508  36.4517  2.25398  -1.62698  -2.04714  -1.53772  20.8668  
-0.961349  1.51182  1.5563  -5.9345  0.0579496  -1.345  19.7257  5.18869  -4.95858  0.431741  -0.78734  11.6071  0.25363  8.02024  18.2504  -6.39192  -1.27018  20.2456  -16.6401  33.238  1.53775  -2.12145  -3.2946  -0.664933  6.50656  
-1.35453  0.805959  1.92508  -7.49668  -0.425575  0.401209  32.2321  4.66871  -2.59297  -0.0157223  -1.39938  3.41884  0.628236  58.065  -40.5305  -32.5556  -2.23879  21.5123  7.3529  23.1818  0.975928  -1.72929  -4.51564  0.712347  -1.46506  
-0.982865  -1.00828  1.60138  -5.51445  -1.23428  2.33702  37.7445  3.96154  -0.0354919  -0.313346  -1.35042  -4.2996  1.35819  44.8226  -80.4606  -42.773  -1.4343  18.252  33.8538  21.5691  0.942985  -0.815374  -3.90755  1.53776  12.3591  
-0.287114  -2.86776  2.25667  -2.18124  -2.09406  3.07532  28.387  2.198  1.79974  -0.959184  -1.65399  -8.04209  3.0314  -20.8674  -55.4421  -32.0009  0.262682  11.2749  22.2539  27.7063  0.760706  0.342742  0.576682  1.41365  35.5742  
0.204315  -3.64972  3.33476  1.25739  -2.30433  2.53732  7.20359  -1.50637  2.95178  -1.65606  -2.87566  -6.94084  4.63489  -70.2743  19.4726  -13.0348  1.31468  -3.41998  -20.5077  27.0046  -0.064634  1.16934  7.39457  0.896839  36.8745  
0.278603  -3.23447  3.16041  5.04972  -1.4767  1.96432  -15.7992  -6.16425  3.9013  -1.74436  -4.48466  -2.74702  4.2065  -55.2698  84.5144  -5.15868  1.09311  -24.4119  -44.4017  10.5483  -0.959142  0.809097  11.3031  0.714467  -0.657255  
0.0730504  -2.38324  1.4807  8.64221  -0.0104506  2.48229  -32.8339  -9.43586  4.6452  -1.27034  -5.27466  1.49539  1.09705  -1.13578  94.6992  -14.3116  0.23608  -38.0985  -18.4941  -11.8339  -0.930394  -0.854578  8.45822  0.960222  -57.3496  
-0.133192  -1.8258  -0.048286  9.63418  1.23852  3.58857  -41.6191  -10.1076  4.55796  -1.04525  -4.48669  3.20321  -2.83161  26.5439  59.7706  -24.13  -0.303334  -30.2171  27.0793  -21.5213  0.0753942  -2.46911  1.24366  1.18336  -93.1345  
-0.139969  -1.71357  -0.0430789  6.32026  1.68482  3.37839  -42.1797  -9.32437  3.24879  -1.47899  -2.45314  2.04341  -4.78575  -2.71911  26.2403  -13.5834  -0.226955  -4.45569  35.5959  -12.0169  0.971859  -2.28625  -3.65057  1.0038  -86.1095  
0.0371273  -1.8738  0.70225  0.685981  1.33393  0.611394  -34.3287  -8.7885  1.29916  -1.80007  -0.18187  0.610715  -3.88276  -53.5418  25.719  14.6207  0.108946  16.5601  -5.18322  3.6007  0.71486  -0.285986  -2.445  0.349296  -49.9365  
0.178937  -2.21031  0.131313  -2.65376  0.495899  -3.77489  -18.9242  -8.2524  -0.124386  -0.873488  1.55466  2.24781  -1.97154  -65.971  46.4591  31.1846  0.347794  12.6638  -44.6768  7.15532  -0.563035  1.33854  1.6848  -0.766927  -13.5693  
0.0572957  -2.63291  -2.39644  -1.19628  -0.563149  -7.57384  0.678508  -5.82829  -0.424262  1.29146  2.58495  6.80101  -1.3758  -16.531  54.6245  14.5402  0.465473  -13.1257  -29.9442  -5.26813  -1.64732  0.484271  2.86927  -2.25684  9.27613  
-0.32092  -2.7922  -4.93273  2.55161  -1.61565  -9.50107  20.2265  -0.841345  -0.159323  3.25858  3.01917  9.06352  -2.21688  66.1823  35.6201  -15.9681  0.512067  -38.1123  28.354  -20.9783  -1.46984  -2.26446  -0.0671188  -3.63046  27.2769  
-0.68743  -2.26878  -4.86752  3.79379  -2.33651  -9.99468  36.2468  4.56999  -0.32795  3.53853  2.88007  3.39738  -2.53242  134.656  7.11534  -15.9021  0.360918  -42.5326  66.7589  -25.3106  -0.0190045  -4.0745  -2.52332  -4.06564  51.7912  
-0.778727  -1.13672  -1.90477  0.833284  -2.42707  -9.77426  44.9303  7.3811  -1.16649  2.10043  2.20071  -8.99677  -1.04976  158.159  -6.2442  29.267  -0.0751462  -26.4777  44.7779  -15.739  1.68428  -3.11238  -0.629977  -3.19362  76.5598  
-0.606502  -0.154857  1.35232  -3.15446  -1.87461  -8.39705  41.2508  6.65392  -1.82474  0.354927  1.27199  -18.7872  0.955029  131.516  -1.07052  76.986  -0.552297  -5.43188  -7.83562  -1.80162  2.45718  -0.707402  3.24749  -1.68316  80.7359  
-0.394831  -0.10382  1.98021  -3.86897  -0.949132  -4.87638  22.1936  3.83205  -1.32221  -0.286266  0.503504  -16.675  1.15618  65.2467  7.4116  69.7704  -0.676164  6.53318  -30.2113  6.18432  1.78482  0.348909  3.45955  -0.644392  49.7859  
-0.272346  -0.950485  -0.185591  -0.801845  0.0838899  0.542418  -8.13169  0.530143  0.301896  0.269269  0.0139378  -3.36106  -0.832245  -22.874  9.58149  3.50303  -0.391767  8.33831  -6.36102  6.8065  0.072372  -0.706999  -1.33024  -0.391631  -8.4306  
