-1.42929  -0.731847  -5.08244  -1.66289  -1.21271  -7.61621  -7.01934  -7.11673  -0.536655  1.4599  -0.506037  -3.99718  -2.93642  -2.88297  -0.105975  -0.845962  3.55506  -0.108997  -6.20136  -3.28219  0.758234  -1.08117  -2.52311  -2.07027  -1.69736  
0.432312  7.10186  -3.40688  3.80809  -0.404428  -1.53974  9.68954  -0.232281  1.55451  -3.89574  -0.0347166  1.5735  3.36494  3.27815  -0.987503  0.468088  -19.9008  -2.14327  -4.02469  6.6864  9.0929  0.0528413  1.23509  2.67242  3.39202  
2.03532  9.04591  1.34724  7.07473  1.00195  3.81981  15.9337  5.79328  3.96088  -1.94406  0.296431  5.66893  4.31442  6.85059  -1.07983  2.02222  -23.8743  -2.16879  5.45797  11.6636  12.4541  1.06595  3.80046  5.79072  6.87432  
3.08063  5.09168  7.90926  7.9024  2.45341  7.60188  10.5634  9.69467  6.06417  6.82512  0.608169  7.08473  0.283176  7.03762  -1.14272  3.32026  -8.5971  0.0607696  18.8299  10.7964  10.9172  1.89363  4.60041  6.32484  8.89301  
3.39124  0.176008  11.8407  7.87607  2.72726  8.50873  1.75746  10.504  6.71408  14.5272  1.25756  5.71863  -3.5616  5.14886  -2.64516  3.49043  7.48874  2.87849  24.5283  7.3535  8.68079  2.52388  3.87978  4.64659  10.3534  
3.10619  -1.68512  10.5206  8.15249  1.51964  5.44942  -1.812  8.55999  5.56186  13.9322  2.44568  3.05634  -3.31762  3.19966  -5.34368  2.33507  8.69729  4.19076  15.504  5.09873  8.74134  2.94681  2.39244  2.39781  10.6596  
2.62743  -0.849555  5.85641  7.88732  0.127669  -0.387033  0.946708  5.39643  3.69955  5.79289  3.80922  1.23326  -0.0276335  2.17093  -6.52482  0.708329  -1.32466  3.33856  -2.63993  4.9815  9.69821  3.15012  0.902961  1.27568  8.05803  
2.27443  0.044423  1.87277  5.47675  0.115783  -4.71257  4.20092  2.51472  2.68247  -2.20899  4.47102  1.1986  2.69555  1.59644  -3.62982  -0.314216  -5.94956  1.71389  -16.7813  5.16954  8.28409  3.12167  -0.198538  1.58746  2.85828  
1.98933  -0.362825  0.6073  1.28055  1.38672  -3.37944  2.8199  0.428836  2.96347  -3.45142  3.65599  1.95526  3.15394  0.694117  2.35767  -0.472939  2.83231  1.50491  -18.3495  3.71324  3.94381  2.79883  -0.979734  2.15602  -1.13336  
1.44766  -1.62173  0.982105  -1.98172  2.00404  2.70276  -2.27191  -1.11345  3.48634  1.38222  1.38416  1.86038  2.53467  -0.455218  6.92977  -0.360773  13.5972  3.62672  -9.82507  0.806388  -0.261771  2.07039  -1.7207  1.78675  -0.205263  
0.474563  -3.22158  0.930647  -2.24388  0.309694  7.21324  -6.36865  -2.36811  2.82892  5.98299  -1.44653  0.510354  2.21156  -1.10505  6.33622  -0.551094  9.33128  6.73659  -0.713704  -1.37071  -1.13909  0.91787  -2.49532  0.653987  4.4083  
-0.664677  -5.02134  -0.421296  -0.832748  -2.9634  4.90416  -6.96389  -3.34417  0.610295  5.6955  -3.6642  -0.96581  1.74354  -0.945146  1.67833  -0.962412  -9.9628  8.3569  1.47633  -0.864837  1.16209  -0.377231  -2.97899  -0.0615356  7.00106  
-1.44911  -6.24199  -2.54652  -0.940813  -5.14003  -1.83437  -5.84176  -4.0707  -2.26462  2.01282  -4.55359  -1.41055  0.153882  -0.54833  -1.89876  -1.14307  -23.6075  7.12681  -2.85465  2.05168  3.66836  -1.29972  -2.77758  0.183914  3.53625  
-1.5799  -5.62132  -4.32023  -3.4688  -4.34314  -5.24632  -5.4787  -4.63246  -4.50038  -0.358587  -4.14527  -1.01  -2.04169  -0.578425  -0.478027  -0.934117  -12.211  4.06034  -7.1052  5.09886  3.97474  -1.50665  -1.98846  0.48984  -3.30562  
-1.24984  -3.32186  -4.5764  -5.77258  -1.56173  -1.76246  -5.36118  -4.92028  -5.33958  0.402811  -3.00349  -0.919704  -3.28498  -0.922658  4.49714  -0.615588  18.5449  1.59964  -5.68629  6.26417  2.53934  -1.17418  -1.29626  -0.380543  -6.49442  
-0.938012  -1.52609  -2.75277  -5.14056  0.285975  2.8674  -3.19607  -4.62567  -4.76677  1.49131  -1.86266  -1.78259  -3.13314  -0.930927  7.7528  -0.48936  40.6849  1.27572  -0.000885263  5.78905  1.65054  -0.848408  -1.33089  -2.3591  -2.37986  
-0.955999  -1.92731  0.229631  -2.3502  -0.666719  0.66171  0.987075  -3.64082  -3.17805  -0.277476  -1.29401  -3.00402  -2.97383  -0.34974  5.66927  -0.603648  32.8634  2.38403  2.91368  5.45065  2.59571  -0.893298  -1.95415  -3.98411  5.17868  
-1.20484  -3.11227  2.06721  -0.3687  -3.37866  -7.33902  3.82093  -2.28469  -1.09649  -4.17495  -1.40473  -3.51562  -3.98546  0.341894  -0.169462  -0.92838  4.24522  2.83579  -1.63155  5.77118  4.24717  -1.14186  -2.37448  -4.01051  9.04993  
-1.33494  -1.7949  1.02862  -0.238661  -5.10493  -10.5504  2.29882  -1.01191  0.965099  -6.41964  -1.63135  -2.89995  -5.01961  0.600141  -5.00908  -1.49676  -13.9719  1.17216  -9.86141  4.58505  4.48612  -1.13738  -2.0291  -2.78012  6.41961  
-1.10519  2.96108  -1.9342  0.0179309  -4.13695  -1.68255  -2.38768  -0.0932769  2.65858  -4.72192  -1.04276  -1.57855  -3.61344  0.416879  -5.82829  -2.15239  -1.08608  -2.24814  -13.0323  -0.566059  2.65095  -0.689935  -1.18924  -1.72871  1.05977  
-0.603315  7.7496  -3.81641  2.0307  -1.20429  12.5318  -5.95299  0.287194  3.85264  -0.71598  0.790915  -0.182567  0.681783  0.0355376  -3.84555  -2.35056  32.4168  -5.75322  -7.27877  -8.49491  0.262319  -0.120951  -0.558642  -1.65556  -1.88717  
-0.154389  7.97866  -2.75281  4.26415  1.61449  17.3752  -5.63874  -0.179946  4.47531  2.38038  3.15399  0.838154  4.93751  -0.536929  -2.53319  -1.58395  57.2188  -7.73721  1.46912  -14.2165  -0.813572  0.0688716  -0.399526  -1.8399  -1.90997  
-0.0371012  2.76011  -0.181932  3.91313  2.96801  7.00962  -2.78482  -1.60928  4.33865  3.34496  4.60716  1.02641  5.6102  -1.37082  -3.87919  -0.114734  55.1042  -7.58864  3.46569  -13.6916  -0.379998  -0.279127  -0.327932  -0.987362  -2.59941  
-0.248798  -4.17338  0.82898  0.854751  3.08753  -8.06288  -0.619841  -3.35387  3.4292  3.45817  4.31916  -0.0379124  2.52588  -2.114  -6.7456  1.03751  34.2191  -5.679  -4.62158  -8.38594  0.152442  -0.824339  -0.0115798  1.10306  -5.83507  
-0.518232  -8.40772  -0.77408  -1.81941  2.85793  -12.4659  -0.475894  -4.20793  2.33262  4.05688  2.84086  -2.038  -0.760667  -2.19272  -8.35044  1.1187  15.7926  -2.87265  -16.5067  -3.75112  -0.260422  -1.078  0.240043  3.05108  -8.59762  
-0.563479  -8.84742  -2.90734  -1.39768  2.46052  -2.91997  -1.09675  -3.52252  2.02116  4.69072  1.36915  -3.51393  -1.01519  -1.62688  -6.88835  0.512476  10.5659  -0.148651  -22.7002  -3.10231  -0.984546  -0.87293  -0.143556  3.15977  -6.52174  
-0.346172  -7.53074  -2.9221  1.62167  1.23993  9.26949  -1.14695  -1.93751  2.89315  4.03128  0.331823  -2.86473  0.949549  -1.22486  -2.91832  0.284978  10.4579  1.82744  -18.6093  -4.28732  -0.614297  -0.465762  -1.08768  1.18832  0.412489  
-0.086431  -6.39692  -0.658623  4.63105  -1.14658  12.0453  -1.22873  -0.721688  4.05388  1.83478  -0.926622  -0.189649  1.34633  -1.6161  1.20107  0.846113  1.50465  3.07304  -6.84222  -3.03838  1.09633  -0.210927  -1.75454  -1.29304  7.03294  
-0.0337914  -5.48278  1.62143  5.70926  -3.76315  5.42194  -2.70738  -0.481821  3.94105  -0.394091  -2.91642  2.22524  -1.97741  -2.35783  3.08394  1.37961  -18.2436  4.06665  5.89481  1.3979  2.88797  -0.194882  -1.52344  -2.40061  8.04216  
-0.228293  -4.16723  2.06296  4.55233  -4.9143  -1.1618  -5.24304  -0.767113  1.98226  -0.608777  -4.81938  1.9401  -6.84629  -2.44621  1.84652  0.795394  -36.3325  4.94147  12.6896  5.23129  3.48508  -0.207509  -0.880095  -1.76309  3.27826  
-0.495207  -2.90682  1.18953  1.50212  -3.7468  -1.45507  -6.51175  -0.938285  -0.418014  1.69776  -5.04124  -0.984867  -8.93317  -1.65332  -1.52118  -0.902907  -40.8135  5.05745  9.43337  4.66165  3.03197  -0.0575733  -0.897187  -0.734624  -2.42972  
-0.634528  -2.57258  0.853534  -2.83446  -1.21528  1.45539  -4.71411  -1.02795  -0.865552  4.45121  -3.00719  -3.79794  -6.10049  -0.877468  -5.07446  -2.48795  -34.4874  3.70708  -2.32245  0.205127  2.50884  0.179814  -1.82135  -0.812829  -4.30888  
-0.583842  -2.73728  1.80711  -6.76768  0.78688  1.55364  -0.864185  -1.4823  1.69604  4.34559  0.00069569  -3.88281  -0.220585  -0.922676  -7.1372  -2.77558  -30.9448  1.36109  -14.3121  -4.10518  2.29098  0.262813  -2.56689  -2.01451  -2.04897  
-0.402979  -1.8411  2.96101  -7.69466  1.2923  -1.68388  2.11271  -2.28711  5.53811  0.23997  2.0401  -1.58331  4.78688  -1.31996  -6.99671  -1.78513  -35.7321  -0.328296  -16.531  -5.1157  1.68498  0.0954902  -1.86815  -2.96449  0.911478  
-0.183254  0.44699  2.92611  -4.41714  1.03594  -3.80739  2.40866  -2.85878  7.29443  -4.64312  2.31636  0.256055  6.1321  -0.889218  -4.9447  -0.583737  -36.2611  -0.240183  -6.25226  -3.22986  0.195406  -0.149171  0.186563  -2.48543  1.68292  
-0.022426  2.13679  1.6281  0.838858  1.26812  -2.63369  0.990432  -2.83459  5.04627  -5.26972  1.54292  -0.424154  3.82053  0.602637  -2.07279  -0.155805  -16.7918  0.61093  7.98735  -0.910384  -1.40154  -0.249757  2.09198  -0.860291  0.75232  
-0.0232171  1.07641  0.181388  3.85316  2.09646  -1.13507  0.16371  -2.56815  0.492853  -0.564096  0.732565  -2.58413  0.0744294  1.87337  0.0958714  -0.546896  17.1459  0.0379048  13.6172  0.274587  -1.80103  -0.209906  2.39262  0.575975  0.731066  
-0.209882  -2.15781  -0.503282  2.60533  2.42663  -2.42518  0.922343  -2.55979  -2.30775  4.24659  0.170146  -3.42827  -2.50962  1.52757  0.419434  -1.03894  38.0008  -2.58844  6.34985  0.52563  -0.874004  -0.220613  1.0155  0.892338  2.99069  
-0.43839  -4.55862  -0.518468  -0.545691  1.53988  -4.66595  2.09376  -2.65366  -0.85216  2.81189  -0.327709  -1.79806  -2.84766  -0.22781  -0.91854  -0.947848  26.8491  -5.19392  -5.84148  0.470459  -0.059473  -0.377628  -0.860205  0.397956  6.22145  
-0.488203  -4.15966  -0.467744  -1.55393  0.195671  -3.51461  1.85969  -2.26359  3.02916  -4.89112  -0.727188  0.44959  -2.02424  -1.70158  -2.33649  -0.229468  -0.734415  -5.26966  -11.8087  0.0586064  -0.699666  -0.540092  -1.96868  0.0951528  8.25875  
-0.306846  -2.35078  -0.625998  0.503981  -0.293419  1.40625  -0.366413  -1.35225  4.59847  -12.0245  -0.852652  0.735522  -1.90931  -1.56738  -2.27787  0.558605  -10.0015  -2.92991  -8.90232  -0.841099  -2.3255  -0.515666  -1.82521  0.567764  8.47028  
-0.111022  -2.0166  -0.664806  2.26657  0.17599  5.17475  -3.50029  -0.694688  0.801217  -12.3865  -0.920744  -1.03473  -2.91631  -0.235032  -0.862221  0.781235  10.366  -0.705687  -4.39059  -1.46723  -3.04351  -0.323784  -0.758604  1.45306  7.7385  
-0.159569  -3.7412  -0.118755  0.321705  0.317025  3.49107  -5.85238  -0.910799  -6.60687  -6.9372  -1.39523  -2.25005  -3.42605  0.711648  0.184666  0.271352  31.6912  -0.219723  -5.75433  -0.53946  -1.67076  -0.183564  0.487993  1.87213  6.48165  
-0.439251  -4.80069  1.01565  -4.09517  -0.821351  -1.82164  -6.44962  -1.57932  -12.588  -1.52793  -2.11983  -0.753359  -1.73982  0.299651  -0.561513  -0.523058  19.545  -0.251667  -11.9074  2.10768  0.912077  -0.251474  1.1438  1.2357  3.82065  
-0.662709  -2.33343  2.07825  -5.8294  -2.49989  -4.93875  -5.50726  -1.72639  -13.4612  0.418641  -2.14456  2.37864  1.59954  -0.947778  -2.60972  -0.915323  -22.9832  1.08511  -15.2004  4.63675  2.71736  -0.443748  0.86742  -0.281586  -0.640573  
-0.610519  3.11682  2.14269  -1.68854  -3.16905  -3.01942  -3.99933  -1.04816  -9.68589  0.581592  -0.82916  3.8598  3.96987  -1.83245  -4.11283  -0.594722  -57.5066  3.13519  -10.6983  4.4923  2.62694  -0.556272  0.0708815  -1.89472  -4.95886  
-0.393318  7.75626  0.847328  5.2566  -2.47561  0.853098  -2.75004  -0.274326  -4.32057  1.56989  1.08878  1.91826  3.21254  -1.90313  -3.83547  0.0623656  -54.9477  3.31118  -1.40851  0.896269  1.19298  -0.494948  -0.380157  -2.75347  -6.27645  
-0.300105  8.26443  -1.04322  8.54899  -1.72441  2.00235  -1.95041  -0.181172  0.345078  3.07209  2.0938  -1.67707  -0.295918  -1.75577  -2.24626  0.290052  -26.4848  0.952374  5.87984  -3.95589  -0.465972  -0.329692  -0.148002  -2.4621  -4.26992  
-0.432488  4.89781  -2.10569  5.48392  -2.11712  -0.164603  -1.33861  -0.634539  4.09473  3.79007  1.67781  -3.7083  -4.11042  -1.99554  -0.779583  -0.370498  -5.07689  -1.07097  7.90166  -6.51036  -1.7729  -0.173441  0.0426626  -1.21798  -1.82767  
-0.583145  0.813857  -1.49145  0.169947  -3.03936  -2.1669  -0.780527  -0.842952  7.27608  4.88333  1.03829  -3.1446  -5.84311  -2.24962  -0.388405  -1.58525  -6.23273  0.260642  6.54719  -4.93229  -2.60456  -0.0793171  -0.835765  0.371576  -1.45857  
-0.497951  -1.34489  0.323939  -1.51268  -2.72964  -1.32227  -0.615965  -0.406095  9.16803  8.45322  1.59223  -1.95611  -4.78703  -1.60492  -0.85268  -2.41269  -15.4311  3.90469  4.58285  -0.626478  -2.38767  -0.0520614  -2.64755  1.57021  -2.07768  
-0.181808  -1.72266  2.16387  1.14996  -0.598016  1.1246  -1.25507  0.266347  8.54262  13.1501  3.01844  -2.23368  -2.04894  0.0803094  -1.23382  -2.11951  -8.77689  5.53912  2.48796  3.18561  -0.442332  -0.0823527  -3.83569  1.78762  -0.710461  
0.115078  -2.27308  3.31196  3.427  1.80461  2.18494  -2.57665  0.586033  5.5383  14.1169  3.37669  -3.30926  0.456209  1.66857  -0.827041  -0.907604  23.2573  2.77654  0.195005  4.31972  2.76874  -0.145725  -2.91807  0.949854  3.00658  
0.17647  -4.03893  3.78607  1.54045  2.48395  0.988134  -3.80405  0.510422  2.1465  8.62696  1.36611  -2.51447  1.40134  1.72399  0.111816  0.207305  70.4789  -1.86103  -0.390514  3.20705  5.08309  -0.21044  -0.134577  -0.233805  5.63684  
0.0203397  -6.01152  3.53481  -2.90592  1.31382  -0.683172  -4.09669  0.494278  0.437461  -0.0891288  -1.95534  1.38367  0.929763  0.0604914  0.512262  0.364179  109.062  -3.98749  2.82404  1.93936  4.459  -0.279167  2.62517  -0.618237  4.04342  
-0.163653  -6.59443  2.03398  -5.58634  0.13237  -1.31855  -3.18144  0.874451  0.515519  -6.18534  -4.09765  6.32652  0.216779  -1.89142  -0.366039  -0.287451  110.966  -2.39872  7.78237  1.98857  1.27507  -0.379798  3.59205  0.344163  -0.40461  
-0.214412  -5.67617  -0.797786  -4.84799  0.540523  -1.61  -1.36537  1.5464  0.626221  -7.4558  -3.72972  8.938  -0.0505704  -2.42638  -1.89348  -0.785026  62.6677  0.25333  8.24796  2.84858  -1.62068  -0.487421  2.61774  1.8535  -3.243  
-0.135121  -4.66238  -3.6278  -2.6391  2.09099  -2.93923  0.743041  2.15986  -0.705049  -6.67718  -1.87447  7.94118  -0.449976  -1.35466  -2.63076  -0.481403  -14.618  1.27386  0.555135  2.74931  -1.67431  -0.508124  0.916917  2.3495  -2.39326  
-0.0801731  -4.51842  -4.40167  -1.00273  2.96132  -4.83831  2.36694  2.41757  -2.86782  -7.03726  -0.476044  5.04113  -1.70806  -0.332313  -2.28443  0.225581  -70.5437  0.82169  -10.3944  0.565691  0.670885  -0.417489  -0.386692  1.09702  -0.541984  
-0.221395  -4.43293  -2.40344  0.219767  2.09937  -5.26705  2.62419  2.08876  -3.77467  -8.05296  -0.210997  2.62447  -3.19345  -1.17449  -2.56498  0.423819  -68.3119  0.481225  -14.477  -3.0288  2.56954  -0.365653  -1.16143  -0.966594  -1.19569  
-0.573472  -2.93364  0.778788  1.7109  0.26536  -3.41473  1.00658  1.02948  -2.28586  -6.78102  -0.19388  1.27549  -3.29664  -3.70513  -5.12319  -0.176211  -24.5574  0.41611  -6.85141  -6.10747  1.9513  -0.523064  -1.86653  -2.17914  -3.83674  
-0.921925  -0.116895  2.74  2.74188  -1.02813  -1.19033  -1.93197  -0.565758  0.272227  -1.70426  0.341235  -0.14316  -1.56144  -5.60233  -8.63745  -0.892895  3.69783  -0.616954  6.19885  -7.01605  -0.302746  -0.802243  -2.69229  -1.88416  -4.66536  
-0.984446  1.93179  2.52294  2.17225  -1.16617  -1.1183  -4.51919  -1.99696  1.26638  5.41837  0.823605  -2.50351  0.394861  -4.87405  -9.18617  -0.896218  -21.1953  -2.81987  13.924  -5.48222  -1.79318  -0.86484  -3.34331  -0.922694  -1.89063  
-0.706145  1.21659  1.20836  0.444582  -0.774171  -3.12621  -5.12532  -2.43378  -0.505969  10.9496  0.209478  -5.20768  0.690451  -2.4445  -4.56146  -0.184806  -76.1683  -4.43266  12.6415  -2.56313  -1.5888  -0.504743  -3.50638  -0.381429  1.64455  
-0.362614  -2.06394  0.434031  -0.930479  -0.716841  -4.30375  -3.53505  -1.64319  -3.50535  11.942  -1.37317  -6.89271  -0.601333  -1.61931  2.37513  0.428876  -103.263  -3.86014  8.35242  0.16776  -1.05912  0.0527757  -3.22396  -0.270294  2.10551  
-0.285922  -5.77398  0.750139  -1.60044  -1.17377  -2.17374  -1.13231  -0.220261  -4.9747  8.09099  -2.53222  -6.7929  -1.86154  -4.19178  5.93707  0.210022  -72.1902  -1.77138  7.50067  1.60724  -1.6418  0.362128  -2.74988  0.214169  -0.279519  
-0.470227  -7.97397  1.42643  -2.63198  -1.75942  2.29448  0.477744  0.985797  -3.76441  2.31752  -2.2586  -5.17666  -2.37171  -7.47715  3.61217  -0.741608  -7.99835  -0.184568  7.92689  1.75802  -2.74126  0.27802  -2.21274  1.29449  -1.64769  
-0.545333  -8.16097  1.42514  -4.3153  -2.12803  5.43187  0.916205  1.63385  -1.33175  -1.1709  -1.05637  -2.82065  -3.20439  -6.41239  -1.15568  -1.60813  41.481  0.181871  2.10947  1.61693  -2.63738  0.115122  -1.58356  2.00222  0.213104  
-0.205514  -6.67961  0.326634  -5.24102  -2.16881  4.64181  1.06339  1.9121  0.157697  -0.811133  -0.018796  -0.5113  -5.16383  0.774295  -2.89332  -1.61303  54.446  0.680618  -11.2942  2.17697  -0.916943  0.225263  -0.908284  1.23678  2.72869  
0.388105  -3.80434  -1.34301  -4.28475  -1.84379  1.02434  1.74455  1.88057  0.322336  0.289323  0.758246  1.04535  -6.71708  9.72414  -0.0806584  -0.765385  46.0344  2.65569  -22.8326  3.27096  0.877069  0.541797  -0.49263  -0.775881  1.79554  
0.713969  0.00428644  -2.46075  -2.46105  -1.2993  -1.91514  2.57938  1.19272  0.658599  -2.28425  2.15648  1.33313  -5.24381  13.7321  3.67244  0.0158504  40.6531  5.25849  -21.5134  3.5795  1.30567  0.666422  -0.665489  -2.43121  -2.74501  
0.416554  3.39139  -2.11215  -1.45851  -1.0755  -1.96313  2.48791  -0.305366  2.2168  -8.33329  4.40416  0.391423  -0.37858  10.4467  4.11391  -0.375885  45.2279  6.06084  -7.63892  2.13083  0.706672  0.359163  -1.43041  -2.29743  -6.3374  
-0.31781  4.70369  -0.470018  -1.13444  -1.68993  -0.251326  0.988688  -1.95501  3.84822  -12.2135  6.17099  -1.0394  4.89431  3.92514  0.83066  -2.06188  48.0661  3.74849  5.83142  -0.221422  0.511972  -0.195101  -2.26062  -0.563323  -4.63786  
-0.918339  3.53859  1.18003  0.20142  -2.76222  0.285664  -1.14611  -2.746  3.39173  -9.20061  5.82269  -2.02542  7.02956  -0.127307  -3.12175  -3.65356  35.6878  -0.211825  5.79888  -1.31021  1.18018  -0.616643  -2.41099  1.18913  1.56851  
-0.935431  1.1063  1.57689  2.96883  -2.91417  -1.79087  -2.56308  -2.39887  0.610346  -1.81546  3.29589  -2.17186  5.34967  -0.0264129  -5.08106  -3.23157  6.40823  -2.82194  -7.48588  -0.0420661  1.79231  -0.72393  -1.57301  1.56509  7.22175  
-0.405681  -1.22046  0.773412  5.37051  -1.12923  -4.89293  -2.39934  -1.6313  -1.75524  2.43623  0.196836  -1.8105  2.08203  1.36604  -5.1625  -0.284349  -27.708  -2.3756  -20.577  2.00214  1.49108  -0.626744  -0.22327  0.568756  8.26353  
0.21212  -3.26672  0.0561172  5.49273  1.7568  -6.01522  -0.730929  -1.14556  -0.424691  -0.233475  -1.93711  -1.50742  -0.640949  0.841153  -4.98891  3.37643  -46.9231  0.0438015  -20.7448  1.89087  0.686935  -0.517808  0.845248  -0.692676  5.18351  
0.429395  -5.47312  0.479462  3.44602  3.47356  -3.72962  1.52178  -0.76706  4.87472  -5.43914  -2.92664  -1.47116  -2.7736  -1.79935  -5.16458  4.98824  -37.0187  1.81845  -9.26043  -1.50294  0.347222  -0.476287  1.39243  -1.23234  1.4695  
0.123913  -7.31752  1.75796  0.675703  2.60211  0.32974  2.97278  0.0633822  10.7523  -6.11079  -3.43902  -1.45338  -5.0967  -4.43106  -4.73408  3.39747  -1.97336  1.55  0.100006  -5.95094  0.602033  -0.463007  1.93626  -0.898451  -0.298632  
-0.358599  -7.16189  2.71337  -1.83023  0.242727  2.85556  2.57815  1.14866  13.173  -1.11369  -3.72571  -1.12758  -7.02655  -5.31941  -2.76471  0.209237  35.345  0.386578  -3.18836  -7.8198  0.656546  -0.398889  2.86729  -0.0672644  -0.314947  
-0.508495  -3.92472  2.60121  -3.77024  -1.01501  1.91595  0.759813  1.52953  10.9753  3.64678  -3.47095  -0.504428  -6.88298  -4.32914  0.247392  -1.79644  50.5572  0.396973  -13.0801  -5.63147  -0.0613638  -0.219982  3.55898  0.945644  -0.425727  
-0.125531  1.49954  1.638  -4.36655  0.188557  -1.14159  -0.467941  0.741078  6.33325  2.8199  -2.65727  0.0221228  -4.35404  -2.24169  2.68496  -1.34188  38.2388  1.73301  -12.794  -1.41794  -1.14681  0.0806553  2.89642  1.91351  -1.98824  
0.451011  6.76785  0.397258  -2.63254  2.60201  -2.89735  0.675989  -0.351495  2.13061  -1.90441  -1.87036  0.02925  -1.45012  0.048706  3.23547  0.266107  15.0628  2.03703  4.21905  1.46232  -1.79323  0.394387  0.830432  2.36929  -4.87702  
0.62727  9.76076  -0.719733  0.943071  3.79026  -1.28293  3.30516  -0.390865  -0.602314  -4.22474  -1.52017  -0.502578  -0.22315  1.65293  1.92889  0.63785  2.14515  -0.823754  22.5461  1.61111  -1.76672  0.521351  -1.13733  1.7243  -7.67073  
0.133653  9.64361  -1.28001  3.89421  2.60204  2.14934  4.01453  0.896835  -2.65389  -0.919228  -1.20315  -1.10332  -0.200363  1.96435  -0.0216113  -1.16626  4.97759  -5.68271  19.8594  0.489284  -1.47767  0.325083  -1.60295  -0.0785406  -8.24774  
-0.665955  6.82932  -0.71351  3.88505  0.0430621  3.72647  0.312495  2.31803  -4.69362  4.71049  -0.272337  -1.25966  0.746958  1.34262  -1.34454  -3.58254  11.3537  -8.57107  -5.14106  0.29684  -1.24002  -0.105844  -1.11496  -2.21902  -4.94603  
-1.07997  2.56444  0.977921  1.21859  -2.02739  1.6265  -6.11995  2.39412  -6.14721  7.11457  1.11611  -0.951488  3.07989  0.972498  -1.84759  -3.98469  6.42058  -6.79048  -25.8685  1.47429  -0.801805  -0.47829  -1.61182  -3.57991  1.64274  
-0.749506  -1.46124  2.54037  -1.59507  -2.54319  -2.07277  -10.4478  0.766776  -6.06808  4.65353  2.01154  -0.632676  4.39619  1.54689  -2.51039  -1.31587  -13.1209  -1.94626  -15.0138  2.57175  0.249007  -0.534057  -3.79154  -3.69356  8.08288  
-0.000796033  -3.98774  2.24103  -2.74252  -1.65742  -3.77244  -9.36782  -1.49954  -4.64701  0.592665  1.77612  -0.64374  2.2905  2.3462  -4.24915  2.63784  -36.5461  1.81595  22.6656  2.24512  1.7531  -0.282175  -5.8153  -2.99398  10.2096  
0.479604  -5.06422  -0.244629  -2.81803  -0.126078  -2.38221  -4.32039  -2.78774  -3.29634  -1.04327  0.789585  -0.800255  -2.35469  2.07697  -6.40628  4.72886  -46.7804  2.41834  51.8649  0.76558  2.77965  0.0140741  -5.32359  -2.13205  6.70958  
0.332016  -5.75305  -3.00116  -3.25809  1.29929  -0.0476175  0.394428  -2.06541  -3.19037  0.424193  -0.132798  -0.73862  -5.99651  0.540563  -6.88515  3.45497  -31.0243  1.71875  44.1707  -0.520472  2.3225  0.0937305  -2.33367  -1.24843  0.455441  
-0.131015  -6.53335  -3.42052  -3.87707  2.07592  1.12674  2.41698  0.358712  -4.06835  2.28403  -0.73784  -0.570987  -6.06484  -0.966411  -4.20878  0.478951  9.2923  2.53571  8.96722  -0.704914  0.347742  -0.0519547  0.691923  -0.0624842  -4.28082  
-0.303647  -6.15648  -0.885895  -3.07339  1.92848  1.88452  3.15172  2.97459  -4.68441  1.57628  -1.40997  -0.859966  -3.07686  -1.06361  0.540268  -1.12283  54.5615  4.75888  -18.5091  0.118994  -1.90426  -0.202357  1.83951  1.44504  -5.80859  
0.0197987  -2.98203  2.34989  -0.399654  0.936958  4.34367  4.93458  4.14045  -4.27928  -1.97599  -2.31984  -1.78927  0.699127  0.186521  4.27625  -0.0721208  76.71  5.69825  -16.9489  1.36407  -3.007  -0.188787  1.824  2.69721  -5.87235  
0.408361  2.50451  3.3396  2.1234  -0.478646  8.37217  7.31712  3.42197  -3.36532  -5.76897  -2.93787  -2.59717  3.51418  1.47467  4.7166  1.93999  59.8052  4.06094  1.10194  2.31565  -2.88029  -0.119483  2.52314  2.95218  -6.51898  
0.304013  7.2483  1.47121  2.11932  -1.77216  10.9  7.47709  1.874  -3.01566  -6.72674  -2.61549  -2.19913  4.54455  1.65311  2.40075  2.37513  15.8312  2.06125  9.3197  2.08828  -2.92985  -0.239912  4.1084  1.99609  -7.16904  
-0.319023  8.21117  -1.04241  -0.312998  -2.50003  9.20709  4.16118  0.819913  -3.49145  -4.19501  -1.39531  -0.463926  3.32125  0.688725  -0.321384  0.68007  -21.393  2.45396  -0.480367  0.0404956  -4.35597  -0.581193  4.72002  0.349259  -5.71125  
-0.925095  5.11018  -1.8664  -2.66649  -2.42827  3.94833  -0.16181  0.457757  -3.8088  -0.56304  -0.0202916  1.42534  0.257725  -0.655193  -1.9288  -1.45131  -24.4968  4.20257  -13.4002  -3.16838  -6.52456  -0.84688  3.0912  -1.15428  -1.99925  
-1.03934  0.261259  -1.26508  -3.01175  -1.60592  -1.78811  -1.94373  0.00529133  -2.71546  1.21971  0.822567  2.10397  -2.62561  -1.62009  -2.80807  -2.38117  1.18372  2.89705  -14.0889  -5.42458  -7.46162  -0.72713  0.495782  -1.92345  1.18293  
-0.734818  -3.8782  -1.43666  -2.04974  -0.38724  -5.46701  -0.789145  -0.930098  -0.0693766  0.6271  1.12822  1.42232  -3.04964  -1.81113  -3.85222  -2.23059  20.4461  -3.83544  -4.72027  -4.87379  -6.04113  -0.278238  -0.620488  -1.85258  1.22535  
-0.415035  -6.16984  -3.13541  -1.67178  0.740096  -6.49464  0.309094  -1.70747  2.84638  -0.472414  1.37685  0.527648  -1.08246  -1.08925  -4.89268  -2.03922  2.90959  -12.407  2.04172  -1.88365  -3.1791  0.111132  0.428361  -1.20701  -1.03089  
-0.24512  -6.37226  -4.04837  -2.06241  1.51735  -5.40146  -0.815575  -1.67449  4.43204  -0.730849  1.887  0.533367  0.690069  0.383071  -5.02621  -1.87625  -42.5482  -16.0862  0.727554  1.26816  -0.648589  0.130713  1.827  -0.379111  -2.08863  
-0.032008  -4.69  -1.59543  -1.49147  2.10202  -3.15709  -2.35208  -1.31478  4.22194  -1.08659  2.36615  1.28884  0.389187  1.92548  -3.95328  -0.740379  -71.562  -11.8393  -2.68628  2.69021  0.941752  -0.16413  1.4914  0.291675  -0.0282503  
0.344162  -2.52454  3.04434  0.992205  2.77684  -1.289  -0.95558  -1.72085  3.18916  -2.62031  2.00264  1.60866  -0.559295  2.5387  -2.2479  1.65456  -49.1325  -3.56003  -1.7205  2.39911  2.29764  -0.473565  -0.566386  0.595059  3.12131  
0.622559  -2.29774  5.16178  3.5185  3.46788  -1.25843  2.9969  -2.89825  2.61349  -3.47663  0.0538617  0.640619  0.728959  1.71215  -0.600289  3.85348  9.34531  1.9986  1.9323  1.46138  3.90959  -0.565926  -2.49501  0.462807  3.81941  
0.45111  -4.79499  1.61639  3.22318  3.69995  -2.8019  4.63367  -3.27406  2.77489  -0.301311  -3.32737  -1.15306  4.41029  0.0161203  0.346783  4.0026  49.7953  1.87105  2.93867  0.416827  4.98225  -0.428615  -2.86083  -0.0656759  1.18708  
-0.144282  -6.91603  -4.99481  -0.00974578  3.0784  -3.74046  0.2704  -1.42462  2.91167  6.38794  -6.67724  -2.41382  6.99838  -1.35101  -0.559105  1.96838  36.513  -1.11514  0.985752  -0.803412  4.33462  -0.241023  -2.12768  -0.842334  -2.01188  
-0.78396  -4.03675  -8.56409  -2.92211  1.73745  -2.46274  -7.04194  1.961  2.33812  10.272  -7.88278  -2.21109  5.15242  -1.63666  -4.29018  -0.445215  -8.1628  -2.40776  0.803498  -1.84663  1.82622  -0.304015  -1.81107  -1.56254  -2.57795  
-1.19313  4.21938  -5.93424  -2.67677  0.180764  -0.27296  -9.72826  4.45471  1.11359  5.29993  -5.83099  -0.918702  -0.459967  -1.08181  -9.39667  -1.46241  -28.949  -0.645711  4.73103  -1.90026  -1.56892  -0.854323  -2.57833  -1.83382  -0.580129  
-1.40112  11.9686  -0.111057  -0.789564  -1.22123  -0.0996718  -4.03012  4.33339  -0.684403  -6.24423  -1.60524  0.181111  -5.85611  -0.431329  -11.2853  -1.08695  -0.842462  1.91441  9.13131  -0.989544  -4.76371  -1.69553  -3.47718  -1.41346  0.763704  
-1.40681  12.595  3.47364  -1.94093  -2.38319  -2.80606  5.26022  2.31752  -3.77053  -14.3044  2.20688  0.123601  -7.71425  -0.0593531  -5.81225  -0.698557  44.0872  2.89437  8.92098  -0.417756  -6.98559  -2.00794  -3.00531  -0.410848  -1.32132  
-0.898126  6.03984  2.89512  -8.31533  -3.1448  -5.80251  9.64362  0.630322  -8.68277  -11.3453  3.73394  -0.853234  -5.86982  0.248851  5.59594  -1.22184  56.7777  2.54102  3.20396  -1.20487  -7.3069  -0.870106  -0.733743  0.832738  -6.09241  
0.412568  -1.06407  0.906644  -15.6559  -3.01105  -5.76307  5.83719  0.652653  -13.5424  -0.928097  3.3749  -1.56123  -2.32721  0.761618  15.5233  -2.10037  28.21  2.74872  -4.73679  -2.45391  -4.95507  1.71757  2.22621  2.04681  -9.64357  
2.20448  -3.01859  0.749504  -16.2353  -1.54159  -2.07727  -1.3887  1.81853  -13.933  5.95855  3.00718  -1.01878  0.963544  1.29412  16.7929  -2.01846  -5.20215  4.26149  -11.2941  -2.14412  -0.672921  4.41445  4.2423  3.10279  -8.38627  
3.54808  -1.01864  2.32  -6.49476  0.94374  2.79774  -5.3764  2.69097  -6.76079  3.03169  3.67657  0.626144  3.08234  1.40033  9.44428  -0.414781  -9.25313  5.68324  -14.5964  0.328187  2.81357  5.47749  4.54407  3.71252  -2.37685  
3.64188  -0.514508  3.04971  8.4431  3.22949  5.79981  -4.83837  2.63362  5.25386  -4.76132  4.33602  2.32152  3.92886  0.887474  0.644419  1.84886  9.78741  5.27448  -14.0821  3.08375  2.9426  4.29219  3.6237  3.27685  4.54624  
2.49059  -3.8433  1.52884  18.4431  4.06079  5.47204  -3.91595  2.15003  14.1057  -7.65215  3.07045  3.13542  3.98031  0.0366441  -2.47401  3.2309  19.7129  3.11542  -9.70736  3.66149  0.0792846  1.86683  2.43546  1.38411  7.89155  
0.822507  -7.41544  -0.971859  17.0387  3.15691  2.55223  -5.93318  1.93229  13.0909  -2.45944  -0.621628  2.92991  3.99175  -0.593449  0.676376  2.86863  4.30706  0.988076  -2.06083  1.63532  -2.59678  -0.217661  1.45275  -1.42327  6.15537  
-0.566997  -6.30039  -2.40709  6.95923  1.31188  -0.586659  -8.92271  1.99846  3.31199  4.35681  -4.96378  2.05305  4.07382  -0.570203  4.85238  1.27123  -21.0495  0.186968  7.6697  -1.11417  -2.42913  -1.19626  0.55081  -3.68764  1.82066  
-1.32046  -0.156905  -2.21664  -2.74566  -0.449404  -1.20064  -8.04121  1.81203  -6.98586  4.72952  -7.33438  0.741529  3.17967  0.0575958  5.15794  -0.23883  -33.02  -0.13658  17.6492  -2.52712  -0.150593  -1.4101  -0.370209  -4.17882  -1.14373  
-1.50944  6.36574  -1.27513  -4.68898  -1.59674  1.5128  -1.37927  0.987504  -10.0691  -1.74811  -6.48241  -0.833603  0.258712  0.784745  1.62827  -0.831195  -27.4557  -1.99599  24.7518  -2.19644  1.21376  -1.48469  -0.989343  -3.0069  -0.854021  
-1.36113  8.23942  -0.415923  1.14106  -1.98179  4.89674  7.7686  -0.299883  -5.45076  -7.68087  -3.33566  -2.13248  -3.89362  1.09285  -1.88934  -0.849551  -18.5034  -5.94107  24.8154  -1.09755  0.0583573  -1.5885  -0.884688  -1.39823  1.2625  
-1.07342  4.51093  0.197914  8.68354  -1.43978  4.68874  14.2524  -1.4537  1.08254  -6.34754  0.089785  -2.47402  -6.7051  0.94719  -2.14688  -1.19599  -17.658  -9.7519  15.7437  -0.155079  -1.95248  -1.51451  -0.144441  -0.358724  2.30963  
-0.758656  -1.39481  0.593751  11.8368  0.0343041  -0.454919  15.8144  -1.91512  4.24244  0.995521  2.37519  -1.99063  -6.32498  0.780577  0.709074  -2.05672  -21.4798  -10.2824  1.23055  0.437683  -2.15712  -1.15695  0.551547  0.179068  0.666564  
-0.431183  -4.82719  0.69956  8.97945  1.78618  -6.7762  14.2411  -1.47026  3.90634  6.48074  3.40151  -1.93235  -3.59052  0.896125  3.95175  -2.46623  -18.9181  -6.71417  -10.2718  0.72803  -0.223946  -0.655453  0.511331  0.802288  -3.0455  
-0.0375231  -3.60377  0.68437  2.77779  2.72524  -8.77512  12.5313  -0.360197  3.19294  3.68516  3.73852  -3.30815  -0.803137  1.04157  5.03114  -1.32829  -5.84966  -1.79618  -12.1993  0.533538  1.44739  -0.161725  -0.319368  1.54359  -6.8958  
0.426756  0.462488  0.957455  -3.06022  2.42382  -4.97814  11.4618  0.860033  3.52017  -5.89054  3.62639  -5.13492  1.20611  0.795661  3.57491  1.1712  9.29562  0.540541  -5.91884  -0.246539  0.737079  0.28567  -1.29741  1.76966  -8.82732  
0.825424  3.52095  1.4376  -6.22666  1.74813  0.472889  9.22014  1.66537  2.98394  -14.3049  2.71636  -4.66888  3.75619  0.23449  1.30952  3.41817  13.3484  -1.07399  0.911099  -1.0867  -1.56113  0.623655  -1.63788  1.08806  -7.39448  
0.957418  3.35598  1.31234  -6.19295  1.89406  2.22704  4.00063  1.84938  -0.552952  -14.6072  0.786642  -0.0195547  7.68067  -0.233823  0.278073  3.80399  2.16658  -4.19063  2.34497  -1.10364  -2.60162  0.692289  -1.0869  -0.0804267  -2.47707  
0.753935  1.32715  -0.00155106  -3.87146  2.78519  -0.796224  -3.21841  1.50809  -6.13233  -6.90818  -1.47191  7.48948  10.909  -0.742099  0.99677  2.30445  -12.8201  -5.0343  -0.520306  -0.0318433  -0.715625  0.41853  -0.0742586  -1.02048  4.04003  
0.365268  0.218408  -1.86156  -1.19063  2.90669  -4.63629  -8.75236  0.880489  -10.262  2.54155  -2.71029  13.9686  9.99685  -2.08572  2.24708  0.479995  -13.5495  -2.09556  -2.26612  1.32789  2.62292  -0.0201582  0.772774  -1.53418  8.60294  
0.0238899  0.575667  -2.92544  -0.0776796  1.09108  -4.52798  -9.48378  0.313418  -10.3751  7.54322  -2.12906  16.1339  4.21506  -4.41212  2.7475  -0.148138  6.13156  2.71232  0.302575  1.84559  4.18659  -0.342341  1.27452  -1.90634  8.39145  
-0.16697  0.171548  -2.64186  -0.806658  -1.7974  0.441149  -6.0043  0.190696  -6.97788  7.07783  -0.363681  13.712  -2.71119  -6.12001  2.75839  0.307976  32.0073  6.10683  5.6423  1.19196  2.15928  -0.446151  1.81449  -2.20598  4.04637  
-0.284423  -2.53847  -1.78049  -1.61974  -3.47327  6.53645  -2.15559  0.567617  -2.57673  4.75422  1.07452  8.86265  -5.72552  -4.95744  3.57376  0.30014  42.4337  6.30068  10.0564  0.0741046  -2.06838  -0.452788  2.70203  -2.02892  -0.609006  
-0.439698  -5.61093  -1.30647  -0.542417  -2.63111  8.82453  -1.20868  0.847809  0.653413  4.08354  1.26571  3.88157  -3.33186  -0.654667  5.52863  -1.31313  29.4214  4.03384  10.6359  -0.632611  -5.19989  -0.481132  3.5277  -1.10382  -2.25662  
-0.605386  -5.5481  -1.2041  2.22656  -0.401942  5.5317  -2.84664  0.31496  1.83557  4.97589  0.620624  -0.178408  1.02787  4.08612  7.14152  -3.64627  4.15998  1.25024  6.0525  -0.792086  -5.07739  -0.484882  3.34154  0.1433  -1.5412  
-0.621212  -1.60801  -0.881543  4.18484  0.88538  -0.398475  -4.21834  -0.801346  0.929885  4.80454  0.061185  -3.16785  2.53896  5.92932  6.88351  -4.28511  -17.6774  -0.798325  -2.61768  -0.936213  -2.53452  -0.36783  1.62243  0.945504  -2.36399  
-0.379056  3.0959  -0.42064  3.04606  0.152798  -3.88478  -3.56407  -1.128  -1.47597  2.14769  -0.273648  -5.01426  -0.209215  4.15799  5.31446  -1.73391  -30.3058  -2.11913  -10.557  -1.45597  -0.417606  -0.165892  -0.922391  1.09397  -7.25669  
0.0209964  5.16656  -0.68477  -0.605084  -1.41305  -2.26515  -1.81285  0.277452  -3.81522  -1.20554  -1.05802  -5.56923  -4.07624  1.15631  4.59493  2.63026  -35.3436  -2.90736  -11.2452  -2.06324  -0.737098  -0.0243384  -2.71783  1.17458  -13.8034  
0.335195  4.42698  -1.9764  -3.72751  -1.76206  2.41717  -0.370818  2.25138  -4.01487  -2.31693  -2.53282  -4.92257  -4.68698  -0.29845  5.59434  5.43022  -32.6396  -2.43494  -2.93824  -2.15778  -2.85357  -0.00112688  -2.68644  1.77474  -16.5203  
0.418674  3.23287  -3.13303  -3.69701  -0.142854  5.51573  1.31622  2.29638  -1.34801  -0.740734  -3.67651  -3.49497  -0.702358  0.360956  6.31691  4.45472  -21.1573  0.346891  7.46816  -1.58429  -4.33823  0.0265842  -1.33373  2.62512  -12.4205  
0.363981  2.98065  -2.51963  -0.654494  2.21564  4.21904  4.65993  -0.326585  2.30723  0.434181  -3.08477  -1.83375  5.04449  1.58307  4.05629  0.925306  -7.61803  4.79545  10.2784  -0.859333  -3.56687  0.199173  -0.343875  2.73749  -4.23284  
0.346256  2.81541  0.0865499  2.96987  3.38894  -0.138998  8.72884  -2.82772  3.88254  -2.53358  -0.606904  -0.440925  8.31049  1.70777  -0.950677  -1.77681  -4.28069  7.88855  3.9643  -0.588945  -1.23757  0.447987  -0.895105  1.46367  2.25438  
0.365025  1.69003  2.98083  4.68002  2.56721  -3.85318  9.93608  -1.36822  2.18823  -10.0905  2.25723  0.365944  7.26415  0.359909  -4.8466  -1.57573  -13.692  6.55031  -2.22553  -0.775805  0.582248  0.495957  -2.3766  -0.67451  3.78677  
0.234285  0.412924  4.0424  3.67972  0.633669  -4.61876  5.99556  4.42538  -0.809234  -18.7156  3.77075  0.64763  3.78989  -1.7217  -3.85789  0.427914  -21.1799  0.987109  0.778309  -0.858468  0.659902  0.140668  -3.08964  -2.28641  2.10543  
-0.138708  0.577972  2.74105  1.21439  -0.853631  -3.47375  -0.631674  10.1577  -2.20636  -24.1783  3.56123  0.829125  1.25511  -3.40165  1.44131  1.55294  -10.1035  -4.96574  9.86469  -0.403221  -0.500526  -0.467188  -2.29745  -2.31062  1.07302  
-0.554322  2.06589  0.564507  -0.526962  -1.13595  -3.35595  -4.62276  10.7473  -1.44411  -25.001  2.64405  1.21714  1.16694  -3.58702  6.10743  0.598251  16.7313  -7.52636  12.7035  0.351477  -1.62412  -0.900342  -1.20435  -0.987605  2.34313  
-0.703808  2.95867  -0.52793  -0.266717  -0.763881  -5.64432  -3.20532  5.66584  -0.844294  -22.5395  2.06156  1.53884  2.1344  -1.77583  5.58181  -1.07462  37.3044  -6.76954  3.54559  0.743607  -2.10301  -0.877206  -1.36528  0.378915  4.25556  
-0.540435  2.0503  -0.00353661  1.05013  -0.751304  -8.01119  1.1556  -0.615769  -2.71383  -18.1155  1.85718  1.24437  1.91273  1.26485  0.480517  -1.38875  33.7681  -5.98317  -8.00067  0.408417  -2.27159  -0.596033  -2.26389  0.710969  4.12391  
-0.340791  0.55542  0.885651  1.05631  -1.33147  -6.03301  3.95673  -3.38375  -6.42281  -11.5122  1.35985  0.377496  0.0678462  3.6875  -3.72787  0.137765  10.8971  -7.32979  -8.06888  -0.311787  -2.56119  -0.558135  -1.36136  0.22652  0.705411  
-0.345866  0.15898  0.726226  -1.23813  -1.67068  2.25906  3.50981  -2.14003  -8.84549  -2.68861  0.104934  -0.171474  -1.66257  4.02666  -2.18185  2.10077  -11.026  -9.1133  3.45123  -0.660545  -2.93329  -0.990365  2.86188  0.111648  -5.2613  
-0.423681  0.232481  -0.248844  -3.84557  -0.836775  13.0905  1.70919  -0.022946  -7.55343  6.21093  -1.69398  0.381373  -1.60898  2.56273  4.33996  2.85944  -18.0383  -8.13044  11.4136  -0.186592  -3.15411  -1.47481  8.31603  1.08384  -11.6166  
-0.207981  -1.47605  -0.371288  -3.62353  1.04736  19.0721  0.745743  0.33654  -3.21375  12.1902  -3.38974  1.63813  -0.137774  0.830236  10.1591  2.06352  -13.3912  -3.98435  4.11941  0.793898  -3.18843  -1.27901  10.7518  2.44696  -15.702  
0.431435  -4.73051  1.15991  -0.0482523  2.76807  15.7672  0.522838  -0.684817  1.19556  14.6532  -4.26241  2.27961  1.007  -0.128627  10.5466  0.693807  -9.5431  0.150618  -10.9211  1.4464  -3.07491  -0.137082  8.02315  2.79521  -15.5426  
1.14477  -5.23807  2.70862  3.63603  3.1296  6.17381  -0.253636  -1.21335  3.20439  15.9334  -3.80525  1.48558  1.01147  -0.615109  6.39385  -0.111485  -14.5654  1.30678  -15.0826  1.19605  -2.54973  1.34675  2.46505  1.58849  -11.1516  
1.39951  0.71222  1.6959  3.58197  1.9821  -2.25191  -1.56421  -0.603677  2.8702  18.0708  -2.02918  -0.168338  0.969968  -1.31918  2.69695  -0.150646  -26.6789  0.221776  -1.5774  0.350231  -1.19356  2.19303  -1.46242  -0.238649  -4.69493  
0.993552  10.1807  -2.17921  -0.499641  0.156036  -4.87892  -1.85681  0.130363  2.31229  19.9967  0.314004  -1.36661  2.24958  -2.10478  2.89026  -0.299531  -37.5093  0.360558  14.957  -0.0587689  0.908792  1.97232  -1.50937  -1.33184  1.38018  
0.266424  14.8625  -5.97632  -4.9891  -1.39966  -3.49738  -0.195248  0.0574941  3.39222  18.8514  2.12247  -1.36232  4.45184  -2.15698  5.52228  -1.50867  -38.1278  3.75002  15.0175  0.742159  2.7416  1.19418  0.883077  -1.29761  6.44575  
-0.15867  10.567  -6.51566  -6.22887  -2.16797  -2.66878  2.44713  -0.631151  5.64773  13.7213  2.93391  -0.441374  5.70261  -1.03223  6.72433  -3.38964  -24.9991  8.53127  -2.20254  2.26913  2.8929  0.753239  3.0212  -0.786769  11.2214  
0.141058  3.86008  -4.02588  -4.27202  -1.98803  -3.75437  4.35679  -1.41857  6.42906  7.05664  3.40935  0.696829  4.89749  0.839167  5.00451  -3.94641  -4.06119  10.8296  -16.4163  2.8812  0.680047  1.0387  3.93244  -0.411374  15.349  
1.06677  5.90177  -1.8668  -2.23046  -0.912142  -4.02422  4.87876  -2.36609  3.4828  2.31414  4.52199  1.64882  2.99092  2.62058  2.58382  -1.3461  12.3113  8.58162  -8.32009  1.25556  -3.12294  1.65238  4.47023  -0.0527075  16.5982  
2.03551  18.4326  -2.38096  -2.21634  0.61046  -1.31813  4.57613  -3.54056  -2.2483  0.770229  6.07095  2.31606  1.74921  3.59919  2.12886  3.62759  15.2953  3.34854  18.3778  -2.02743  -6.58328  1.93421  5.19857  0.579736  13.0686  
2.33985  28.8668  -4.01796  -2.97257  1.6662  2.31409  4.02238  -4.08389  -6.66002  0.920413  6.38058  2.5384  1.73892  3.32819  3.45333  7.32809  7.06806  -1.28067  38.9184  -4.57052  -7.73365  1.61196  5.13044  1.14263  5.69074  
1.62015  22.4636  -3.40267  -1.79599  1.46448  2.93451  3.17492  -2.78901  -6.03229  0.611829  3.84532  2.10807  2.18172  1.68606  4.29087  6.33656  -3.40306  -2.78096  31.3885  -4.209  -5.8051  0.880211  2.90544  0.911719  -2.60541  
0.146397  -0.655633  0.192817  1.81711  0.148708  -0.158765  1.96676  0.269029  -0.818374  -0.778037  -1.14789  1.14081  2.4118  -0.899707  3.64561  1.07292  -11.1728  -1.56425  -1.66472  -1.20013  -1.72621  0.0197325  -1.30068  -0.191619  -10.1058  
