0.712742  2.42479  5.42457  0.74049  5.44204  9.91804  11.9156  7.79976  4.00845  3.84101  9.83168  2.89266  4.96429  8.58906  6.22621  4.13133  0.256362  -0.415684  5.7578  4.16812  7.34074  6.97199  3.33616  4.86267  2.64224  
-0.582371  6.23458  -3.27301  -9.02282  -24.8283  -0.0918996  -4.48533  -0.510992  -6.98822  -7.36894  0.493346  -1.47544  1.69471  -8.0095  -6.75307  -8.26893  -0.0943233  0.785336  -3.2106  -12.8414  -0.492293  -1.80073  -4.333  -0.981146  -6.09352  
-1.61659  7.76078  -11.7927  -11.7523  -37.4155  -18.4433  -14.9606  -8.71735  -15.1566  -14.2534  -7.23385  -4.88251  -3.90987  -19.6667  -16.2169  -14.6021  -0.516106  1.29637  -9.35355  -21.1517  -11.1124  -10.2928  -11.337  -6.59762  -10.2758  
-2.42642  6.27717  -18.0038  -7.19412  -27.405  -38.9627  -18.5259  -14.9025  -18.7328  -15.3771  -11.9415  -6.61816  -10.2265  -23.9268  -19.7971  -13.973  -1.19897  0.495893  -11.8045  -18.9169  -21.1912  -16.3125  -16.5114  -11.1984  -9.58981  
-3.05989  3.77063  -19.1989  -1.6104  -6.16949  -44.9256  -18.5675  -16.6462  -17.8949  -12.7366  -13.1796  -6.5532  -12.9534  -21.8798  -17.527  -10.2882  -2.07708  -1.53309  -11.7114  -11.3559  -24.258  -17.155  -18.6678  -13.4739  -7.52075  
-3.13181  3.69942  -15.1131  -0.843559  8.05717  -27.6406  -17.7794  -13.899  -14.5353  -9.53931  -11.9295  -5.23813  -10.1271  -16.9674  -12.1657  -7.49799  -2.47266  -3.47009  -10.5539  -5.12373  -18.7027  -12.8107  -17.5086  -12.3798  -6.98704  
-2.10276  7.37927  -8.64272  -4.41575  5.67145  1.58164  -15.3413  -9.49533  -10.748  -7.46275  -9.85731  -3.53663  -4.50759  -12.3634  -7.5062  -6.24735  -1.60562  -3.57351  -8.82866  -3.04616  -10.2694  -6.72027  -13.931  -8.24797  -7.47472  
-0.160522  11.4264  -3.18959  -6.84726  -6.56633  20.1397  -9.66909  -6.55144  -7.3747  -5.89129  -7.82251  -2.03331  -0.635082  -9.14214  -5.5034  -4.96029  0.336454  -1.28048  -6.28553  -3.58253  -5.49818  -2.75436  -9.35951  -3.12391  -6.62722  
1.50175  10.4384  0.152874  -4.27695  -13.6598  14.9095  -2.05371  -5.65766  -4.1298  -3.55693  -5.13307  -0.782384  -0.307816  -6.67368  -4.95234  -2.71616  1.95893  2.12426  -3.00502  -3.70115  -4.89685  -1.73692  -4.97604  0.459378  -3.61954  
1.71305  3.11396  2.34476  1.4719  -7.97915  -6.09909  3.53322  -5.15457  -0.930676  -0.450273  -1.04468  0.386254  -1.63641  -4.12032  -3.4559  -0.212667  1.92979  4.74641  0.0841556  -1.64679  -4.14719  -1.5792  -1.49272  1.4645  0.040187  
0.623145  -4.97805  3.95766  5.55843  4.18852  -22.223  4.4371  -3.38453  1.50592  2.11302  3.21232  1.42042  -2.13475  -1.30579  -0.764291  1.44224  0.47262  5.71056  1.69161  2.0357  -0.799535  -0.402443  0.728316  1.11775  2.51248  
-0.373704  -6.51551  4.167  5.52472  11.5184  -19.3307  2.13617  -0.35229  2.48435  2.99359  4.43758  1.98935  -1.53192  1.49305  0.547139  1.84772  -0.775264  5.25754  1.23251  5.11981  2.79525  1.35474  1.72441  1.44331  3.35154  
-0.187568  -0.411492  2.4547  2.85423  10.3403  -1.07018  0.264193  2.71542  2.16157  2.36533  0.340769  1.84536  -1.0035  3.85051  -1.66398  1.25732  -0.565411  3.53522  -0.398094  5.32239  3.42983  2.1889  1.98329  2.98728  3.13706  
0.737115  6.30467  0.124086  0.0856469  6.12648  17.0184  0.88221  4.54133  1.06576  1.26378  -7.32422  1.14337  -0.568579  5.18941  -5.57964  0.420797  0.570077  0.144873  -1.26683  2.15582  1.53086  1.8889  2.05192  4.22278  2.10359  
1.03672  5.54414  -0.947605  -1.69216  4.14389  22.6544  3.10293  4.50494  -0.761359  0.42229  -13.069  0.360631  1.36916  5.04103  -6.37979  0.412177  1.04036  -4.51833  -0.172229  -2.4362  0.0976107  1.62368  1.9659  3.3442  0.0258469  
0.166325  -3.19392  -0.531629  -2.2064  3.11902  15.7539  4.66158  2.88151  -3.44765  -0.13911  -11.8504  -0.0798906  5.15143  3.83284  -1.2955  1.58263  0.179891  -8.11707  1.86979  -5.59446  0.279423  1.92387  1.28723  0.424028  -2.5614  
-0.905496  -12.2415  -0.183608  -0.924834  -0.441271  4.07826  4.32566  0.766797  -6.173  -0.651521  -3.70225  -0.0905046  7.61071  3.03089  6.80251  2.67946  -0.95218  -7.8152  2.52331  -5.8703  0.167785  1.65223  -0.126928  -2.53087  -4.04593  
-0.908722  -13.5746  -0.852899  1.76295  -5.35402  -6.3685  2.65209  -0.39741  -7.21947  -1.14524  5.8239  0.128852  4.71247  3.49989  11.8136  1.82681  -0.925322  -3.38168  0.866362  -4.07078  -1.67777  -0.359873  -1.58222  -3.5919  -3.25381  
0.145057  -6.57457  -1.25087  3.42191  -6.93725  -14.1183  1.08454  0.0773411  -5.58917  -1.53844  9.99386  0.362491  -2.96098  3.99503  10.4712  -1.12814  0.270974  1.82644  -1.27161  -1.71362  -3.44352  -3.26574  -2.08801  -2.66566  -0.869487  
0.960538  2.20842  0.530258  1.56104  -4.70303  -17.4861  0.928972  1.52558  -2.26816  -1.80902  6.69314  0.582835  -8.99836  2.50689  5.3588  -3.83919  1.19439  3.78531  -1.40425  0.794426  -2.17647  -4.65537  -1.49716  -1.17136  1.16608  
0.496853  6.10526  4.28268  -3.06135  -4.46837  -12.6399  2.31804  2.49124  0.654852  -1.8825  0.211858  0.906759  -7.24778  -0.567446  1.65829  -3.73065  0.661184  1.77269  0.517028  3.69795  2.15104  -3.28171  -0.787062  -0.300981  1.66355  
-0.842745  4.36267  7.40653  -6.54501  -10.3311  0.485155  3.89767  2.02818  1.88156  -1.63512  -2.68127  1.37736  1.35956  -2.16337  1.61168  -0.963961  -0.89714  -1.24271  1.9455  6.35306  6.39821  -0.619226  -0.954876  0.0557101  1.17249  
-1.7108  1.36563  7.48533  -5.93075  -17.0738  13.4793  3.88897  0.435214  1.69225  -1.17841  1.01562  1.8317  9.76827  -0.387152  2.95542  1.64435  -1.96454  -2.03484  0.903989  7.17262  8.28455  0.812856  -1.72083  0.756671  0.814956  
-1.28505  1.19398  4.4587  -2.34291  -14.3114  16.2003  1.85125  -1.19342  1.07192  -0.995067  7.85841  1.98545  12.9236  2.57974  2.43854  1.83115  -1.58818  -0.123249  -1.59072  5.4662  9.1463  0.368294  -1.7246  2.13866  0.717756  
0.00324187  3.77749  0.269371  0.709879  1.32826  8.53447  -0.488359  -1.8267  0.846631  -1.38194  11.4944  1.64735  12.5532  2.8431  -0.237778  0.114963  -0.219816  2.60765  -2.8297  2.52824  11.4148  -0.125359  -0.18308  3.5164  0.260709  
1.10548  6.0442  -2.91949  1.42562  20.7136  1.12788  -0.819343  -1.07776  1.5194  -1.84453  8.99051  0.856084  12.5624  -0.0305917  -2.54848  -1.22501  0.981338  4.40879  -1.58193  0.448893  14.3359  1.1912  1.98658  3.8251  -0.479593  
1.41604  5.94635  -4.06646  0.880986  30.3391  1.70062  1.04958  0.573588  2.97131  -1.52468  3.36486  -0.164414  12.0738  -2.14479  -2.51091  -0.624163  1.34961  4.69604  0.785784  0.144154  13.7628  3.63761  3.03733  2.57982  -0.623055  
1.13018  4.52472  -3.23846  0.63227  25.052  4.66787  2.72837  1.95543  4.09916  -0.325587  -0.266355  -1.11432  6.40478  -0.620122  -0.90118  1.57989  1.11804  3.25544  2.24685  0.893611  7.05448  4.42912  2.41585  0.326628  0.104697  
0.791728  4.2571  -1.19303  0.659067  11.5098  -0.461008  2.00797  2.01792  3.51099  0.723069  -0.278453  -1.70298  -5.15504  2.3599  0.0750224  3.84815  0.882089  -0.0430521  2.30763  1.49257  -3.07385  1.81213  1.46709  -1.66907  0.67812  
0.728809  5.99581  0.938483  0.255585  -0.0255629  -12.4021  -0.624745  0.75238  1.12789  0.616278  0.256169  -1.76828  -15.9914  2.59967  -0.471838  4.64975  0.948297  -4.26454  1.85043  1.36375  -10.8776  -2.66225  1.84817  -2.32588  0.105555  
0.883276  7.89282  2.22331  -0.234835  -5.32984  -17.2167  -2.59922  -0.67275  -1.3925  -0.350349  -1.94212  -1.41815  -18.4362  -0.116559  -1.37952  3.30022  1.1811  -7.02201  1.47397  0.509075  -13.1222  -5.28594  3.47171  -1.61201  -1.05035  
0.981862  7.35661  2.56441  0.245705  -7.45647  -6.61526  -2.2524  -1.07178  -2.47254  -0.883585  -5.9043  -1.00894  -11.6358  -1.66913  -1.22432  0.479563  1.25878  -6.3741  0.887938  -0.898988  -11.3932  -3.67183  4.45693  -0.533357  -1.28515  
0.786189  3.81114  2.7045  1.56354  -10.4417  9.0113  -0.466137  -0.384382  -2.32168  -0.299775  -7.40511  -0.850793  -1.47401  0.364707  -0.102398  -1.95214  0.96522  -2.99239  -0.0964927  -2.48569  -8.70776  0.988532  3.40719  -0.055654  -0.153216  
0.281861  -0.660479  3.28344  2.00865  -14.0184  12.4309  1.08392  0.449593  -1.99867  0.576  -4.04169  -0.87658  5.86297  2.97328  0.803406  -2.4501  0.341745  0.279712  -0.813399  -3.4644  -5.75579  5.09125  1.13612  -0.00704633  1.11549  
-0.290581  -3.36131  3.93057  0.382642  -14.9752  2.05163  2.18019  0.750382  -1.29035  0.489436  1.75197  -0.668595  8.23725  1.75683  0.969802  -1.46506  -0.336679  1.36277  -0.462576  -2.99702  -1.28848  5.93123  -0.29922  0.653451  1.39669  
-0.641416  -3.4832  3.55429  -2.03751  -12.2714  -5.56966  3.79161  0.774913  0.67193  -0.560899  5.39147  0.104696  6.41678  -2.52325  1.19153  -0.916486  -0.77927  0.799744  0.726465  -0.907707  4.5082  3.85572  -0.0614935  2.27982  1.21303  
-0.748385  -2.4814  1.47222  -2.56064  -8.95719  1.94888  6.00032  1.00836  2.51674  -1.21362  4.99727  1.28937  1.95921  -4.14403  2.19881  -1.71903  -0.969113  0.342371  1.49621  1.94212  8.88855  1.36241  0.718664  3.58341  1.63312  
-0.903666  -2.01631  -1.62715  -0.360006  -8.24726  15.3392  7.16777  1.26455  0.533068  -0.385782  2.68098  2.33968  -2.84093  0.236578  3.23658  -2.57312  -1.18742  0.59883  0.86162  4.03778  9.41323  0.368172  0.793254  2.82798  2.27357  
-1.31925  -2.06885  -4.03698  2.09545  -8.39388  15.4277  5.7939  0.940178  -6.20654  1.31756  1.13798  2.83394  -5.2563  6.85085  2.70989  -1.76461  -1.62811  0.731396  -0.69824  4.29873  6.62586  0.610001  0.461818  0.07083  1.63355  
-1.69643  -1.31282  -4.4716  1.64551  -3.51525  -0.773662  2.54126  0.0726914  -11.6484  2.16897  0.358207  2.86104  -4.17892  9.00073  0.363626  0.378662  -1.98923  0.194481  -1.54132  2.99416  3.15033  0.639479  0.611138  -2.32653  -0.46196  
-1.37048  0.934795  -3.06624  -1.55725  9.08222  -14.6209  -0.376529  -0.483327  -7.13714  1.13136  -1.65413  2.86986  -1.09741  4.69138  -1.80883  1.86399  -1.62092  -0.398354  -0.540044  1.53296  0.57956  -0.169071  0.685865  -1.99057  -1.98049  
-0.0382827  3.70927  -1.18372  -3.68271  23.0604  -9.21912  -1.52495  -0.154807  7.96619  -1.10446  -5.44447  3.15099  1.98587  -1.60211  -1.41179  1.67574  -0.231741  -0.334241  1.44104  1.24298  -1.4995  -0.942332  -0.881771  0.757441  -1.08858  
1.70709  5.41817  -0.0494367  -1.65467  26.8848  8.4311  -1.47296  0.511652  22.0979  -2.8422  -8.73567  3.51455  4.63615  -4.37628  1.61847  1.06235  1.59225  0.157761  2.14145  1.97423  -3.67496  -0.580901  -3.81764  3.06423  1.20953  
2.73982  5.52338  0.256854  2.6067  15.6374  15.5656  -1.73114  0.522372  21.1485  -2.97164  -8.95478  3.49142  6.92552  -2.66525  4.58762  1.56835  2.73348  0.500283  0.300317  2.11185  -4.81895  0.815894  -5.03407  2.63496  2.09027  
2.38505  4.85294  0.517151  3.78453  -1.70932  1.88331  -2.71564  -0.177435  3.41306  -1.79296  -6.1698  2.80755  7.34565  0.241489  4.62738  2.498  2.4919  0.73655  -2.56343  0.296452  -3.16248  2.05754  -2.21921  0.212492  0.457285  
0.995641  4.48425  1.13426  -0.476083  -9.40363  -17.3555  -3.49795  -0.555789  -17.0673  -0.570312  -2.71466  1.62395  4.05739  1.43898  1.51466  1.63221  1.15452  1.38046  -3.37182  -2.91373  1.37844  2.22906  2.02594  -1.45638  -1.65859  
-0.4507  4.78762  1.55463  -6.02633  -0.889  -19.2612  -3.01528  0.188403  -23.4963  -0.372649  -0.094966  0.340135  -1.67903  1.36557  -2.26334  -1.52242  -0.35557  2.19109  -0.841038  -5.48468  6.52845  1.50351  1.76833  -0.840398  -1.62702  
-1.22661  5.4173  1.26294  -6.55797  13.4933  0.1308  -1.31965  1.59774  -11.9242  -1.12633  2.38793  -0.745665  -5.44045  1.74983  -4.05451  -4.3986  -1.28321  2.06732  2.77921  -5.92152  9.46766  0.570855  -5.22517  0.893258  0.641006  
-1.28426  5.66601  0.696579  -1.27684  16.601  21.715  0.404536  2.52732  6.417  -1.63537  5.66617  -1.54604  -4.2141  2.47591  -3.32193  -3.78963  -1.46873  0.478454  3.90858  -4.38203  8.90568  -0.258358  -13.2544  1.73772  2.76772  
-0.974733  4.6482  0.699102  3.73609  2.447  24.3316  1.03647  2.53445  17.3224  -0.59695  8.42925  -2.06043  -0.191659  1.6811  -1.49401  0.575955  -1.16152  -1.47616  1.58364  -1.86403  5.3417  -1.02939  -13.606  1.37923  2.79652  
-0.592725  1.55155  1.12853  2.90846  -16.9121  6.05872  0.466372  2.21066  16.4966  2.02746  8.15809  -2.29624  1.16601  -1.22576  -0.0776046  5.27797  -0.66858  -1.92491  -1.31662  0.890538  0.168959  -1.49771  -4.1222  1.14715  1.24214  
-0.286713  -3.43818  0.78277  -1.74402  -23.283  -15.6989  -0.246281  2.20022  10.5999  4.61327  4.65605  -2.34193  -3.09468  -3.78455  0.676678  6.39339  -0.260825  -0.506876  -1.18729  3.30846  -5.18688  -1.12677  7.57658  1.74102  -0.0318416  
-0.222891  -8.71611  -0.707896  -3.3856  -10.7325  -21.9842  0.170887  2.3033  7.88354  5.13937  1.12358  -2.37329  -9.78466  -2.76199  1.38627  3.39327  -0.211273  0.842373  2.19374  4.40435  -9.05228  0.0463433  11.7753  2.02601  -0.28559  
-0.5437  -11.9646  -1.62008  0.52959  8.45161  -8.62589  1.91598  1.86623  9.7555  3.12203  0.786899  -2.43258  -11.7856  1.73279  2.33852  -0.526703  -0.637621  -0.361337  5.21027  3.47324  -9.71639  1.05452  6.46667  0.616104  -0.539183  
-1.09537  -11.5202  0.254589  5.1056  15.9793  12.3153  3.8333  0.768235  11.1803  0.274261  3.00031  -2.2601  -4.42658  5.54403  2.9986  -1.97692  -1.26234  -4.32637  4.24094  1.42059  -6.09303  0.982821  -1.45061  -1.91573  -1.83827  
-1.36059  -7.12671  4.51532  5.02019  5.44277  23.7751  4.39471  -0.353158  7.40119  -1.06474  4.02346  -1.53308  9.05769  4.92088  2.69806  -0.848862  -1.48933  -8.15051  -0.406864  0.450041  1.05678  0.142596  -4.3056  -3.26893  -3.58738  
-0.877551  0.130156  7.59052  1.72733  -11.8344  16.7192  3.25349  -0.869452  -0.896495  -0.250933  1.70149  -0.337957  18.5273  0.813646  1.55196  0.0148301  -0.903434  -8.23504  -4.71376  1.59647  8.91979  -0.259658  -1.30686  -1.98237  -4.01016  
0.232405  8.07563  6.05333  0.71855  -18.3215  -3.90684  1.43565  -0.852593  -8.69763  1.06317  -1.8719  0.751676  15.513  -2.37297  0.571778  -1.40967  0.274069  -3.80409  -4.93951  3.15438  13.5356  0.27076  2.2342  0.845329  -2.00109  
1.28542  13.7255  0.411265  3.1504  -7.27695  -23.1625  -0.0590704  -0.842761  -11.529  0.724925  -3.06743  1.23325  2.13482  -1.94836  0.696793  -3.70993  1.32774  2.03191  -1.21716  2.47852  11.9263  0.761477  1.70367  2.78754  1.58082  
1.67387  14.5306  -5.01172  4.0509  11.4296  -26.8001  -1.25663  -1.09319  -8.8324  -1.53779  -1.3273  1.24986  -9.93818  0.354297  1.6816  -3.93868  1.70559  5.11899  2.78086  -0.678575  4.244  0.0854289  -2.35219  2.7095  4.48452  
1.43033  10.3269  -6.20928  -0.350751  21.6299  -11.5589  -2.67235  -1.28468  -3.3802  -3.76267  0.345188  1.41393  -11.2914  1.30736  2.06166  -1.40891  1.49072  4.28276  3.573  -3.49087  -5.57529  -1.28516  -6.04892  1.6133  5.01993  
1.08033  4.03437  -3.21196  -6.79877  16.3186  11.9454  -3.99827  -1.04404  1.53571  -3.78325  -0.455111  1.99855  -4.74843  0.440989  0.583222  1.45039  1.18654  2.27972  1.16534  -3.07576  -11.9659  -1.4639  -6.66796  0.951747  3.46002  
0.994067  -0.543233  0.629019  -8.88542  2.82007  26.1832  -3.99971  -0.452006  3.9959  -1.45755  -2.29114  2.47454  -1.14118  -0.179279  -2.16782  2.19483  1.11153  2.31957  -1.17899  0.2442  -11.7015  0.621369  -4.58087  0.767661  1.56813  
1.01231  -2.01097  2.37993  -5.0844  -6.18537  19.4283  -2.16891  0.0505034  3.3156  1.23295  -1.91167  2.00553  -5.59747  0.563403  -3.79346  1.39168  1.10119  3.97427  -0.392043  3.30377  -6.03592  3.7028  -1.72759  -0.0242483  0.829333  
0.739952  -2.24714  2.00799  -0.0255227  -5.10656  -4.5229  0.389852  0.255397  -0.410901  2.28761  1.21428  0.356811  -11.6346  1.55963  -2.24139  1.65523  0.797989  3.36392  3.34315  3.46446  0.942265  5.23931  0.436357  -1.75603  1.09898  
0.08935  -3.69434  1.20724  1.92875  1.39566  -27.377  1.68988  0.440489  -5.63783  1.60587  3.69367  -1.78922  -10.4856  1.72694  1.85511  3.80604  0.129424  -1.94236  6.76556  1.11714  6.30343  3.96942  1.5635  -3.08819  1.07159  
-0.58725  -6.30655  0.931462  1.21776  5.67176  -29.5791  0.891932  1.00655  -8.68797  0.744232  2.26213  -3.40969  -2.71857  2.00896  5.27547  5.31913  -0.577097  -9.05271  6.67401  -1.13945  9.99089  1.08077  1.99356  -2.35532  0.0353548  
-0.880193  -7.76375  0.770916  0.39296  4.93863  -7.22828  -0.909918  1.93928  -5.49751  0.988798  -1.99775  -3.91442  3.15951  3.52779  5.15047  3.20894  -0.920031  -11.5838  2.90808  -1.29218  12.8144  -1.07688  2.34288  0.385674  -1.25626  
-0.711895  -6.45501  0.258145  -0.158975  1.54691  22.1594  -1.97228  2.76322  4.07444  1.95083  -4.53529  -3.38031  2.44971  5.02879  1.87339  -1.86069  -0.780055  -6.0946  -1.72604  0.299191  13.7223  -1.14391  3.03468  3.08953  -1.61227  
-0.312977  -3.53169  -0.152058  -1.4372  -1.8781  33.3474  -1.42586  3.02465  14.1742  2.19574  -2.51298  -2.23926  -0.127888  4.11099  -1.17597  -5.59534  -0.348176  3.64677  -4.2014  1.62687  10.5874  0.291522  3.73757  3.65478  -0.989614  
0.0637562  -1.50585  0.125059  -2.49671  -4.69163  16.8203  -0.03271  2.71592  16.9518  0.967543  1.79126  -0.936914  1.92365  0.885218  -1.0672  -4.57669  0.0942929  9.4897  -3.73367  1.25884  3.57135  1.50109  3.41083  1.97326  -0.454601  
0.26649  -1.16984  0.689553  -1.0952  -6.3657  -10.7264  1.00588  2.10191  9.89044  -0.976493  3.58281  0.160347  7.38108  -1.22408  1.68955  -0.104538  0.317998  6.42739  -1.85294  -0.21022  -3.54802  1.20231  1.33344  -0.115003  -0.729619  
0.19524  -0.693279  0.557505  2.25537  -5.36999  -21.9182  1.19645  1.28877  -1.36183  -2.24219  1.09777  0.781984  9.0194  0.306838  3.76154  3.15057  0.187814  -2.29672  -0.495968  -0.89122  -6.59488  -0.391583  -1.59311  -0.793035  -1.24139  
-0.140355  1.88353  -0.389249  3.83008  -1.72961  -6.52973  0.948882  0.150998  -8.4229  -2.2314  -2.25558  0.890501  3.5527  3.271  2.55656  2.13945  -0.231812  -8.1505  -0.362746  0.296865  -5.20694  -1.81226  -3.27256  0.0498635  -0.896195  
-0.494606  5.64355  -1.09431  1.48507  0.605422  17.4283  0.918804  -1.18245  -8.23511  -1.50175  -1.78135  0.792631  -3.93207  3.26831  -1.14254  -1.4278  -0.610201  -5.53204  -0.828267  2.27261  -2.73445  -1.77602  -2.29998  1.06786  0.35256  
-0.48561  7.03601  -0.672433  -2.00155  -3.05561  22.4346  1.10634  -2.11899  -4.59822  -0.910563  3.07191  0.961008  -6.52006  -0.335037  -4.11538  -3.10511  -0.542218  2.73154  -0.979969  2.69038  -2.06697  -0.533043  0.51761  1.03836  1.25467  
-0.0027848  3.7359  0.540932  -2.2234  -11.7303  0.853189  1.22611  -2.07735  -2.07121  -0.739847  7.78298  1.61756  -3.73929  -3.24594  -4.02298  -0.672821  0.0231804  8.31843  -0.477078  0.297674  -2.50778  0.389665  2.95859  -0.0526729  0.812638  
0.555861  -2.11123  1.52326  1.24704  -17.3659  -26.361  1.26177  -1.2381  -0.49585  -0.731852  7.39812  2.47219  -1.02353  -1.66756  -1.4982  3.4666  0.604025  5.8346  0.401923  -3.52385  -1.61407  0.0777716  3.57735  -1.25734  -0.284917  
0.649052  -5.51995  1.70817  4.56197  -12.0082  -31.4707  1.54011  -0.402864  2.99497  -0.713607  1.60119  2.9251  -2.2333  2.43804  0.853283  5.0867  0.622255  -2.03487  1.1114  -5.71127  0.96311  -0.420616  2.76663  -1.62382  -0.444319  
0.209344  -3.94371  1.11733  4.5975  3.17105  -9.08445  2.14858  -0.0649745  7.94773  -0.813976  -5.09629  2.58285  -5.39386  3.26139  1.19282  2.64402  0.0520326  -7.86878  1.2538  -4.29454  2.57353  0.780099  1.49478  -0.888974  0.769634  
-0.253427  -0.249849  -0.340277  2.2213  17.3123  18.2268  2.26867  0.148472  9.38556  -1.07372  -7.73934  1.59533  -6.28347  -1.50058  -0.00115213  -1.40272  -0.498526  -7.343  0.909683  -0.400154  1.03953  3.76708  -0.258918  0.416424  1.99066  
-0.230845  0.756413  -2.72509  0.121597  19.6851  23.3937  1.03798  0.818499  3.71218  -1.13596  -5.19455  0.475226  -4.19325  -7.25551  -0.823484  -3.63262  -0.430964  -2.91143  0.592694  2.60962  -2.26352  6.0327  -3.01629  1.33831  1.56999  
0.210879  -1.41879  -4.9577  -0.934156  10.2046  2.71905  -1.09771  1.77052  -5.97955  -0.569877  -0.417639  -0.385178  -2.13074  -7.73433  -0.0751461  -3.2461  0.192352  0.0791185  0.753982  2.29573  -3.66327  4.9956  -5.9142  1.19524  -0.418574  
0.54331  -1.66069  -4.80311  -2.26951  -0.429887  -20.7251  -2.65721  2.11887  -12.2697  0.529233  2.78262  -0.979314  -2.17465  -2.27482  1.60407  -1.92995  0.729649  -0.406361  1.27384  -0.404754  -1.42539  1.20818  -6.52425  0.188717  -2.10887  
0.410458  4.60731  -0.951531  -4.42946  -1.41934  -21.3349  -2.63906  1.36993  -10.8216  1.52528  3.01623  -1.49396  -2.86814  3.47823  2.55618  -1.02735  0.671717  -1.73798  1.62413  -2.13273  2.11437  -1.88914  -3.46911  -0.702348  -1.94577  
0.0089462  14.9292  4.7857  -5.91278  7.44791  2.43803  -1.7815  0.148871  -4.08736  1.89266  1.78526  -1.96145  -1.72946  4.16811  1.90975  -0.194505  0.166677  -0.733232  1.44583  -0.674162  3.26439  -1.65057  1.27884  -0.687923  -0.303016  
-0.201639  21.1438  8.34842  -5.33353  16.0566  26.72  -1.28847  -0.438485  2.06683  1.71868  1.59273  -2.22244  1.42197  0.751005  0.414076  1.27306  -0.208471  2.23243  0.926541  2.60941  1.31039  0.967872  3.87765  -0.0167774  1.27837  
-0.025441  17.7543  7.16264  -3.37513  14.3998  27.495  -0.998372  0.0486065  4.05569  1.45055  3.47762  -2.20606  4.80661  -1.48747  -0.467778  2.63511  -0.0827096  3.97783  0.49352  4.36047  -0.487435  2.72909  2.83277  0.351565  1.96226  
0.335821  7.54321  2.8258  -1.59201  2.24606  5.75928  0.126854  1.10334  2.48861  1.27206  6.11566  -2.08486  7.66701  0.218873  -0.223001  2.42727  0.394013  2.45958  0.231483  3.12575  1.13009  1.84959  0.868869  -0.0871661  2.26115  
0.577213  -2.00314  -0.573581  -0.170667  -11.2974  -14.592  2.07007  2.02109  0.160656  1.02539  7.13136  -2.03487  10.7563  3.4102  0.251622  0.660085  0.788411  -0.672159  -0.0950582  0.934307  5.19218  -0.356796  1.85561  -0.808924  2.82031  
0.55152  -6.54825  -0.880639  1.64952  -16.7553  -13.5283  2.86091  2.53744  -0.462143  0.711487  5.31975  -1.9249  13.4666  4.30453  -0.120513  -0.733557  0.781435  -1.63387  -0.433491  0.601494  6.85067  -1.47144  6.1774  -0.963119  3.25319  
0.248928  -7.69536  0.0329197  3.17139  -12.1056  3.99028  1.10559  2.5513  1.50515  0.680871  1.84679  -1.4095  12.6246  2.46663  -1.07944  -0.241358  0.327634  1.45942  -0.319762  2.04474  2.9548  -0.775019  10.0186  -0.35063  2.62692  
-0.275624  -8.57182  -0.96286  2.13739  -2.39613  15.8077  -1.89684  1.78704  4.81835  1.06317  -0.943437  -0.368913  5.91425  0.4077  -1.20618  1.2291  -0.394885  6.17208  0.477277  2.47421  -3.62448  0.428671  9.61216  0.558357  0.896551  
-0.864205  -9.21671  -4.04441  -1.88171  6.42193  8.73646  -3.23595  0.105279  6.56318  1.25536  -1.9908  0.882693  -4.14677  -0.115386  0.32951  1.44667  -1.09628  7.38668  1.26379  0.352293  -5.84312  0.753567  5.12812  1.32154  -0.757861  
-1.25482  -7.56276  -6.09613  -5.36716  11.8574  -8.15779  -1.81253  -1.71266  4.39904  0.447008  -2.58374  1.93391  -11.5847  0.247574  2.50701  -0.252802  -1.5077  2.44469  0.902755  -2.12223  0.174784  0.139705  0.133394  1.77664  -1.35497  
-1.22602  -3.65434  -4.42298  -3.99384  14.0485  -16.6983  0.202938  -2.27285  -0.933995  -1.29165  -4.69459  2.71918  -12.7647  0.260175  3.34665  -1.95336  -1.48864  -5.2158  -0.794857  -1.4984  10.4738  -0.689846  -2.26606  1.67576  -1.35983  
-0.775548  -0.51769  0.112297  1.96755  12.8502  -10.7092  0.285422  -0.894335  -5.94572  -2.79855  -8.41235  3.45892  -9.22612  0.151619  2.03186  -1.52464  -1.06865  -8.38149  -2.4671  2.52735  16.3182  -1.38021  -1.82471  0.708336  -1.92367  
-0.107295  -0.608234  4.12097  7.10015  7.49157  0.528127  -1.40985  1.32068  -7.84995  -2.95802  -11.1548  4.14496  -4.27048  0.785024  -0.105035  0.811064  -0.390407  -3.26803  -2.42463  6.41957  12.7585  -1.95429  -0.250993  -0.752651  -3.02779  
0.554785  -2.94712  5.27019  6.76434  -1.05676  6.51648  -2.1965  2.31257  -7.11398  -1.84829  -9.94007  4.28745  0.95988  1.59421  -0.927473  3.02307  0.376593  5.7675  -0.537032  6.69137  3.44179  -2.16  0.96751  -1.44398  -3.14148  
1.10123  -4.73067  4.00442  2.48109  -9.09223  6.51611  -0.248801  1.16469  -5.90888  -0.517148  -4.44159  3.36422  6.17838  1.06897  0.291114  3.6589  1.08101  10.0426  1.50534  3.51231  -3.19267  -1.515  1.27386  -0.444207  -1.1086  
1.48982  -4.83828  1.97824  -0.282321  -12.743  5.39934  3.02804  -0.767126  -4.77089  0.242412  2.40127  1.49673  8.68341  -0.716808  2.07265  2.93081  1.5928  5.4653  1.94983  0.140214  -2.47978  -0.0879599  0.514398  1.40579  2.04722  
1.63793  -4.33703  0.119587  0.724957  -11.5922  4.72602  4.68453  -1.12612  -2.23533  0.47533  6.97924  -0.501659  5.0694  -1.69518  2.22088  1.79554  1.80671  -3.35076  0.762736  -0.663482  2.09978  1.36775  -1.18922  2.0262  3.74166  
1.41996  -3.9016  -1.12212  1.76919  -9.06308  2.93727  3.46938  0.850559  2.14654  0.520836  8.19194  -1.835  -2.95606  -0.366429  0.0736264  0.870409  1.64267  -8.36522  -0.500497  0.999703  3.13661  2.31954  -2.97125  0.46042  2.60113  
0.790629  -2.3977  -0.794992  -1.37553  -8.7298  0.880735  0.921644  3.34265  5.97234  0.418392  7.73799  -2.4139  -7.78359  1.95977  -2.66657  0.685862  1.06084  -6.4545  -0.466318  2.88357  -2.77668  3.12111  -3.52064  -1.76613  0.0774524  
-0.108896  1.19381  1.78525  -6.81811  -10.286  1.32974  -0.461581  3.71194  6.38554  0.175824  7.2629  -2.74397  -3.82252  2.45209  -3.46929  1.84826  0.121781  -1.36197  0.63648  2.82754  -11.6049  4.24678  -2.40726  -2.2577  -1.07597  
-1.0026  5.45948  5.25281  -8.22823  -9.65736  3.14037  0.0760008  1.3757  3.88171  0.216222  5.83218  -3.17682  5.14553  0.553853  -1.53972  3.86307  -0.955265  1.70592  1.35245  0.357725  -16.1405  5.20358  -0.813617  -0.598968  0.290836  
-1.64011  7.48051  6.52372  -3.26493  -3.36807  1.48561  1.05823  -1.59192  2.19347  0.935556  1.21316  -3.42956  9.49426  -0.910064  1.05565  4.6052  -1.83185  1.22844  0.601685  -3.10192  -13.054  4.87537  -0.376172  1.14293  2.55561  
-1.87639  6.11277  3.90607  2.63847  7.18665  -4.12558  0.585882  -2.58007  3.9757  1.85227  -6.31307  -2.94837  4.80444  0.50023  1.24884  2.01129  -2.18201  -1.04104  -1.2815  -5.12896  -5.38067  2.988  -1.34438  1.0201  3.16316  
-1.60562  3.4033  -0.620973  2.77455  16.3318  -6.88241  -1.53591  -1.07849  7.26139  1.77867  -12.2599  -1.65365  -3.14944  3.18684  -1.68711  -3.01736  -1.81576  -3.34027  -2.91633  -4.12017  1.40035  0.73515  -2.3461  -0.354797  1.49031  
-0.735207  2.5537  -3.14289  -2.13255  19.1626  -1.68907  -3.39697  1.19624  7.1001  0.15342  -11.3493  -0.170498  -5.71059  3.06544  -4.72664  -6.51725  -0.746357  -4.83637  -2.97961  -0.891003  4.90564  -0.499628  -2.06966  -0.687479  -0.5936  
0.612816  4.48386  -1.80884  -4.70154  15.745  5.86165  -3.16286  2.35025  0.681129  -2.08157  -2.86557  0.754982  -1.27541  -1.29191  -3.6719  -5.1068  0.728023  -4.50192  -1.13802  1.75697  6.86031  -0.707831  -0.720983  0.906578  -0.941325  
1.87889  6.84116  1.55836  -0.532765  10.0033  4.97383  -1.23574  2.06521  -9.35933  -3.26088  8.05428  0.980379  4.14656  -6.00619  2.45049  0.370683  1.98267  -1.41347  1.62016  1.57521  9.54162  -1.04934  0.45998  2.63074  0.48166  
2.28094  6.1951  3.80826  5.86614  4.92263  -6.13712  -0.12072  1.35091  -16.7935  -2.52057  15.017  1.03439  4.90516  -5.50041  9.73698  5.37063  2.31025  3.32365  3.46947  -0.801355  12.2886  -2.15375  0.899597  2.27692  1.63712  
1.52096  1.34859  3.60035  6.8407  -0.0708858  -16.3309  -1.49464  1.11255  -16.7517  -0.381164  15.9595  1.49735  1.26386  0.95877  12.5876  5.92734  1.50077  6.35272  3.03308  -2.45707  12.4803  -3.13223  1.18827  0.159969  0.938301  
0.262833  -5.57336  1.90896  1.48775  -6.43967  -13.871  -3.93204  1.47218  -9.18944  1.88964  13.8603  2.36142  -2.84575  7.71406  8.74597  2.1996  0.221857  5.17127  0.67176  -1.3104  8.87964  -2.53191  1.98569  -1.13349  -0.725725  
-0.392045  -11.3439  0.331141  -3.24124  -12.4462  0.338459  -4.37982  1.96506  1.52437  3.10479  12.1389  2.99977  -4.55096  8.48421  1.08856  -2.12745  -0.468196  0.694465  -1.6032  1.79067  3.21189  -0.0367057  2.8432  0.0150093  -1.02027  
-0.0656162  -14.8747  -0.344033  -1.46995  -13.4288  14.0159  -1.88092  2.01939  10.2217  2.63109  10.4313  2.73935  -2.82083  3.05683  -5.26308  -3.53588  -0.195882  -3.79724  -1.92696  4.22449  -1.91742  3.008  2.68218  2.07413  0.949694  
0.477017  -17.7076  -0.156102  4.45155  -6.7668  16.5062  0.837878  1.10612  14.2329  0.744908  5.60501  1.48231  2.81747  -2.7506  -7.27233  -1.67831  0.318774  -6.02792  -0.336051  4.36711  -5.25797  4.65838  1.20021  2.11082  3.36083  
0.302921  -20.8266  0.528255  7.46036  4.13663  8.12608  0.726827  -0.871695  13.9525  -1.23203  -3.67973  -0.164851  10.869  -3.26353  -5.6218  1.02293  0.178824  -6.18224  1.43074  2.82802  -6.89685  3.74493  -0.646283  -0.596453  3.64354  
-0.466684  -21.6517  1.16206  4.63828  11.7283  -2.22231  -1.47557  -3.07386  10.8789  -1.80067  -14.3084  -1.36668  16.0229  1.52064  -2.98876  1.98254  -0.501955  -5.58995  1.74144  1.22847  -6.50826  0.61919  -1.82319  -3.49814  1.52455  
-0.81964  -16.0439  1.20901  -0.140036  10.5503  -5.57649  -1.74356  -4.08596  5.88077  -0.834663  -20.9535  -1.73922  12.3902  6.1384  -1.47299  0.751355  -0.744192  -5.06543  0.453548  0.469727  -3.36246  -3.05929  -2.41  -3.6216  -0.538053  
-0.239073  -4.26988  0.672352  -2.12079  1.71554  0.406591  2.12059  -3.25656  -0.36427  0.067297  -20.6488  -1.60183  0.337061  4.99509  -1.44608  -0.876029  -0.0646371  -4.7726  -1.29489  0.277768  1.73439  -5.29538  -3.21595  -0.955743  -0.367253  
0.552009  6.36995  0.240006  -1.44801  -8.2927  10.056  7.10454  -1.64839  -5.77985  -0.474726  -14.7729  -1.50745  -11.9191  -2.1761  -1.96444  -0.922656  0.781324  -4.4598  -2.16245  0.0931204  5.62356  -5.01516  -4.34478  1.61828  1.22305  
0.556985  7.38375  0.531577  -1.61017  -12.9595  13.6567  8.19206  -0.965165  -7.17916  -1.51103  -6.86942  -1.51576  -15.8044  -9.87566  -1.73488  0.780201  0.771384  -3.24787  -1.47758  -0.0690007  5.0932  -2.73749  -4.76239  1.6609  1.42334  
-0.119533  -1.56679  1.25071  -3.67575  -10.5792  5.66594  4.73929  -1.50172  -3.04013  -0.582721  0.7383  -1.06335  -11.0403  -11.4529  -0.0658151  2.69688  0.00830732  -0.107251  0.370211  0.214731  0.315763  -0.112584  -3.48885  -0.160463  -0.877623  
-0.416627  -10.9335  1.44448  -4.71539  -4.81017  -8.90023  1.89817  -1.53441  4.20825  2.88518  7.87518  0.297392  -4.94539  -5.15314  2.52351  3.4316  -0.419928  4.45715  2.02414  0.981781  -4.86609  1.37722  -0.914053  -1.05179  -3.49324  
0.18154  -10.5279  0.600949  -2.23348  -0.488629  -17.619  4.47971  0.56708  9.43781  5.90369  14.433  2.10657  -3.1398  3.5005  4.53779  3.04999  0.0400589  7.67398  1.98719  1.56788  -6.55951  1.37852  1.52235  0.612394  -3.51982  
0.873872  -0.223913  -0.735054  1.85155  1.62954  -12.6708  10.677  4.08209  9.12862  4.80331  18.4908  3.21516  -3.14729  6.45939  4.71456  2.36141  0.618054  6.7602  0.0691613  1.32165  -4.77067  0.587636  2.82459  3.48072  -0.738248  
0.62568  10.2845  -1.5542  3.18771  5.64275  0.569846  13.3946  6.19054  4.4551  -0.20126  17.2799  2.9826  1.32919  1.39227  3.13319  1.6271  0.306393  2.22155  -2.00813  0.408665  -3.27078  0.0554934  3.26882  4.72917  2.27806  
-0.349939  12.451  -1.33746  0.620989  14.6795  9.01278  7.97889  4.92821  0.0889543  -4.47718  10.1989  2.10219  11.1469  -5.31286  1.03171  0.369546  -0.657623  -1.91852  -2.10543  -0.221947  -5.33727  0.517782  3.63181  2.95534  3.18891  
-0.769105  7.50079  -0.488989  -1.93409  24.2327  5.94013  -2.52187  1.31545  -0.345839  -3.64339  0.343823  1.95585  19.1821  -5.05413  -0.409343  -1.42367  -0.991978  -1.94392  -0.0535205  0.178937  -9.59312  1.94356  4.01046  -0.607411  2.23755  
0.0634482  3.52588  0.114353  -0.130992  23.7334  -2.1481  -10.6089  -1.60302  2.51671  1.72585  -7.63884  3.03626  17.4919  3.54045  -0.866811  -2.8283  -0.0426768  1.85289  2.04267  1.26488  -10.6185  3.33091  3.67887  -3.47404  1.27186  
1.28021  5.36407  -0.0617289  5.19094  7.61154  -3.52963  -11.8546  -1.80002  5.02841  6.80805  -11.2283  4.20339  6.23256  12.6451  -0.526636  -2.9349  1.26769  5.73273  2.20625  1.87739  -4.18333  3.20611  2.06746  -4.09074  1.26781  
1.46954  9.62141  -0.53387  8.42609  -15.4648  5.54805  -8.30863  0.0596763  4.59812  7.7074  -11.4926  3.7016  -5.89653  13.3064  0.380574  -1.69188  1.50331  6.38996  0.738667  1.27235  7.73973  0.985368  -0.523318  -2.70991  1.70559  
0.38193  9.58486  -0.113003  5.48506  -27.4617  17.1845  -4.83873  1.83443  1.95065  5.07568  -10.8728  0.887148  -10.0955  5.16219  1.39873  0.262425  0.434336  3.98045  -0.68219  -0.101773  17.7631  -1.98373  -3.03557  -0.637669  1.79799  
-0.834694  3.1989  1.79317  -1.26358  -17.8269  20.5252  -3.85773  2.17265  -0.813336  2.40425  -10.2103  -3.0869  -5.91732  -3.60648  1.5662  2.28084  -0.766105  1.12388  -1.43648  -1.0906  19.2941  -3.25891  -4.64674  1.01616  1.37763  
-1.0737  -5.17193  4.0577  -5.15332  5.2302  12.6544  -4.11331  1.41311  -3.18191  1.65502  -8.16758  -6.25074  -0.969111  -5.37129  0.336824  3.74991  -1.00136  -0.168733  -2.31624  -1.04784  12.5622  -1.66803  -5.28447  1.92577  0.60989  
-0.534585  -9.91248  4.60171  -2.39961  21.9583  0.632254  -3.63093  0.558902  -6.21413  1.49375  -3.46342  -7.39504  -2.36408  -0.394622  -1.19862  3.81532  -0.501905  -0.272777  -3.49126  -0.325871  3.94821  1.30922  -5.10338  2.30503  -0.492043  
-0.307224  -9.54637  2.68674  3.57414  19.6475  -6.10155  -2.29074  0.145504  -9.58259  -0.304381  3.06272  -6.76048  -9.1827  4.8166  -0.723102  2.11311  -0.352251  -0.699009  -3.55295  0.383015  -0.59056  2.88972  -3.60117  2.32739  -1.68024  
-0.91324  -6.83883  0.124115  5.76834  3.21297  -4.54621  -1.09664  0.178115  -10.4766  -3.79175  8.87405  -5.40239  -13.6591  4.77327  2.80078  -0.294195  -1.00665  -1.88811  -1.49826  0.820811  -1.03083  1.7888  0.00245815  1.83973  -2.05667  
-1.63181  -4.91361  -0.61128  1.35331  -12.1957  0.915016  -0.259204  0.579088  -6.83038  -6.71952  11.9876  -4.08974  -9.53045  -0.470688  7.19155  -1.36815  -1.66775  -2.61941  1.30192  1.1009  -1.97364  -0.60843  5.07119  0.609795  -0.94601  
-1.38587  -4.4536  0.607075  -5.1204  -16.6921  4.52564  1.02572  1.1423  -0.866483  -6.97787  12.4172  -2.82679  1.56877  -6.49444  8.41841  -0.310676  -1.26071  -1.77759  2.4968  1.22054  -6.17287  -1.84544  8.69057  -1.17923  0.944785  
-0.0779234  -4.30028  1.29217  -6.69354  -12.4933  4.33138  3.123  1.23578  2.67056  -4.49886  11.5048  -1.28757  12.1185  -8.63407  4.45738  1.16622  0.201295  -0.152811  1.90341  1.0589  -10.6806  -0.846033  7.99663  -2.7368  2.08847  
1.21109  -3.61455  -0.474554  -1.57348  -7.31207  1.48047  4.89089  0.353263  2.42426  -0.957951  10.3831  0.4894  16.3765  -5.71742  -2.32711  0.712571  1.49752  0.233485  1.74467  0.7828  -10.07  1.29661  3.6438  -3.11099  1.8263  
1.37485  -2.50676  -3.34471  5.13749  -4.61108  -3.09568  4.7811  -0.76038  2.58944  1.66514  9.24736  1.94042  14.9636  -0.683287  -7.02317  -1.68528  1.48365  -1.30535  3.22831  0.769392  -2.84861  2.57032  -0.253045  -1.96521  0.992795  
0.453119  -1.40639  -4.0613  7.0316  -1.75389  -8.83228  2.63055  -0.0797572  7.36906  2.10302  7.92109  2.471  12.1  1.86872  -6.53259  -3.5403  0.320225  -2.90818  4.29761  1.06825  6.37354  1.8193  -0.767991  0.0521088  0.531194  
-0.476561  -0.620853  -1.3276  2.8888  4.1803  -12.8726  -0.26708  3.67139  14.0745  0.233213  6.41068  2.00252  10.0508  -0.344175  -2.2268  -2.99483  -0.728042  -2.35429  2.27133  1.23213  11.4831  -0.45478  0.0327457  1.76063  0.271103  
-0.495123  -0.68495  2.55752  -2.78172  11.5161  -10.5694  -2.40431  8.87361  14.5037  -2.59437  4.76682  0.986922  7.23145  -4.87606  1.54216  -0.876228  -0.663409  -0.33332  -1.81826  0.927828  10.7183  -2.54311  -2.22702  2.37899  -0.406566  
0.244823  -2.17354  4.15319  -4.98185  15.4383  -0.542508  -3.22981  11.5529  4.15904  -3.80532  2.505  -0.0264922  1.17502  -6.91071  1.48216  0.956817  0.250921  -0.150176  -3.54752  0.456327  7.57973  -2.76141  -7.40551  2.10381  -1.28953  
0.843218  -4.60268  2.45771  -3.06737  12.9015  12.0208  -2.99533  8.86128  -11.365  -1.26359  -1.19882  -0.746699  -7.70957  -4.07182  -1.80088  2.23652  0.927788  -3.40879  -0.542027  0.392986  6.20094  -0.764454  -9.08011  1.78257  -1.43822  
0.707261  -6.37175  -0.566857  -0.505836  5.09997  19.1174  -2.08889  2.03965  -20.906  4.64432  -6.33969  -1.13058  -15.5366  1.21306  -4.58086  4.18797  0.708286  -7.0419  3.8351  0.765678  7.32198  1.97066  -1.52406  1.97534  -0.639086  
0.09889  -6.5492  -2.33557  -0.55751  -4.11646  17.2856  -1.31211  -4.43553  -18.0703  10.8343  -11.2721  -1.22482  -17.8425  4.77604  -3.55496  6.75912  -0.0245852  -6.16153  3.92192  1.00571  8.34326  3.20017  12.3204  2.32183  0.129676  
-0.317613  -6.30765  -1.94104  -2.85323  -10.9315  10.0633  -1.86829  -7.01294  -6.17463  14.086  -13.5456  -1.12272  -13.1296  5.17906  1.1223  7.68709  -0.443985  0.0803354  -1.35576  0.818488  6.81077  1.94459  22.0649  1.91371  0.17434  
-0.216235  -7.29872  -0.270121  -4.1903  -12.7444  3.63992  -4.10551  -6.08728  6.1075  13.8501  -12.1002  -0.951093  -4.4576  4.08829  6.02641  5.10349  -0.206464  6.87245  -6.69528  0.664741  2.47438  -0.442719  19.6803  0.368541  0.210191  
0.183443  -8.73311  1.24371  -2.12838  -8.39646  1.41358  -6.19333  -4.88591  12.3922  12.1818  -8.37004  -0.722292  2.55887  3.00183  7.69407  0.191794  0.323341  8.92651  -6.26485  1.00501  -3.01424  -1.55866  7.23554  -1.54168  1.20971  
0.492535  -7.94555  1.66523  2.52372  0.870304  2.37055  -5.43831  -5.67302  12.1479  10.9909  -4.898  -0.20304  4.48605  1.06379  5.65859  -3.53919  0.611318  6.12309  -0.356548  1.48803  -7.52998  -0.423174  -5.8773  -2.50267  2.71896  
0.550953  -4.72331  0.73195  6.59751  10.6855  2.80632  -1.58519  -7.53738  8.97145  9.96088  -2.75412  0.87154  3.47718  -2.44984  2.43598  -3.90314  0.507653  3.0398  4.98436  1.44235  -9.09936  1.54478  -11.4307  -1.97931  3.1369  
0.431829  -2.97173  -1.25537  7.543  15.3394  -0.978786  2.13564  -7.86473  6.81441  7.47338  -0.91632  2.37327  4.99193  -5.13442  0.680657  -2.05392  0.227611  3.32458  4.76236  0.941309  -6.93035  2.14275  -7.61492  -0.765051  1.71373  
0.220925  -5.53631  -3.53801  5.67965  12.0642  -9.29471  2.81723  -5.32769  7.05518  3.11244  1.69118  3.69768  10.8204  -3.44811  0.733856  -0.569942  -0.0340836  6.08618  0.35303  0.547427  -2.98541  0.719475  1.85546  -0.0614612  -0.359484  
-0.0639601  -8.24247  -5.19485  3.88229  3.90114  -16.9493  2.32559  -1.13245  7.66799  -1.45393  4.07937  4.23836  15.2793  2.66316  0.9337  -0.531431  -0.293869  8.05122  -2.39734  -0.02541  -1.83272  -1.32611  11.4921  -0.137562  -1.4341  
-0.3612  -3.01269  -5.66358  4.77605  -2.72808  -16.3631  5.49812  2.38121  5.35068  -4.03959  4.01069  3.88699  10.6416  8.61804  -0.0997833  -0.935742  -0.598478  7.6839  0.336325  -1.91249  -6.99645  -2.16363  16.8864  -0.195994  -1.33368  
-0.533729  10.9915  -4.91741  7.8331  -3.94085  -5.92157  13.0863  3.76997  -0.435738  -3.93846  1.06837  2.99394  -2.90742  9.8543  -1.91813  -0.588413  -0.841252  5.91332  6.44728  -5.05659  -15.9269  -1.3399  16.2602  0.414995  -1.02354  
-0.485505  22.3208  -3.14781  9.37299  -1.58727  5.84543  18.2589  3.17045  -5.78086  -2.2258  -1.99055  1.92402  -14.6453  6.51515  -2.85088  0.346398  -0.828157  3.74566  10.1034  -6.95304  -20.3581  0.0442158  10.9677  1.23966  -0.912284  
-0.245781  17.4832  -0.574771  5.95286  -0.189995  7.831  12.8291  1.53191  -5.88067  -0.404645  -1.73246  0.795599  -13.0274  2.05256  -1.73275  0.938897  -0.471979  0.990726  7.21076  -4.71385  -13.0838  0.679492  3.92887  1.27337  -0.48293  
0.087833  -3.23996  2.50344  -1.91959  -1.3911  -1.10591  -2.81318  -0.406046  -0.619755  0.948429  2.05113  -0.389116  1.6852  -1.38606  1.02948  0.860729  0.121998  -2.55984  -1.08178  1.39849  4.33752  0.368084  -3.05142  0.327161  0.568373  
